2019-07-16 16:11:20,254.77 M,4.51 G,0.00 B,492.00 B
2019-07-16 16:11:22,254.77 M,4.51 G,0.00 B,540.00 B
2019-07-16 16:11:24,254.77 M,4.51 G,42.00 B,768.00 B
2019-07-16 16:11:26,254.77 M,4.51 G,0.00 B,816.00 B
2019-07-16 16:11:28,254.77 M,4.51 G,0.00 B,324.00 B
2019-07-16 16:11:30,254.77 M,4.51 G,0.00 B,768.00 B
2019-07-16 16:11:32,254.77 M,4.51 G,0.00 B,980.00 B
2019-07-16 16:11:34,254.77 M,4.51 G,3.12 K,6.94 K
2019-07-16 16:11:36,254.77 M,4.51 G,0.00 B,1.18 K
2019-07-16 16:11:38,254.77 M,4.51 G,0.00 B,648.00 B
2019-07-16 16:11:40,254.77 M,4.51 G,0.00 B,708.00 B
2019-07-16 16:11:42,254.77 M,4.51 G,0.00 B,864.00 B
2019-07-16 16:11:44,254.77 M,4.51 G,0.00 B,432.00 B
2019-07-16 16:11:46,254.77 M,4.51 G,0.00 B,384.00 B
2019-07-16 16:11:48,254.77 M,4.51 G,0.00 B,1.11 K
2019-07-16 16:11:50,254.77 M,4.51 G,0.00 B,540.00 B
2019-07-16 16:11:52,254.77 M,4.51 G,0.00 B,660.00 B
2019-07-16 16:11:55,254.77 M,4.51 G,42.00 B,720.00 B
2019-07-16 16:11:57,254.77 M,4.51 G,0.00 B,648.00 B
2019-07-16 16:11:59,254.79 M,4.51 G,14.64 K,666.90 K
2019-07-16 16:12:01,254.79 M,4.51 G,0.00 B,600.00 B
2019-07-16 16:12:03,254.79 M,4.51 G,84.00 B,552.00 B
2019-07-16 16:12:05,254.79 M,4.51 G,0.00 B,1.28 K
2019-07-16 16:12:07,254.79 M,4.51 G,0.00 B,1.32 K
2019-07-16 16:12:09,254.79 M,4.51 G,0.00 B,384.00 B
2019-07-16 16:12:11,254.79 M,4.51 G,0.00 B,228.00 B
2019-07-16 16:12:13,254.79 M,4.51 G,0.00 B,660.00 B
2019-07-16 16:12:15,254.79 M,4.51 G,0.00 B,768.00 B
2019-07-16 16:12:17,254.80 M,4.51 G,12.45 K,681.07 K
2019-07-16 16:12:19,254.80 M,4.51 G,66.00 B,888.00 B
2019-07-16 16:12:21,254.80 M,4.51 G,0.00 B,1.01 K
2019-07-16 16:12:23,254.80 M,4.51 G,0.00 B,708.00 B
2019-07-16 16:12:25,254.80 M,4.51 G,0.00 B,720.00 B
2019-07-16 16:12:27,254.80 M,4.51 G,0.00 B,324.00 B
2019-07-16 16:12:29,254.81 M,4.51 G,8.77 K,482.70 K
2019-07-16 16:12:31,254.81 M,4.51 G,0.00 B,708.00 B
2019-07-16 16:12:33,254.81 M,4.51 G,0.00 B,540.00 B
2019-07-16 16:12:35,254.81 M,4.51 G,0.00 B,1.01 K
2019-07-16 16:12:37,254.81 M,4.51 G,0.00 B,708.00 B
2019-07-16 16:12:39,254.81 M,4.51 G,0.00 B,768.00 B
2019-07-16 16:12:41,254.81 M,4.51 G,0.00 B,492.00 B
2019-07-16 16:12:43,254.81 M,4.51 G,0.00 B,924.00 B
2019-07-16 16:12:45,254.82 M,4.51 G,0.00 B,864.00 B
2019-07-16 16:12:47,254.82 M,4.51 G,0.00 B,876.00 B
2019-07-16 16:12:49,254.82 M,4.51 G,0.00 B,444.00 B
2019-07-16 16:12:51,254.82 M,4.51 G,0.00 B,1.12 K
2019-07-16 16:12:53,254.82 M,4.51 G,42.00 B,660.00 B
2019-07-16 16:12:55,254.82 M,4.51 G,0.00 B,1.05 K
2019-07-16 16:12:57,254.84 M,4.51 G,0.00 B,600.00 B
2019-07-16 16:12:59,254.84 M,4.51 G,204.00 B,366.00 B
2019-07-16 16:13:01,254.84 M,4.51 G,0.00 B,1.17 K
2019-07-16 16:13:03,254.84 M,4.51 G,0.00 B,660.00 B
2019-07-16 16:13:05,254.84 M,4.51 G,0.00 B,944.00 B
2019-07-16 16:13:07,254.85 M,4.51 G,12.38 K,679.51 K
2019-07-16 16:13:09,254.85 M,4.51 G,0.00 B,984.00 B
2019-07-16 16:13:11,254.85 M,4.51 G,0.00 B,612.00 B
2019-07-16 16:13:13,254.85 M,4.51 G,0.00 B,492.00 B
2019-07-16 16:13:15,254.86 M,4.51 G,2.98 K,1.46 K
2019-07-16 16:13:17,254.86 M,4.51 G,0.00 B,444.00 B
2019-07-16 16:13:19,254.86 M,4.51 G,0.00 B,972.00 B
2019-07-16 16:13:21,254.86 M,4.51 G,0.00 B,1.45 K
2019-07-16 16:13:23,254.86 M,4.51 G,0.00 B,624.00 B
2019-07-16 16:13:25,254.87 M,4.51 G,6.94 K,332.67 K
2019-07-16 16:13:27,254.87 M,4.51 G,0.00 B,816.00 B
2019-07-16 16:13:29,254.87 M,4.51 G,0.00 B,600.00 B
2019-07-16 16:13:31,254.87 M,4.51 G,0.00 B,876.00 B
2019-07-16 16:13:33,254.88 M,4.52 G,12.14 K,682.92 K
2019-07-16 16:13:35,254.88 M,4.52 G,0.00 B,600.00 B
2019-07-16 16:13:37,254.88 M,4.52 G,0.00 B,540.00 B
2019-07-16 16:13:39,254.89 M,4.52 G,12.27 K,676.43 K
2019-07-16 16:13:41,254.89 M,4.52 G,0.00 B,756.00 B
2019-07-16 16:13:43,254.89 M,4.52 G,0.00 B,276.00 B
2019-07-16 16:13:45,254.91 M,4.52 G,12.46 K,689.13 K
2019-07-16 16:13:47,254.91 M,4.52 G,0.00 B,876.00 B
2019-07-16 16:13:49,254.91 M,4.52 G,0.00 B,1.11 K
2019-07-16 16:13:51,254.91 M,4.52 G,0.00 B,768.00 B
2019-07-16 16:13:53,254.91 M,4.52 G,0.00 B,0.00 B
2019-07-16 16:13:55,254.91 M,4.52 G,0.00 B,648.00 B
2019-07-16 16:13:57,254.92 M,4.52 G,3.92 K,70.78 K
2019-07-16 16:13:59,254.92 M,4.52 G,0.00 B,1.61 K
2019-07-16 16:14:01,254.92 M,4.52 G,0.00 B,13.01 K
2019-07-16 16:14:03,254.92 M,4.52 G,0.00 B,1.54 K
2019-07-16 16:14:05,254.92 M,4.52 G,84.00 B,768.00 B
2019-07-16 16:14:07,254.93 M,4.52 G,12.22 K,680.94 K
2019-07-16 16:14:09,254.93 M,4.52 G,0.00 B,708.00 B
2019-07-16 16:14:11,254.93 M,4.52 G,0.00 B,600.00 B
2019-07-16 16:14:13,254.93 M,4.52 G,0.00 B,1.01 K
2019-07-16 16:14:15,254.93 M,4.52 G,0.00 B,540.00 B
2019-07-16 16:14:17,254.93 M,4.52 G,0.00 B,540.00 B
2019-07-16 16:14:19,254.93 M,4.52 G,0.00 B,1.24 K
2019-07-16 16:14:21,254.94 M,4.52 G,12.21 K,680.43 K
2019-07-16 16:14:23,254.94 M,4.52 G,0.00 B,276.00 B
2019-07-16 16:14:25,254.94 M,4.52 G,0.00 B,984.00 B
2019-07-16 16:14:27,254.94 M,4.52 G,0.00 B,1.04 K
2019-07-16 16:14:29,254.94 M,4.52 G,0.00 B,1.01 K
2019-07-16 16:14:31,254.94 M,4.52 G,0.00 B,924.00 B
2019-07-16 16:14:33,254.95 M,4.52 G,11.66 K,668.75 K
2019-07-16 16:14:35,254.95 M,4.52 G,42.00 B,636.00 B
2019-07-16 16:14:37,254.95 M,4.52 G,0.00 B,1.12 K
2019-07-16 16:14:39,254.95 M,4.52 G,0.00 B,816.00 B
2019-07-16 16:14:41,254.95 M,4.52 G,0.00 B,936.00 B
2019-07-16 16:14:43,254.97 M,4.52 G,12.08 K,674.25 K
2019-07-16 16:14:45,254.97 M,4.52 G,0.00 B,552.00 B
2019-07-16 16:14:47,254.97 M,4.52 G,0.00 B,1.05 K
2019-07-16 16:14:49,254.98 M,4.52 G,11.64 K,675.86 K
2019-07-16 16:14:51,254.98 M,4.52 G,0.00 B,600.00 B
2019-07-16 16:14:54,254.98 M,4.52 G,0.00 B,1.17 K
2019-07-16 16:14:56,254.99 M,4.52 G,11.90 K,706.96 K
2019-07-16 16:14:58,254.99 M,4.52 G,0.00 B,984.00 B
2019-07-16 16:15:00,254.99 M,4.52 G,0.00 B,660.00 B
2019-07-16 16:15:02,254.99 M,4.52 G,204.00 B,9.87 K
2019-07-16 16:15:04,254.99 M,4.52 G,0.00 B,600.00 B
2019-07-16 16:15:06,254.99 M,4.52 G,0.00 B,924.00 B
2019-07-16 16:15:08,255.00 M,4.52 G,0.00 B,828.00 B
2019-07-16 16:15:10,255.00 M,4.52 G,0.00 B,732.00 B
2019-07-16 16:15:12,255.00 M,4.52 G,0.00 B,1.08 K
2019-07-16 16:15:14,255.00 M,4.52 G,0.00 B,876.00 B
2019-07-16 16:15:16,255.00 M,4.52 G,0.00 B,768.00 B
2019-07-16 16:15:18,255.03 M,4.52 G,0.00 B,324.00 B
2019-07-16 16:15:20,255.03 M,4.52 G,0.00 B,828.00 B
2019-07-16 16:15:22,255.03 M,4.52 G,42.00 B,936.00 B
2019-07-16 16:15:24,255.03 M,4.52 G,0.00 B,600.00 B
2019-07-16 16:15:26,255.03 M,4.52 G,0.00 B,648.00 B
2019-07-16 16:15:28,255.04 M,4.52 G,13.13 K,680.71 K
2019-07-16 16:15:30,255.04 M,4.52 G,0.00 B,708.00 B
2019-07-16 16:15:32,255.04 M,4.52 G,0.00 B,720.00 B
2019-07-16 16:15:34,255.04 M,4.52 G,0.00 B,876.00 B
2019-07-16 16:15:36,255.04 M,4.52 G,0.00 B,564.00 B
2019-07-16 16:15:38,255.04 M,4.52 G,0.00 B,552.00 B
2019-07-16 16:15:40,255.04 M,4.52 G,0.00 B,840.00 B
2019-07-16 16:15:42,255.05 M,4.52 G,0.00 B,720.00 B
2019-07-16 16:15:44,255.05 M,4.52 G,0.00 B,492.00 B
2019-07-16 16:15:46,255.05 M,4.52 G,0.00 B,864.00 B
2019-07-16 16:15:48,255.05 M,4.52 G,0.00 B,756.00 B
2019-07-16 16:15:50,255.05 M,4.52 G,0.00 B,108.00 B
2019-07-16 16:15:52,255.06 M,4.52 G,0.00 B,756.00 B
2019-07-16 16:15:54,255.06 M,4.52 G,0.00 B,1.38 K
2019-07-16 16:15:56,255.06 M,4.52 G,0.00 B,708.00 B
2019-07-16 16:15:58,255.06 M,4.52 G,0.00 B,864.00 B
2019-07-16 16:16:00,255.06 M,4.52 G,0.00 B,708.00 B
2019-07-16 16:16:02,255.06 M,4.52 G,0.00 B,708.00 B
2019-07-16 16:16:04,255.07 M,4.53 G,0.00 B,984.00 B
2019-07-16 16:16:06,255.07 M,4.53 G,0.00 B,660.00 B
2019-07-16 16:16:08,255.07 M,4.53 G,84.00 B,1.03 K
2019-07-16 16:16:10,255.07 M,4.53 G,0.00 B,996.00 B
2019-07-16 16:16:12,255.07 M,4.53 G,0.00 B,888.00 B
2019-07-16 16:16:14,255.07 M,4.53 G,0.00 B,864.00 B
2019-07-16 16:16:16,255.08 M,4.53 G,1.61 K,68.77 K
2019-07-16 16:16:18,255.09 M,4.53 G,0.00 B,1.16 K
2019-07-16 16:16:20,255.09 M,4.53 G,0.00 B,324.00 B
2019-07-16 16:16:22,255.09 M,4.53 G,0.00 B,324.00 B
2019-07-16 16:16:24,255.09 M,4.53 G,0.00 B,228.00 B
2019-07-16 16:16:26,255.10 M,4.53 G,0.00 B,708.00 B
2019-07-16 16:16:28,255.10 M,4.53 G,0.00 B,768.00 B
2019-07-16 16:16:30,255.10 M,4.53 G,0.00 B,540.00 B
2019-07-16 16:16:32,255.10 M,4.53 G,0.00 B,648.00 B
2019-07-16 16:16:34,255.11 M,4.53 G,12.35 K,673.20 K
2019-07-16 16:16:36,255.11 M,4.53 G,0.00 B,936.00 B
2019-07-16 16:16:38,255.11 M,4.53 G,0.00 B,816.00 B
2019-07-16 16:16:40,255.11 M,4.53 G,0.00 B,891.00 B
2019-07-16 16:16:42,255.11 M,4.53 G,0.00 B,348.00 B
2019-07-16 16:16:44,255.11 M,4.53 G,0.00 B,1.01 K
2019-07-16 16:16:46,255.12 M,4.53 G,4.85 K,168.34 K
2019-07-16 16:16:48,255.12 M,4.53 G,0.00 B,120.00 B
2019-07-16 16:16:50,255.12 M,4.53 G,0.00 B,1.43 K
2019-07-16 16:16:52,255.12 M,4.53 G,0.00 B,1.37 K
2019-07-16 16:16:54,255.12 M,4.53 G,0.00 B,915.00 B
2019-07-16 16:16:56,255.12 M,4.53 G,0.00 B,564.00 B
2019-07-16 16:16:58,255.13 M,4.53 G,0.00 B,1.34 K
2019-07-16 16:17:00,255.14 M,4.53 G,0.00 B,552.00 B
2019-07-16 16:17:02,255.14 M,4.53 G,193.00 B,1.39 K
2019-07-16 16:17:04,255.14 M,4.53 G,204.00 B,786.00 B
2019-07-16 16:17:06,255.14 M,4.53 G,42.00 B,1.03 K
2019-07-16 16:17:08,255.14 M,4.53 G,0.00 B,336.00 B
2019-07-16 16:17:10,255.15 M,4.53 G,12.37 K,678.74 K
2019-07-16 16:17:12,255.15 M,4.53 G,0.00 B,708.00 B
2019-07-16 16:17:14,255.15 M,4.53 G,4.68 K,4.94 K
2019-07-16 16:17:16,255.15 M,4.53 G,0.00 B,768.00 B
2019-07-16 16:17:18,255.15 M,4.53 G,0.00 B,936.00 B
2019-07-16 16:17:20,255.15 M,4.53 G,0.00 B,528.00 B
2019-07-16 16:17:22,255.17 M,4.53 G,3.31 K,22.07 K
2019-07-16 16:17:24,255.17 M,4.53 G,0.00 B,1.05 K
2019-07-16 16:17:26,255.17 M,4.53 G,0.00 B,660.00 B
2019-07-16 16:17:28,255.17 M,4.53 G,0.00 B,648.00 B
2019-07-16 16:17:30,255.17 M,4.53 G,0.00 B,600.00 B
2019-07-16 16:17:32,255.18 M,4.53 G,0.00 B,540.00 B
2019-07-16 16:17:34,255.18 M,4.53 G,0.00 B,540.00 B
2019-07-16 16:17:36,255.18 M,4.53 G,0.00 B,1.38 K
2019-07-16 16:17:38,255.18 M,4.53 G,0.00 B,816.00 B
2019-07-16 16:17:40,255.19 M,4.53 G,11.95 K,683.45 K
2019-07-16 16:17:42,255.19 M,4.53 G,0.00 B,936.00 B
2019-07-16 16:17:44,255.19 M,4.53 G,0.00 B,924.00 B
2019-07-16 16:17:46,255.19 M,4.53 G,0.00 B,552.00 B
2019-07-16 16:17:48,255.19 M,4.53 G,3.93 K,276.30 K
2019-07-16 16:17:50,255.20 M,4.53 G,0.00 B,1.16 K
2019-07-16 16:17:53,255.20 M,4.53 G,0.00 B,612.00 B
2019-07-16 16:17:55,255.20 M,4.53 G,0.00 B,1.05 K
2019-07-16 16:17:57,255.20 M,4.53 G,0.00 B,984.00 B
2019-07-16 16:17:59,255.21 M,4.53 G,3.09 K,5.54 K
2019-07-16 16:18:01,255.21 M,4.53 G,0.00 B,384.00 B
2019-07-16 16:18:03,255.21 M,4.53 G,0.00 B,1.12 K
2019-07-16 16:18:05,255.21 M,4.53 G,0.00 B,936.00 B
2019-07-16 16:18:07,255.21 M,4.53 G,0.00 B,276.00 B
2019-07-16 16:18:09,255.21 M,4.53 G,1.33 K,35.81 K
2019-07-16 16:18:11,255.22 M,4.53 G,84.00 B,1.41 K
2019-07-16 16:18:13,255.22 M,4.53 G,0.00 B,444.00 B
2019-07-16 16:18:15,255.22 M,4.53 G,0.00 B,600.00 B
2019-07-16 16:18:17,255.22 M,4.53 G,0.00 B,540.00 B
2019-07-16 16:18:19,255.22 M,4.53 G,0.00 B,324.00 B
2019-07-16 16:18:21,255.24 M,4.53 G,0.00 B,384.00 B
2019-07-16 16:18:23,255.24 M,4.53 G,0.00 B,336.00 B
2019-07-16 16:18:25,255.24 M,4.53 G,0.00 B,1.11 K
2019-07-16 16:18:27,255.24 M,4.53 G,0.00 B,708.00 B
2019-07-16 16:18:29,255.24 M,4.53 G,0.00 B,540.00 B
2019-07-16 16:18:31,255.24 M,4.53 G,0.00 B,324.00 B
2019-07-16 16:18:33,255.25 M,4.53 G,0.00 B,0.00 B
2019-07-16 16:18:35,255.25 M,4.53 G,0.00 B,864.00 B
2019-07-16 16:18:37,255.25 M,4.53 G,0.00 B,675.00 B
2019-07-16 16:18:39,255.25 M,4.53 G,0.00 B,915.00 B
2019-07-16 16:18:41,255.25 M,4.53 G,42.00 B,720.00 B
2019-07-16 16:18:43,255.26 M,4.54 G,0.00 B,1.02 K
2019-07-16 16:18:45,255.26 M,4.54 G,0.00 B,768.00 B
2019-07-16 16:18:47,255.26 M,4.54 G,0.00 B,276.00 B
2019-07-16 16:18:49,255.26 M,4.54 G,0.00 B,972.00 B
2019-07-16 16:18:51,255.27 M,4.54 G,0.00 B,996.00 B
2019-07-16 16:18:53,255.27 M,4.54 G,0.00 B,648.00 B
2019-07-16 16:18:55,255.27 M,4.54 G,0.00 B,612.00 B
2019-07-16 16:18:57,255.27 M,4.54 G,0.00 B,984.00 B
2019-07-16 16:18:59,255.27 M,4.54 G,0.00 B,903.00 B
2019-07-16 16:19:01,255.28 M,4.54 G,0.00 B,13.41 K
2019-07-16 16:19:03,255.28 M,4.54 G,0.00 B,783.00 B
2019-07-16 16:19:05,255.28 M,4.54 G,0.00 B,384.00 B
2019-07-16 16:19:07,255.30 M,4.54 G,12.42 K,655.93 K
2019-07-16 16:19:09,255.30 M,4.54 G,0.00 B,1.16 K
2019-07-16 16:19:11,255.30 M,4.54 G,0.00 B,735.00 B
2019-07-16 16:19:13,255.30 M,4.54 G,42.00 B,1.03 K
2019-07-16 16:19:15,255.31 M,4.54 G,12.33 K,678.05 K
2019-07-16 16:19:17,255.31 M,4.54 G,0.00 B,1.19 K
2019-07-16 16:19:19,255.31 M,4.54 G,0.00 B,1.21 K
2019-07-16 16:19:21,255.31 M,4.54 G,0.00 B,540.00 B
2019-07-16 16:19:23,255.31 M,4.54 G,0.00 B,1.44 K
2019-07-16 16:19:25,255.31 M,4.54 G,0.00 B,675.00 B
2019-07-16 16:19:27,255.31 M,4.54 G,2.77 K,132.88 K
2019-07-16 16:19:29,255.32 M,4.54 G,0.00 B,756.00 B
2019-07-16 16:19:31,255.32 M,4.54 G,0.00 B,432.00 B
2019-07-16 16:19:33,255.32 M,4.54 G,0.00 B,756.00 B
2019-07-16 16:19:35,255.32 M,4.54 G,0.00 B,1.27 K
2019-07-16 16:19:37,255.32 M,4.54 G,0.00 B,432.00 B
2019-07-16 16:19:39,255.33 M,4.54 G,0.00 B,540.00 B
2019-07-16 16:19:41,255.33 M,4.54 G,0.00 B,864.00 B
2019-07-16 16:19:43,255.33 M,4.54 G,0.00 B,920.00 B
2019-07-16 16:19:45,255.33 M,4.54 G,0.00 B,228.00 B
2019-07-16 16:19:47,255.33 M,4.54 G,0.00 B,1.14 K
2019-07-16 16:19:49,255.33 M,4.54 G,0.00 B,768.00 B
2019-07-16 16:19:51,255.35 M,4.54 G,10.77 K,568.64 K
2019-07-16 16:19:53,255.35 M,4.54 G,0.00 B,876.00 B
2019-07-16 16:19:55,255.35 M,4.54 G,0.00 B,1.01 K
2019-07-16 16:19:57,255.35 M,4.54 G,0.00 B,600.00 B
2019-07-16 16:19:59,255.35 M,4.54 G,0.00 B,108.00 B
2019-07-16 16:20:01,255.35 M,4.54 G,228.00 B,13.81 K
2019-07-16 16:20:03,255.35 M,4.54 G,54.00 B,567.00 B
2019-07-16 16:20:05,255.36 M,4.54 G,8.93 K,506.33 K
2019-07-16 16:20:07,255.36 M,4.54 G,0.00 B,1.22 K
2019-07-16 16:20:09,255.36 M,4.54 G,0.00 B,1.14 K
2019-07-16 16:20:11,255.36 M,4.54 G,0.00 B,276.00 B
2019-07-16 16:20:13,255.36 M,4.54 G,42.00 B,384.00 B
2019-07-16 16:20:15,255.36 M,4.54 G,0.00 B,648.00 B
2019-07-16 16:20:17,255.37 M,4.54 G,13.19 K,692.89 K
2019-07-16 16:20:19,255.37 M,4.54 G,0.00 B,1.08 K
2019-07-16 16:20:21,255.37 M,4.54 G,0.00 B,984.00 B
2019-07-16 16:20:23,255.37 M,4.54 G,0.00 B,492.00 B
2019-07-16 16:20:25,255.37 M,4.54 G,0.00 B,1.17 K
2019-07-16 16:20:27,255.37 M,4.54 G,0.00 B,384.00 B
2019-07-16 16:20:29,255.38 M,4.54 G,11.20 K,664.47 K
2019-07-16 16:20:31,255.38 M,4.54 G,0.00 B,552.00 B
2019-07-16 16:20:33,255.38 M,4.54 G,0.00 B,1.32 K
2019-07-16 16:20:35,255.38 M,4.54 G,0.00 B,519.00 B
2019-07-16 16:20:37,255.38 M,4.54 G,0.00 B,540.00 B
2019-07-16 16:20:39,255.39 M,4.54 G,0.00 B,216.00 B
2019-07-16 16:20:41,255.39 M,4.54 G,0.00 B,732.00 B
2019-07-16 16:20:43,255.39 M,4.54 G,0.00 B,324.00 B
2019-07-16 16:20:46,255.39 M,4.54 G,0.00 B,1.17 K
2019-07-16 16:20:48,255.39 M,4.54 G,0.00 B,552.00 B
2019-07-16 16:20:50,255.39 M,4.54 G,0.00 B,1011.00 B
2019-07-16 16:20:52,255.41 M,4.54 G,4.65 K,115.69 K
2019-07-16 16:20:54,255.41 M,4.54 G,0.00 B,228.00 B
2019-07-16 16:20:56,255.41 M,4.54 G,0.00 B,288.00 B
2019-07-16 16:20:58,255.41 M,4.54 G,0.00 B,432.00 B
2019-07-16 16:21:00,255.41 M,4.54 G,0.00 B,648.00 B
2019-07-16 16:21:02,255.41 M,4.54 G,0.00 B,14.07 K
2019-07-16 16:21:04,255.42 M,4.54 G,0.00 B,324.00 B
2019-07-16 16:21:06,255.42 M,4.54 G,0.00 B,776.00 B
2019-07-16 16:21:08,255.42 M,4.54 G,0.00 B,756.00 B
2019-07-16 16:21:10,255.42 M,4.54 G,204.00 B,1.15 K
2019-07-16 16:21:12,255.42 M,4.54 G,0.00 B,444.00 B
2019-07-16 16:21:14,255.42 M,4.54 G,0.00 B,1.05 K
2019-07-16 16:21:16,255.43 M,4.54 G,10.37 K,568.11 K
2019-07-16 16:21:18,255.43 M,4.54 G,0.00 B,648.00 B
2019-07-16 16:21:20,255.43 M,4.54 G,0.00 B,1.22 K
2019-07-16 16:21:22,255.43 M,4.54 G,0.00 B,324.00 B
2019-07-16 16:21:24,255.43 M,4.54 G,0.00 B,1.11 K
2019-07-16 16:21:26,255.43 M,4.54 G,0.00 B,492.00 B
2019-07-16 16:21:28,255.44 M,4.55 G,0.00 B,1.22 K
2019-07-16 16:21:30,255.44 M,4.55 G,0.00 B,216.00 B
2019-07-16 16:21:32,255.44 M,4.55 G,0.00 B,756.00 B
2019-07-16 16:21:34,255.44 M,4.55 G,0.00 B,972.00 B
2019-07-16 16:21:36,255.44 M,4.55 G,0.00 B,600.00 B
2019-07-16 16:21:38,255.44 M,4.55 G,0.00 B,552.00 B
2019-07-16 16:21:40,255.45 M,4.55 G,11.84 K,682.42 K
2019-07-16 16:21:42,255.45 M,4.55 G,0.00 B,996.00 B
2019-07-16 16:21:44,255.45 M,4.55 G,0.00 B,552.00 B
2019-07-16 16:21:46,255.45 M,4.55 G,0.00 B,1.17 K
2019-07-16 16:21:48,255.45 M,4.55 G,0.00 B,600.00 B
2019-07-16 16:21:50,255.45 M,4.55 G,0.00 B,492.00 B
2019-07-16 16:21:52,255.47 M,4.55 G,0.00 B,384.00 B
2019-07-16 16:21:54,255.47 M,4.55 G,0.00 B,708.00 B
2019-07-16 16:21:56,255.47 M,4.55 G,0.00 B,384.00 B
2019-07-16 16:21:58,255.47 M,4.55 G,0.00 B,648.00 B
2019-07-16 16:22:00,255.47 M,4.55 G,0.00 B,1.32 K
2019-07-16 16:22:02,255.48 M,4.55 G,11.89 K,683.55 K
2019-07-16 16:22:04,255.48 M,4.55 G,0.00 B,972.00 B
2019-07-16 16:22:06,255.48 M,4.55 G,0.00 B,708.00 B
2019-07-16 16:22:08,255.48 M,4.55 G,0.00 B,972.00 B
2019-07-16 16:22:10,255.48 M,4.55 G,0.00 B,492.00 B
2019-07-16 16:22:12,255.48 M,4.55 G,0.00 B,1.01 K
2019-07-16 16:22:14,255.49 M,4.55 G,12.20 K,679.13 K
2019-07-16 16:22:16,255.49 M,4.55 G,0.00 B,1.11 K
2019-07-16 16:22:18,255.49 M,4.55 G,0.00 B,948.00 B
2019-07-16 16:22:20,255.49 M,4.55 G,0.00 B,1.01 K
2019-07-16 16:22:22,255.49 M,4.55 G,0.00 B,660.00 B
2019-07-16 16:22:24,255.50 M,4.55 G,6.96 K,533.25 K
2019-07-16 16:22:26,255.50 M,4.55 G,0.00 B,1.08 K
2019-07-16 16:22:28,255.50 M,4.55 G,0.00 B,216.00 B
2019-07-16 16:22:30,255.50 M,4.55 G,0.00 B,1.05 K
2019-07-16 16:22:32,255.50 M,4.55 G,0.00 B,924.00 B
2019-07-16 16:22:34,255.50 M,4.55 G,0.00 B,648.00 B
2019-07-16 16:22:36,255.50 M,4.55 G,0.00 B,876.00 B
2019-07-16 16:22:38,255.51 M,4.55 G,11.43 K,673.90 K
2019-07-16 16:22:40,255.51 M,4.55 G,0.00 B,924.00 B
2019-07-16 16:22:42,255.51 M,4.55 G,0.00 B,1.08 K
2019-07-16 16:22:44,255.51 M,4.55 G,0.00 B,1.02 K
2019-07-16 16:22:46,255.51 M,4.55 G,0.00 B,552.00 B
2019-07-16 16:22:48,255.51 M,4.55 G,0.00 B,864.00 B
2019-07-16 16:22:50,255.53 M,4.55 G,12.32 K,685.32 K
2019-07-16 16:22:52,255.53 M,4.55 G,0.00 B,1.01 K
2019-07-16 16:22:54,255.53 M,4.55 G,0.00 B,708.00 B
2019-07-16 16:22:56,255.53 M,4.55 G,0.00 B,1.02 K
2019-07-16 16:22:58,255.53 M,4.55 G,0.00 B,972.00 B
2019-07-16 16:23:00,255.53 M,4.55 G,6.38 K,441.31 K
2019-07-16 16:23:02,255.54 M,4.55 G,0.00 B,660.00 B
2019-07-16 16:23:04,255.54 M,4.55 G,0.00 B,888.00 B
2019-07-16 16:23:06,255.54 M,4.55 G,0.00 B,1.34 K
2019-07-16 16:23:08,255.54 M,4.55 G,0.00 B,504.00 B
2019-07-16 16:23:10,255.54 M,4.55 G,0.00 B,600.00 B
2019-07-16 16:23:12,255.55 M,4.55 G,0.00 B,552.00 B
2019-07-16 16:23:14,255.55 M,4.55 G,0.00 B,1.12 K
2019-07-16 16:23:16,255.55 M,4.55 G,42.00 B,552.00 B
2019-07-16 16:23:18,255.55 M,4.55 G,84.00 B,552.00 B
2019-07-16 16:23:20,255.55 M,4.55 G,0.00 B,936.00 B
2019-07-16 16:23:22,255.56 M,4.55 G,12.66 K,682.37 K
2019-07-16 16:23:24,255.56 M,4.55 G,0.00 B,1.17 K
2019-07-16 16:23:26,255.56 M,4.55 G,0.00 B,660.00 B
2019-07-16 16:23:28,255.56 M,4.55 G,0.00 B,1.07 K
2019-07-16 16:23:30,255.56 M,4.55 G,0.00 B,876.00 B
2019-07-16 16:23:32,255.56 M,4.55 G,0.00 B,1.44 K
2019-07-16 16:23:34,255.56 M,4.55 G,0.00 B,504.00 B
2019-07-16 16:23:36,255.58 M,4.55 G,0.00 B,384.00 B
2019-07-16 16:23:38,255.58 M,4.55 G,0.00 B,1.02 K
2019-07-16 16:23:41,255.58 M,4.55 G,0.00 B,924.00 B
2019-07-16 16:23:43,255.58 M,4.55 G,0.00 B,600.00 B
2019-07-16 16:23:45,255.58 M,4.55 G,0.00 B,768.00 B
2019-07-16 16:23:47,255.58 M,4.55 G,0.00 B,1.17 K
2019-07-16 16:23:49,255.58 M,4.55 G,0.00 B,276.00 B
2019-07-16 16:23:51,255.58 M,4.55 G,0.00 B,552.00 B
2019-07-16 16:23:53,255.58 M,4.55 G,0.00 B,768.00 B
2019-07-16 16:23:55,255.59 M,4.55 G,12.55 K,694.29 K
2019-07-16 16:23:57,255.59 M,4.55 G,0.00 B,816.00 B
2019-07-16 16:23:59,255.59 M,4.55 G,0.00 B,708.00 B
2019-07-16 16:24:01,255.59 M,4.55 G,0.00 B,3.06 K
2019-07-16 16:24:03,255.59 M,4.55 G,0.00 B,444.00 B
2019-07-16 16:24:05,255.59 M,4.55 G,0.00 B,768.00 B
2019-07-16 16:24:07,255.59 M,4.55 G,0.00 B,888.00 B
2019-07-16 16:24:09,255.59 M,4.55 G,0.00 B,552.00 B
2019-07-16 16:24:11,255.59 M,4.55 G,0.00 B,660.00 B
2019-07-16 16:24:13,255.59 M,4.55 G,6.83 K,472.44 K
2019-07-16 16:24:15,255.60 M,4.55 G,204.00 B,786.00 B
2019-07-16 16:24:17,255.60 M,4.55 G,42.00 B,288.00 B
2019-07-16 16:24:19,255.60 M,4.55 G,0.00 B,924.00 B
2019-07-16 16:24:21,255.60 M,4.55 G,0.00 B,324.00 B
2019-07-16 16:24:23,255.60 M,4.55 G,0.00 B,660.00 B
2019-07-16 16:24:25,255.60 M,4.55 G,0.00 B,444.00 B
2019-07-16 16:24:27,255.60 M,4.55 G,0.00 B,1.23 K
2019-07-16 16:24:29,255.61 M,4.55 G,0.00 B,492.00 B
2019-07-16 16:24:31,255.61 M,4.55 G,0.00 B,972.00 B
2019-07-16 16:24:33,255.61 M,4.55 G,0.00 B,1.27 K
2019-07-16 16:24:35,255.62 M,4.55 G,11.44 K,658.11 K
2019-07-16 16:24:37,255.62 M,4.55 G,0.00 B,756.00 B
2019-07-16 16:24:39,255.62 M,4.55 G,0.00 B,816.00 B
2019-07-16 16:24:41,255.62 M,4.55 G,0.00 B,384.00 B
2019-07-16 16:24:43,255.62 M,4.55 G,0.00 B,1.28 K
2019-07-16 16:24:45,255.63 M,4.56 G,10.12 K,598.59 K
2019-07-16 16:24:47,255.63 M,4.56 G,0.00 B,288.00 B
2019-07-16 16:24:49,255.63 M,4.56 G,42.00 B,348.00 B
2019-07-16 16:24:51,255.63 M,4.56 G,0.00 B,708.00 B
2019-07-16 16:24:53,255.63 M,4.56 G,0.00 B,756.00 B
2019-07-16 16:24:55,255.63 M,4.56 G,0.00 B,828.00 B
2019-07-16 16:24:57,255.63 M,4.56 G,0.00 B,768.00 B
2019-07-16 16:24:59,255.65 M,4.56 G,0.00 B,984.00 B
2019-07-16 16:25:01,255.65 M,4.56 G,0.00 B,9.45 K
2019-07-16 16:25:03,255.65 M,4.56 G,0.00 B,108.00 B
2019-07-16 16:25:05,255.65 M,4.56 G,0.00 B,552.00 B
2019-07-16 16:25:07,255.65 M,4.56 G,0.00 B,600.00 B
2019-07-16 16:25:09,255.65 M,4.56 G,0.00 B,780.00 B
2019-07-16 16:25:11,255.66 M,4.56 G,11.78 K,679.08 K
2019-07-16 16:25:13,255.66 M,4.56 G,0.00 B,504.00 B
2019-07-16 16:25:15,255.66 M,4.56 G,0.00 B,756.00 B
2019-07-16 16:25:17,255.66 M,4.56 G,0.00 B,876.00 B
2019-07-16 16:25:19,255.66 M,4.56 G,0.00 B,216.00 B
2019-07-16 16:25:21,255.66 M,4.56 G,84.00 B,720.00 B
2019-07-16 16:25:23,255.66 M,4.56 G,0.00 B,444.00 B
2019-07-16 16:25:25,255.67 M,4.56 G,6.78 K,309.45 K
2019-07-16 16:25:27,255.67 M,4.56 G,0.00 B,864.00 B
2019-07-16 16:25:29,255.67 M,4.56 G,0.00 B,708.00 B
2019-07-16 16:25:31,255.67 M,4.56 G,0.00 B,660.00 B
2019-07-16 16:25:33,255.67 M,4.56 G,0.00 B,324.00 B
2019-07-16 16:25:35,255.68 M,4.56 G,0.00 B,600.00 B
2019-07-16 16:25:37,255.68 M,4.56 G,0.00 B,612.00 B
2019-07-16 16:25:39,255.68 M,4.56 G,0.00 B,1.16 K
2019-07-16 16:25:41,255.68 M,4.56 G,0.00 B,432.00 B
2019-07-16 16:25:43,255.70 M,4.56 G,12.12 K,683.25 K
2019-07-16 16:25:45,255.70 M,4.56 G,0.00 B,756.00 B
2019-07-16 16:25:47,255.70 M,4.56 G,0.00 B,552.00 B
2019-07-16 16:25:49,255.70 M,4.56 G,0.00 B,672.00 B
2019-07-16 16:25:51,255.70 M,4.56 G,42.00 B,876.00 B
2019-07-16 16:25:53,255.70 M,4.56 G,5.54 K,368.61 K
2019-07-16 16:25:55,255.71 M,4.56 G,0.00 B,828.00 B
2019-07-16 16:25:57,255.71 M,4.56 G,0.00 B,768.00 B
2019-07-16 16:25:59,255.71 M,4.56 G,0.00 B,708.00 B
2019-07-16 16:26:01,255.71 M,4.56 G,0.00 B,12.86 K
2019-07-16 16:26:03,255.71 M,4.56 G,0.00 B,924.00 B
2019-07-16 16:26:05,255.72 M,4.56 G,12.66 K,690.85 K
2019-07-16 16:26:07,255.72 M,4.56 G,0.00 B,216.00 B
2019-07-16 16:26:09,255.72 M,4.56 G,0.00 B,1.34 K
2019-07-16 16:26:11,255.72 M,4.56 G,0.00 B,768.00 B
2019-07-16 16:26:13,255.72 M,4.56 G,0.00 B,168.00 B
2019-07-16 16:26:15,255.72 M,4.56 G,1.16 K,27.28 K
2019-07-16 16:26:17,255.73 M,4.56 G,204.00 B,582.00 B
2019-07-16 16:26:19,255.73 M,4.56 G,42.00 B,1.12 K
2019-07-16 16:26:21,255.73 M,4.56 G,0.00 B,540.00 B
2019-07-16 16:26:23,255.73 M,4.56 G,0.00 B,492.00 B
2019-07-16 16:26:25,255.75 M,4.56 G,12.32 K,682.36 K
2019-07-16 16:26:27,255.75 M,4.56 G,0.00 B,216.00 B
2019-07-16 16:26:29,255.75 M,4.56 G,0.00 B,768.00 B
2019-07-16 16:26:31,255.75 M,4.56 G,0.00 B,600.00 B
2019-07-16 16:26:33,255.75 M,4.56 G,0.00 B,648.00 B
2019-07-16 16:26:35,255.76 M,4.56 G,10.54 K,612.78 K
2019-07-16 16:26:37,255.76 M,4.56 G,0.00 B,660.00 B
2019-07-16 16:26:39,255.76 M,4.56 G,0.00 B,816.00 B
2019-07-16 16:26:42,255.76 M,4.56 G,0.00 B,936.00 B
2019-07-16 16:26:44,255.77 M,4.56 G,11.97 K,704.10 K
2019-07-16 16:26:46,255.77 M,4.56 G,0.00 B,492.00 B
2019-07-16 16:26:48,255.77 M,4.56 G,0.00 B,864.00 B
2019-07-16 16:26:50,255.77 M,4.56 G,0.00 B,600.00 B
2019-07-16 16:26:52,255.77 M,4.56 G,42.00 B,708.00 B
2019-07-16 16:26:54,255.77 M,4.56 G,0.00 B,1.05 K
2019-07-16 16:26:56,255.77 M,4.56 G,0.00 B,1.05 K
2019-07-16 16:26:59,255.78 M,4.56 G,0.00 B,864.00 B
2019-07-16 16:27:01,255.78 M,4.56 G,0.00 B,444.00 B
2019-07-16 16:27:03,255.78 M,4.56 G,0.00 B,660.00 B
2019-07-16 16:27:05,255.78 M,4.56 G,0.00 B,396.00 B
2019-07-16 16:27:07,255.78 M,4.56 G,0.00 B,864.00 B
2019-07-16 16:27:09,255.78 M,4.56 G,0.00 B,324.00 B
2019-07-16 16:27:11,255.78 M,4.56 G,2.69 K,6.10 K
2019-07-16 16:27:13,255.78 M,4.56 G,0.00 B,1.18 K
2019-07-16 16:27:15,255.78 M,4.56 G,5.26 K,10.68 K
2019-07-16 16:27:17,255.80 M,4.56 G,0.00 B,708.00 B
2019-07-16 16:27:19,255.80 M,4.56 G,204.00 B,1.37 K
2019-07-16 16:27:21,255.80 M,4.56 G,0.00 B,1.30 K
2019-07-16 16:27:23,255.80 M,4.56 G,0.00 B,1.23 K
2019-07-16 16:27:25,255.81 M,4.56 G,12.07 K,685.28 K
2019-07-16 16:27:27,255.81 M,4.56 G,0.00 B,396.00 B
2019-07-16 16:27:29,255.81 M,4.56 G,0.00 B,996.00 B
2019-07-16 16:27:31,255.81 M,4.56 G,0.00 B,1008.00 B
2019-07-16 16:27:33,255.81 M,4.56 G,0.00 B,780.00 B
2019-07-16 16:27:35,255.82 M,4.57 G,0.00 B,876.00 B
2019-07-16 16:27:37,255.82 M,4.57 G,0.00 B,1.12 K
2019-07-16 16:27:39,255.82 M,4.57 G,0.00 B,1.02 K
2019-07-16 16:27:41,255.82 M,4.57 G,0.00 B,276.00 B
2019-07-16 16:27:43,255.83 M,4.57 G,13.04 K,691.72 K
2019-07-16 16:27:45,255.83 M,4.57 G,0.00 B,984.00 B
2019-07-16 16:27:47,255.83 M,4.57 G,0.00 B,708.00 B
2019-07-16 16:27:49,255.83 M,4.57 G,0.00 B,0.00 B
2019-07-16 16:27:51,255.83 M,4.57 G,0.00 B,492.00 B
2019-07-16 16:27:53,255.85 M,4.57 G,42.00 B,936.00 B
2019-07-16 16:27:55,255.85 M,4.57 G,0.00 B,1.80 K
2019-07-16 16:27:57,255.85 M,4.57 G,0.00 B,1.38 K
2019-07-16 16:27:59,255.85 M,4.57 G,0.00 B,384.00 B
2019-07-16 16:28:01,255.86 M,4.57 G,11.52 K,682.42 K
2019-07-16 16:28:03,255.86 M,4.57 G,0.00 B,492.00 B
2019-07-16 16:28:05,255.86 M,4.57 G,0.00 B,756.00 B
2019-07-16 16:28:07,255.86 M,4.57 G,0.00 B,876.00 B
2019-07-16 16:28:09,255.87 M,4.57 G,9.86 K,697.46 K
2019-07-16 16:28:11,255.87 M,4.57 G,0.00 B,336.00 B
2019-07-16 16:28:13,255.87 M,4.57 G,0.00 B,540.00 B
2019-07-16 16:28:15,255.87 M,4.57 G,0.00 B,1.01 K
2019-07-16 16:28:17,255.87 M,4.57 G,0.00 B,924.00 B
2019-07-16 16:28:19,255.88 M,4.57 G,11.45 K,692.50 K
2019-07-16 16:28:21,255.88 M,4.57 G,0.00 B,660.00 B
2019-07-16 16:28:23,255.88 M,4.57 G,0.00 B,1.51 K
2019-07-16 16:28:25,255.88 M,4.57 G,84.00 B,396.00 B
2019-07-16 16:28:27,255.88 M,4.57 G,0.00 B,708.00 B
2019-07-16 16:28:29,255.89 M,4.57 G,0.00 B,648.00 B
2019-07-16 16:28:31,255.89 M,4.57 G,0.00 B,984.00 B
2019-07-16 16:28:33,255.89 M,4.57 G,0.00 B,276.00 B
2019-07-16 16:28:35,255.89 M,4.57 G,0.00 B,816.00 B
2019-07-16 16:28:37,255.91 M,4.57 G,12.33 K,699.76 K
2019-07-16 16:28:39,255.91 M,4.57 G,0.00 B,732.00 B
2019-07-16 16:28:41,255.91 M,4.57 G,0.00 B,1.08 K
2019-07-16 16:28:43,255.91 M,4.57 G,0.00 B,567.00 B
2019-07-16 16:28:45,255.91 M,4.57 G,0.00 B,540.00 B
2019-07-16 16:28:47,255.92 M,4.57 G,0.00 B,444.00 B
2019-07-16 16:28:49,255.92 M,4.57 G,0.00 B,1.39 K
2019-07-16 16:28:51,255.92 M,4.57 G,0.00 B,1.11 K
2019-07-16 16:28:53,255.92 M,4.57 G,0.00 B,1.08 K
2019-07-16 16:28:55,255.93 M,4.57 G,8.70 K,591.06 K
2019-07-16 16:28:57,255.93 M,4.57 G,0.00 B,648.00 B
2019-07-16 16:28:59,255.93 M,4.57 G,0.00 B,708.00 B
2019-07-16 16:29:01,255.93 M,4.57 G,0.00 B,12.80 K
2019-07-16 16:29:03,255.93 M,4.57 G,0.00 B,756.00 B
2019-07-16 16:29:05,255.94 M,4.57 G,11.64 K,684.18 K
2019-07-16 16:29:07,255.94 M,4.57 G,0.00 B,996.00 B
2019-07-16 16:29:09,255.94 M,4.57 G,0.00 B,648.00 B
2019-07-16 16:29:11,255.94 M,4.57 G,0.00 B,324.00 B
2019-07-16 16:29:13,255.94 M,4.57 G,0.00 B,708.00 B
2019-07-16 16:29:15,255.96 M,4.57 G,0.00 B,936.00 B
2019-07-16 16:29:17,255.96 M,4.57 G,0.00 B,600.00 B
2019-07-16 16:29:19,255.96 M,4.57 G,0.00 B,816.00 B
2019-07-16 16:29:21,255.96 M,4.57 G,204.00 B,1.69 K
2019-07-16 16:29:23,255.97 M,4.57 G,3.21 K,11.05 K
2019-07-16 16:29:25,255.97 M,4.57 G,0.00 B,660.00 B
2019-07-16 16:29:28,255.97 M,4.57 G,0.00 B,756.00 B
2019-07-16 16:29:30,255.97 M,4.57 G,0.00 B,720.00 B
2019-07-16 16:29:32,255.97 M,4.57 G,5.99 K,428.39 K
2019-07-16 16:29:34,255.98 M,4.57 G,0.00 B,600.00 B
2019-07-16 16:29:36,255.98 M,4.57 G,0.00 B,924.00 B
2019-07-16 16:29:38,255.98 M,4.57 G,0.00 B,324.00 B
2019-07-16 16:29:40,255.98 M,4.57 G,0.00 B,600.00 B
2019-07-16 16:29:42,255.99 M,4.57 G,5.56 K,241.05 K
2019-07-16 16:29:44,255.99 M,4.57 G,0.00 B,324.00 B
2019-07-16 16:29:46,255.99 M,4.57 G,0.00 B,816.00 B
2019-07-16 16:29:48,255.99 M,4.57 G,0.00 B,1.01 K
2019-07-16 16:29:50,255.99 M,4.57 G,1.80 K,71.02 K
2019-07-16 16:29:52,256.00 M,4.58 G,0.00 B,828.00 B
2019-07-16 16:29:54,256.00 M,4.58 G,0.00 B,1.02 K
2019-07-16 16:29:56,256.00 M,4.58 G,0.00 B,336.00 B
2019-07-16 16:29:58,256.00 M,4.58 G,0.00 B,864.00 B
2019-07-16 16:30:00,256.02 M,4.58 G,12.77 K,734.55 K
2019-07-16 16:30:02,256.02 M,4.58 G,282.00 B,10.90 K
2019-07-16 16:30:04,256.02 M,4.58 G,54.00 B,492.00 B
2019-07-16 16:30:06,256.02 M,4.58 G,54.00 B,756.00 B
2019-07-16 16:30:08,256.02 M,4.58 G,0.00 B,816.00 B
2019-07-16 16:30:10,256.03 M,4.58 G,13.84 K,750.51 K
2019-07-16 16:30:12,256.03 M,4.58 G,0.00 B,756.00 B
2019-07-16 16:30:14,256.03 M,4.58 G,0.00 B,552.00 B
2019-07-16 16:30:16,256.03 M,4.58 G,0.00 B,1.05 K
2019-07-16 16:30:18,256.03 M,4.58 G,0.00 B,708.00 B
2019-07-16 16:30:20,256.04 M,4.58 G,6.31 K,445.31 K
2019-07-16 16:30:22,256.05 M,4.58 G,0.00 B,1.01 K
2019-07-16 16:30:24,256.05 M,4.58 G,0.00 B,336.00 B
2019-07-16 16:30:26,256.05 M,4.58 G,0.00 B,924.00 B
2019-07-16 16:30:28,256.05 M,4.58 G,42.00 B,552.00 B
2019-07-16 16:30:30,256.06 M,4.58 G,7.80 K,613.05 K
2019-07-16 16:30:32,256.07 M,4.58 G,0.00 B,972.00 B
2019-07-16 16:30:34,256.07 M,4.58 G,0.00 B,1.17 K
2019-07-16 16:30:36,256.07 M,4.58 G,0.00 B,108.00 B
2019-07-16 16:30:38,256.07 M,4.58 G,0.00 B,828.00 B
2019-07-16 16:30:40,256.07 M,4.58 G,0.00 B,552.00 B
2019-07-16 16:30:42,256.08 M,4.58 G,0.00 B,807.00 B
2019-07-16 16:30:44,256.08 M,4.58 G,0.00 B,1.08 K
2019-07-16 16:30:46,256.08 M,4.58 G,0.00 B,1.56 K
2019-07-16 16:30:48,256.08 M,4.58 G,0.00 B,1.12 K
2019-07-16 16:30:50,256.08 M,4.58 G,4.45 K,288.75 K
2019-07-16 16:30:52,256.09 M,4.58 G,0.00 B,648.00 B
2019-07-16 16:30:54,256.09 M,4.58 G,0.00 B,324.00 B
2019-07-16 16:30:56,256.09 M,4.58 G,0.00 B,687.00 B
2019-07-16 16:30:58,256.09 M,4.58 G,0.00 B,891.00 B
2019-07-16 16:31:00,256.09 M,4.58 G,0.00 B,567.00 B
2019-07-16 16:31:02,256.11 M,4.58 G,8.15 K,488.17 K
2019-07-16 16:31:04,256.11 M,4.58 G,0.00 B,1.19 K
2019-07-16 16:31:06,256.11 M,4.58 G,0.00 B,612.00 B
2019-07-16 16:31:08,256.11 M,4.58 G,0.00 B,612.00 B
2019-07-16 16:31:10,256.11 M,4.58 G,0.00 B,936.00 B
2019-07-16 16:31:12,256.11 M,4.58 G,0.00 B,492.00 B
2019-07-16 16:31:14,256.12 M,4.58 G,0.00 B,1.27 K
2019-07-16 16:31:16,256.12 M,4.58 G,0.00 B,1.48 K
2019-07-16 16:31:18,256.12 M,4.58 G,0.00 B,1.23 K
2019-07-16 16:31:20,256.12 M,4.58 G,0.00 B,876.00 B
2019-07-16 16:31:22,256.12 M,4.58 G,0.00 B,492.00 B
2019-07-16 16:31:24,256.12 M,4.58 G,204.00 B,657.00 B
2019-07-16 16:31:26,256.13 M,4.58 G,0.00 B,984.00 B
2019-07-16 16:31:28,256.13 M,4.58 G,0.00 B,552.00 B
2019-07-16 16:31:30,256.13 M,4.58 G,42.00 B,1.02 K
2019-07-16 16:31:32,256.13 M,4.58 G,0.00 B,228.00 B
2019-07-16 16:31:34,256.13 M,4.58 G,0.00 B,276.00 B
2019-07-16 16:31:36,256.14 M,4.58 G,0.00 B,816.00 B
2019-07-16 16:31:38,256.14 M,4.58 G,0.00 B,1.18 K
2019-07-16 16:31:40,256.14 M,4.58 G,0.00 B,432.00 B
2019-07-16 16:31:42,256.14 M,4.58 G,0.00 B,1.16 K
2019-07-16 16:31:44,256.15 M,4.58 G,0.00 B,687.00 B
2019-07-16 16:31:46,256.15 M,4.58 G,0.00 B,1.64 K
2019-07-16 16:31:48,256.15 M,4.58 G,0.00 B,600.00 B
2019-07-16 16:31:50,256.15 M,4.58 G,0.00 B,660.00 B
2019-07-16 16:31:52,256.17 M,4.58 G,12.59 K,693.69 K
2019-07-16 16:31:54,256.17 M,4.58 G,0.00 B,384.00 B
2019-07-16 16:31:56,256.17 M,4.58 G,0.00 B,768.00 B
2019-07-16 16:31:58,256.17 M,4.58 G,42.00 B,660.00 B
2019-07-16 16:32:00,256.17 M,4.58 G,0.00 B,384.00 B
2019-07-16 16:32:02,256.18 M,4.58 G,0.00 B,4.32 K
2019-07-16 16:32:04,256.18 M,4.58 G,0.00 B,876.00 B
2019-07-16 16:32:06,256.18 M,4.58 G,0.00 B,756.00 B
2019-07-16 16:32:08,256.18 M,4.58 G,0.00 B,552.00 B
2019-07-16 16:32:10,256.19 M,4.59 G,11.86 K,698.77 K
2019-07-16 16:32:12,256.19 M,4.59 G,0.00 B,864.00 B
2019-07-16 16:32:14,256.19 M,4.59 G,0.00 B,924.00 B
2019-07-16 16:32:16,256.19 M,4.59 G,0.00 B,660.00 B
2019-07-16 16:32:18,256.19 M,4.59 G,0.00 B,843.00 B
2019-07-16 16:32:20,256.20 M,4.59 G,0.00 B,675.00 B
2019-07-16 16:32:22,256.20 M,4.59 G,0.00 B,600.00 B
2019-07-16 16:32:25,256.21 M,4.59 G,0.00 B,768.00 B
2019-07-16 16:32:27,256.21 M,4.59 G,0.00 B,492.00 B
2019-07-16 16:32:29,256.21 M,4.59 G,0.00 B,648.00 B
2019-07-16 16:32:31,256.22 M,4.59 G,8.21 K,457.51 K
2019-07-16 16:32:33,256.22 M,4.59 G,0.00 B,648.00 B
2019-07-16 16:32:35,256.22 M,4.59 G,0.00 B,672.00 B
2019-07-16 16:32:37,256.22 M,4.59 G,0.00 B,648.00 B
2019-07-16 16:32:39,256.22 M,4.59 G,0.00 B,504.00 B
2019-07-16 16:32:41,256.22 M,4.59 G,0.00 B,600.00 B
2019-07-16 16:32:43,256.23 M,4.59 G,0.00 B,1.11 K
2019-07-16 16:32:45,256.23 M,4.59 G,0.00 B,276.00 B
2019-07-16 16:32:47,256.23 M,4.59 G,0.00 B,864.00 B
2019-07-16 16:32:49,256.23 M,4.59 G,0.00 B,648.00 B
2019-07-16 16:32:51,256.23 M,4.59 G,0.00 B,108.00 B
2019-07-16 16:32:53,256.23 M,4.59 G,0.00 B,1.12 K
2019-07-16 16:32:55,256.24 M,4.59 G,0.00 B,660.00 B
2019-07-16 16:32:57,256.24 M,4.59 G,0.00 B,552.00 B
2019-07-16 16:32:59,256.24 M,4.59 G,0.00 B,1.02 K
2019-07-16 16:33:01,256.24 M,4.59 G,0.00 B,13.11 K
2019-07-16 16:33:03,256.26 M,4.59 G,12.10 K,688.27 K
2019-07-16 16:33:05,256.26 M,4.59 G,0.00 B,492.00 B
2019-07-16 16:33:07,256.26 M,4.59 G,0.00 B,600.00 B
2019-07-16 16:33:09,256.26 M,4.59 G,0.00 B,768.00 B
2019-07-16 16:33:11,256.26 M,4.59 G,0.00 B,492.00 B
2019-07-16 16:33:13,256.27 M,4.59 G,0.00 B,1.38 K
2019-07-16 16:33:15,256.27 M,4.59 G,0.00 B,1.32 K
2019-07-16 16:33:17,256.27 M,4.59 G,0.00 B,228.00 B
2019-07-16 16:33:19,256.27 M,4.59 G,0.00 B,972.00 B
2019-07-16 16:33:21,256.28 M,4.59 G,0.00 B,648.00 B
2019-07-16 16:33:23,256.28 M,4.59 G,0.00 B,324.00 B
2019-07-16 16:33:25,256.28 M,4.59 G,0.00 B,648.00 B
2019-07-16 16:33:27,256.28 M,4.59 G,204.00 B,894.00 B
2019-07-16 16:33:29,256.29 M,4.59 G,12.47 K,705.01 K
2019-07-16 16:33:31,256.29 M,4.59 G,0.00 B,552.00 B
2019-07-16 16:33:33,256.29 M,4.59 G,84.00 B,732.00 B
2019-07-16 16:33:35,256.29 M,4.59 G,0.00 B,876.00 B
2019-07-16 16:33:37,256.29 M,4.59 G,0.00 B,324.00 B
2019-07-16 16:33:39,256.30 M,4.59 G,0.00 B,972.00 B
2019-07-16 16:33:41,256.30 M,4.59 G,0.00 B,600.00 B
2019-07-16 16:33:43,256.30 M,4.59 G,0.00 B,552.00 B
2019-07-16 16:33:45,256.30 M,4.59 G,0.00 B,1.43 K
2019-07-16 16:33:47,256.32 M,4.59 G,7.72 K,395.52 K
2019-07-16 16:33:49,256.32 M,4.59 G,0.00 B,108.00 B
2019-07-16 16:33:51,256.32 M,4.59 G,0.00 B,1.01 K
2019-07-16 16:33:53,256.32 M,4.59 G,0.00 B,708.00 B
2019-07-16 16:33:55,256.32 M,4.59 G,0.00 B,660.00 B
2019-07-16 16:33:57,256.33 M,4.59 G,0.00 B,600.00 B
2019-07-16 16:33:59,256.33 M,4.59 G,0.00 B,708.00 B
2019-07-16 16:34:01,256.33 M,4.59 G,0.00 B,12.75 K
2019-07-16 16:34:03,256.33 M,4.59 G,0.00 B,876.00 B
2019-07-16 16:34:05,256.33 M,4.59 G,0.00 B,708.00 B
2019-07-16 16:34:07,256.34 M,4.59 G,0.00 B,1.12 K
2019-07-16 16:34:09,256.34 M,4.59 G,0.00 B,660.00 B
2019-07-16 16:34:11,256.34 M,4.59 G,0.00 B,972.00 B
2019-07-16 16:34:13,256.34 M,4.59 G,0.00 B,768.00 B
2019-07-16 16:34:15,256.34 M,4.59 G,0.00 B,816.00 B
2019-07-16 16:34:17,256.35 M,4.59 G,0.00 B,552.00 B
2019-07-16 16:34:19,256.35 M,4.59 G,0.00 B,864.00 B
2019-07-16 16:34:21,256.35 M,4.59 G,0.00 B,816.00 B
2019-07-16 16:34:23,256.35 M,4.59 G,0.00 B,552.00 B
2019-07-16 16:34:25,256.35 M,4.59 G,0.00 B,1.22 K
2019-07-16 16:34:27,256.37 M,4.60 G,11.71 K,713.35 K
2019-07-16 16:34:29,256.37 M,4.60 G,204.00 B,630.00 B
2019-07-16 16:34:31,256.37 M,4.60 G,42.00 B,384.00 B
2019-07-16 16:34:33,256.37 M,4.60 G,0.00 B,444.00 B
2019-07-16 16:34:35,256.37 M,4.60 G,0.00 B,876.00 B
2019-07-16 16:34:37,256.37 M,4.60 G,0.00 B,444.00 B
2019-07-16 16:34:39,256.38 M,4.60 G,0.00 B,1.02 K
2019-07-16 16:34:41,256.38 M,4.60 G,0.00 B,1.04 K
2019-07-16 16:34:43,256.38 M,4.60 G,0.00 B,732.00 B
2019-07-16 16:34:45,256.38 M,4.60 G,0.00 B,492.00 B
2019-07-16 16:34:47,256.38 M,4.60 G,0.00 B,612.00 B
2019-07-16 16:34:49,256.39 M,4.60 G,0.00 B,612.00 B
2019-07-16 16:34:51,256.39 M,4.60 G,0.00 B,720.00 B
2019-07-16 16:34:53,256.39 M,4.60 G,0.00 B,756.00 B
2019-07-16 16:34:55,256.39 M,4.60 G,0.00 B,1.70 K
2019-07-16 16:34:57,256.41 M,4.60 G,13.01 K,732.15 K
2019-07-16 16:34:59,256.41 M,4.60 G,0.00 B,444.00 B
2019-07-16 16:35:01,256.41 M,4.60 G,0.00 B,12.94 K
2019-07-16 16:35:03,256.41 M,4.60 G,42.00 B,228.00 B
2019-07-16 16:35:05,256.41 M,4.60 G,0.00 B,0.00 B
2019-07-16 16:35:07,256.42 M,4.60 G,11.82 K,706.74 K
2019-07-16 16:35:09,256.42 M,4.60 G,0.00 B,1.16 K
2019-07-16 16:35:11,256.42 M,4.60 G,0.00 B,972.00 B
2019-07-16 16:35:13,256.42 M,4.60 G,0.00 B,768.00 B
2019-07-16 16:35:15,256.42 M,4.60 G,0.00 B,660.00 B
2019-07-16 16:35:17,256.43 M,4.60 G,3.23 K,1.11 K
2019-07-16 16:35:19,256.43 M,4.60 G,0.00 B,756.00 B
2019-07-16 16:35:22,256.43 M,4.60 G,0.00 B,448.00 B
2019-07-16 16:35:24,256.43 M,4.60 G,0.00 B,924.00 B
2019-07-16 16:35:26,256.43 M,4.60 G,0.00 B,1.17 K
2019-07-16 16:35:28,256.44 M,4.60 G,12.81 K,789.58 K
2019-07-16 16:35:30,256.44 M,4.60 G,0.00 B,660.00 B
2019-07-16 16:35:32,256.44 M,4.60 G,0.00 B,864.00 B
2019-07-16 16:35:34,256.44 M,4.60 G,0.00 B,336.00 B
2019-07-16 16:35:36,256.44 M,4.60 G,84.00 B,1.07 K
2019-07-16 16:35:38,256.44 M,4.60 G,0.00 B,768.00 B
2019-07-16 16:35:40,256.45 M,4.60 G,0.00 B,1.56 K
2019-07-16 16:35:42,256.45 M,4.60 G,0.00 B,936.00 B
2019-07-16 16:35:44,256.45 M,4.60 G,0.00 B,432.00 B
2019-07-16 16:35:46,256.45 M,4.60 G,0.00 B,1.18 K
2019-07-16 16:35:48,256.47 M,4.60 G,11.48 K,700.58 K
2019-07-16 16:35:50,256.47 M,4.60 G,0.00 B,1.11 K
2019-07-16 16:35:52,256.47 M,4.60 G,0.00 B,1.30 K
2019-07-16 16:35:54,256.47 M,4.60 G,0.00 B,2.04 K
2019-07-16 16:35:56,256.47 M,4.60 G,0.00 B,744.00 B
2019-07-16 16:35:58,256.48 M,4.60 G,3.47 K,23.47 K
2019-07-16 16:36:00,256.48 M,4.60 G,0.00 B,1.58 K
2019-07-16 16:36:02,256.48 M,4.60 G,0.00 B,13.46 K
2019-07-16 16:36:04,256.48 M,4.60 G,0.00 B,1.43 K
2019-07-16 16:36:06,256.48 M,4.60 G,3.35 K,189.66 K
2019-07-16 16:36:08,256.49 M,4.60 G,0.00 B,1.23 K
2019-07-16 16:36:10,256.49 M,4.60 G,0.00 B,1.35 K
2019-07-16 16:36:12,256.49 M,4.60 G,0.00 B,720.00 B
2019-07-16 16:36:14,256.49 M,4.60 G,0.00 B,612.00 B
2019-07-16 16:36:16,256.49 M,4.60 G,0.00 B,924.00 B
2019-07-16 16:36:18,256.50 M,4.60 G,12.96 K,747.75 K
2019-07-16 16:36:20,256.50 M,4.60 G,0.00 B,492.00 B
2019-07-16 16:36:22,256.50 M,4.60 G,0.00 B,660.00 B
2019-07-16 16:36:24,256.50 M,4.60 G,0.00 B,708.00 B
2019-07-16 16:36:26,256.50 M,4.60 G,0.00 B,708.00 B
2019-07-16 16:36:28,256.50 M,4.60 G,0.00 B,600.00 B
2019-07-16 16:36:30,256.52 M,4.60 G,12.27 K,698.33 K
2019-07-16 16:36:32,256.52 M,4.60 G,204.00 B,1.14 K
2019-07-16 16:36:34,256.52 M,4.60 G,0.00 B,780.00 B
2019-07-16 16:36:36,256.52 M,4.60 G,0.00 B,1.02 K
2019-07-16 16:36:38,256.52 M,4.60 G,0.00 B,216.00 B
2019-07-16 16:36:40,256.53 M,4.60 G,0.00 B,1.02 K
2019-07-16 16:36:42,256.53 M,4.60 G,0.00 B,936.00 B
2019-07-16 16:36:44,256.53 M,4.60 G,0.00 B,1.18 K
2019-07-16 16:36:46,256.53 M,4.60 G,0.00 B,492.00 B
2019-07-16 16:36:48,256.53 M,4.60 G,0.00 B,384.00 B
2019-07-16 16:36:50,256.54 M,4.61 G,3.01 K,1.38 K
2019-07-16 16:36:52,256.54 M,4.61 G,0.00 B,1.11 K
2019-07-16 16:36:54,256.54 M,4.61 G,0.00 B,540.00 B
2019-07-16 16:36:56,256.54 M,4.61 G,0.00 B,444.00 B
2019-07-16 16:36:58,256.54 M,4.61 G,0.00 B,492.00 B
2019-07-16 16:37:00,256.55 M,4.61 G,6.32 K,466.79 K
2019-07-16 16:37:02,256.55 M,4.61 G,0.00 B,708.00 B
2019-07-16 16:37:04,256.55 M,4.61 G,0.00 B,756.00 B
2019-07-16 16:37:06,256.55 M,4.61 G,42.00 B,984.00 B
2019-07-16 16:37:08,256.55 M,4.61 G,0.00 B,816.00 B
2019-07-16 16:37:10,256.56 M,4.61 G,12.30 K,689.21 K
2019-07-16 16:37:12,256.56 M,4.61 G,0.00 B,168.00 B
2019-07-16 16:37:14,256.57 M,4.61 G,4.55 K,4.84 K
2019-07-16 16:37:16,256.57 M,4.61 G,0.00 B,864.00 B
2019-07-16 16:37:18,256.57 M,4.61 G,0.00 B,492.00 B
2019-07-16 16:37:20,256.58 M,4.61 G,0.00 B,600.00 B
2019-07-16 16:37:22,256.58 M,4.61 G,0.00 B,552.00 B
2019-07-16 16:37:24,256.58 M,4.61 G,0.00 B,168.00 B
2019-07-16 16:37:26,256.58 M,4.61 G,0.00 B,924.00 B
2019-07-16 16:37:28,256.58 M,4.61 G,0.00 B,216.00 B
2019-07-16 16:37:30,256.60 M,4.61 G,2.80 K,6.34 K
2019-07-16 16:37:32,256.60 M,4.61 G,0.00 B,1.28 K
2019-07-16 16:37:34,256.60 M,4.61 G,0.00 B,984.00 B
2019-07-16 16:37:36,256.60 M,4.61 G,0.00 B,816.00 B
2019-07-16 16:37:38,256.60 M,4.61 G,84.00 B,504.00 B
2019-07-16 16:37:40,256.61 M,4.61 G,0.00 B,708.00 B
2019-07-16 16:37:42,256.61 M,4.61 G,0.00 B,864.00 B
2019-07-16 16:37:44,256.61 M,4.61 G,0.00 B,828.00 B
2019-07-16 16:37:46,256.61 M,4.61 G,0.00 B,336.00 B
2019-07-16 16:37:48,256.61 M,4.61 G,0.00 B,708.00 B
2019-07-16 16:37:50,256.62 M,4.61 G,0.00 B,60.00 B
2019-07-16 16:37:52,256.62 M,4.61 G,0.00 B,660.00 B
2019-07-16 16:37:54,256.62 M,4.61 G,0.00 B,384.00 B
2019-07-16 16:37:56,256.62 M,4.61 G,0.00 B,444.00 B
2019-07-16 16:37:58,256.62 M,4.61 G,0.00 B,876.00 B
2019-07-16 16:38:00,256.63 M,4.61 G,2.85 K,6.99 K
2019-07-16 16:38:02,256.63 M,4.61 G,0.00 B,1.07 K
2019-07-16 16:38:04,256.63 M,4.61 G,0.00 B,600.00 B
2019-07-16 16:38:06,256.63 M,4.61 G,0.00 B,660.00 B
2019-07-16 16:38:08,256.63 M,4.61 G,0.00 B,876.00 B
2019-07-16 16:38:10,256.65 M,4.61 G,13.92 K,711.22 K
2019-07-16 16:38:12,256.65 M,4.61 G,0.00 B,168.00 B
2019-07-16 16:38:14,256.65 M,4.61 G,0.00 B,1.07 K
2019-07-16 16:38:16,256.65 M,4.61 G,0.00 B,1.29 K
2019-07-16 16:38:18,256.65 M,4.61 G,0.00 B,768.00 B
2019-07-16 16:38:21,256.66 M,4.61 G,12.90 K,736.77 K
2019-07-16 16:38:23,256.66 M,4.61 G,0.00 B,288.00 B
2019-07-16 16:38:25,256.66 M,4.61 G,0.00 B,1.22 K
2019-07-16 16:38:27,256.66 M,4.61 G,0.00 B,276.00 B
2019-07-16 16:38:29,256.66 M,4.61 G,0.00 B,228.00 B
2019-07-16 16:38:31,256.66 M,4.61 G,0.00 B,1.11 K
2019-07-16 16:38:33,256.67 M,4.61 G,0.00 B,1.22 K
2019-07-16 16:38:35,256.67 M,4.61 G,204.00 B,1002.00 B
2019-07-16 16:38:37,256.67 M,4.61 G,0.00 B,816.00 B
2019-07-16 16:38:39,256.67 M,4.61 G,0.00 B,60.00 B
2019-07-16 16:38:41,256.67 M,4.61 G,0.00 B,756.00 B
2019-07-16 16:38:43,256.69 M,4.61 G,5.22 K,203.33 K
2019-07-16 16:38:45,256.69 M,4.61 G,0.00 B,120.00 B
2019-07-16 16:38:47,256.69 M,4.61 G,0.00 B,864.00 B
2019-07-16 16:38:49,256.69 M,4.61 G,0.00 B,972.00 B
2019-07-16 16:38:51,256.69 M,4.61 G,0.00 B,648.00 B
2019-07-16 16:38:53,256.70 M,4.61 G,0.00 B,276.00 B
2019-07-16 16:38:55,256.70 M,4.61 G,0.00 B,492.00 B
2019-07-16 16:38:57,256.70 M,4.61 G,0.00 B,432.00 B
2019-07-16 16:38:59,256.70 M,4.61 G,0.00 B,648.00 B
2019-07-16 16:39:01,256.70 M,4.61 G,0.00 B,12.80 K
2019-07-16 16:39:03,256.71 M,4.61 G,0.00 B,1.07 K
2019-07-16 16:39:05,256.71 M,4.61 G,0.00 B,660.00 B
2019-07-16 16:39:07,256.71 M,4.61 G,0.00 B,756.00 B
2019-07-16 16:39:09,256.71 M,4.61 G,0.00 B,1.17 K
2019-07-16 16:39:11,256.71 M,4.61 G,0.00 B,504.00 B
2019-07-16 16:39:13,256.73 M,4.61 G,0.00 B,900.00 B
2019-07-16 16:39:15,256.73 M,4.61 G,0.00 B,492.00 B
2019-07-16 16:39:17,256.73 M,4.61 G,0.00 B,540.00 B
2019-07-16 16:39:19,256.73 M,4.61 G,0.00 B,1.55 K
2019-07-16 16:39:21,256.73 M,4.61 G,0.00 B,1.12 K
2019-07-16 16:39:23,256.74 M,4.62 G,0.00 B,660.00 B
2019-07-16 16:39:25,256.74 M,4.62 G,0.00 B,60.00 B
2019-07-16 16:39:27,256.74 M,4.62 G,0.00 B,864.00 B
2019-07-16 16:39:29,256.74 M,4.62 G,0.00 B,1.01 K
2019-07-16 16:39:31,256.75 M,4.62 G,12.15 K,688.77 K
2019-07-16 16:39:33,256.75 M,4.62 G,0.00 B,756.00 B
2019-07-16 16:39:35,256.75 M,4.62 G,0.00 B,1.28 K
2019-07-16 16:39:37,256.75 M,4.62 G,0.00 B,816.00 B
2019-07-16 16:39:39,256.75 M,4.62 G,42.00 B,276.00 B
2019-07-16 16:39:41,256.76 M,4.62 G,84.00 B,956.00 B
2019-07-16 16:39:43,256.76 M,4.62 G,0.00 B,276.00 B
2019-07-16 16:39:45,256.76 M,4.62 G,0.00 B,924.00 B
2019-07-16 16:39:47,256.76 M,4.62 G,0.00 B,984.00 B
2019-07-16 16:39:49,256.77 M,4.62 G,12.04 K,685.71 K
2019-07-16 16:39:51,256.77 M,4.62 G,0.00 B,708.00 B
2019-07-16 16:39:53,256.77 M,4.62 G,0.00 B,540.00 B
2019-07-16 16:39:55,256.77 M,4.62 G,0.00 B,216.00 B
2019-07-16 16:39:57,256.77 M,4.62 G,0.00 B,768.00 B
2019-07-16 16:39:59,256.79 M,4.62 G,12.26 K,683.68 K
2019-07-16 16:40:01,256.79 M,4.62 G,174.00 B,13.31 K
2019-07-16 16:40:03,256.79 M,4.62 G,54.00 B,1.29 K
2019-07-16 16:40:05,256.79 M,4.62 G,0.00 B,672.00 B
2019-07-16 16:40:07,256.79 M,4.62 G,42.00 B,816.00 B
2019-07-16 16:40:09,256.80 M,4.62 G,5.44 K,192.83 K
2019-07-16 16:40:11,256.80 M,4.62 G,54.00 B,492.00 B
2019-07-16 16:40:13,256.80 M,4.62 G,0.00 B,708.00 B
2019-07-16 16:40:15,256.80 M,4.62 G,0.00 B,756.00 B
2019-07-16 16:40:17,256.80 M,4.62 G,0.00 B,432.00 B
2019-07-16 16:40:19,256.81 M,4.62 G,6.51 K,292.29 K
2019-07-16 16:40:21,256.81 M,4.62 G,0.00 B,1.17 K
2019-07-16 16:40:23,256.81 M,4.62 G,0.00 B,756.00 B
2019-07-16 16:40:25,256.81 M,4.62 G,0.00 B,384.00 B
2019-07-16 16:40:27,256.81 M,4.62 G,0.00 B,828.00 B
2019-07-16 16:40:29,256.82 M,4.62 G,6.95 K,372.86 K
2019-07-16 16:40:31,256.82 M,4.62 G,0.00 B,324.00 B
2019-07-16 16:40:33,256.82 M,4.62 G,0.00 B,924.00 B
2019-07-16 16:40:35,256.82 M,4.62 G,0.00 B,660.00 B
2019-07-16 16:40:37,256.83 M,4.62 G,6.00 K,419.57 K
2019-07-16 16:40:39,256.84 M,4.62 G,0.00 B,972.00 B
2019-07-16 16:40:41,256.84 M,4.62 G,0.00 B,780.00 B
2019-07-16 16:40:43,256.84 M,4.62 G,42.00 B,876.00 B
2019-07-16 16:40:45,256.84 M,4.62 G,0.00 B,492.00 B
2019-07-16 16:40:47,256.85 M,4.62 G,3.60 K,66.67 K
2019-07-16 16:40:49,256.85 M,4.62 G,0.00 B,936.00 B
2019-07-16 16:40:51,256.85 M,4.62 G,0.00 B,60.00 B
2019-07-16 16:40:53,256.85 M,4.62 G,0.00 B,492.00 B
2019-07-16 16:40:55,256.85 M,4.62 G,0.00 B,1.50 K
2019-07-16 16:40:57,256.86 M,4.62 G,0.00 B,492.00 B
2019-07-16 16:40:59,256.86 M,4.62 G,0.00 B,540.00 B
2019-07-16 16:41:01,256.86 M,4.62 G,0.00 B,13.75 K
2019-07-16 16:41:03,256.86 M,4.62 G,0.00 B,444.00 B
2019-07-16 16:41:05,256.86 M,4.62 G,0.00 B,924.00 B
2019-07-16 16:41:07,256.87 M,4.62 G,11.93 K,682.88 K
2019-07-16 16:41:09,256.87 M,4.62 G,0.00 B,756.00 B
2019-07-16 16:41:11,256.87 M,4.62 G,42.00 B,876.00 B
2019-07-16 16:41:13,256.87 M,4.62 G,0.00 B,6.00 K
2019-07-16 16:41:15,256.87 M,4.62 G,0.00 B,948.00 B
2019-07-16 16:41:17,256.88 M,4.62 G,12.25 K,700.95 K
2019-07-16 16:41:19,256.88 M,4.62 G,0.00 B,1.62 K
2019-07-16 16:41:22,256.88 M,4.62 G,0.00 B,756.00 B
2019-07-16 16:41:24,256.88 M,4.62 G,0.00 B,228.00 B
2019-07-16 16:41:26,256.88 M,4.62 G,42.00 B,3.83 K
2019-07-16 16:41:28,256.89 M,4.62 G,11.72 K,684.56 K
2019-07-16 16:41:30,256.89 M,4.62 G,0.00 B,648.00 B
2019-07-16 16:41:32,256.89 M,4.62 G,0.00 B,504.00 B
2019-07-16 16:41:34,256.89 M,4.62 G,0.00 B,1.01 K
2019-07-16 16:41:36,256.89 M,4.62 G,0.00 B,540.00 B
2019-07-16 16:41:38,256.90 M,4.62 G,2.71 K,138.64 K
2019-07-16 16:41:40,256.91 M,4.62 G,0.00 B,876.00 B
2019-07-16 16:41:42,256.91 M,4.62 G,0.00 B,936.00 B
2019-07-16 16:41:44,256.91 M,4.62 G,42.00 B,720.00 B
2019-07-16 16:41:46,256.91 M,4.62 G,0.00 B,1.18 K
2019-07-16 16:41:48,256.91 M,4.62 G,0.00 B,984.00 B
2019-07-16 16:41:50,256.92 M,4.63 G,12.04 K,753.26 K
2019-07-16 16:41:52,256.92 M,4.63 G,0.00 B,648.00 B
2019-07-16 16:41:54,256.92 M,4.63 G,0.00 B,648.00 B
2019-07-16 16:41:56,256.92 M,4.63 G,0.00 B,492.00 B
2019-07-16 16:41:58,256.92 M,4.63 G,0.00 B,504.00 B
2019-07-16 16:42:00,256.92 M,4.63 G,0.00 B,1.64 K
2019-07-16 16:42:02,256.93 M,4.63 G,0.00 B,12.80 K
2019-07-16 16:42:04,256.93 M,4.63 G,0.00 B,384.00 B
2019-07-16 16:42:06,256.93 M,4.63 G,0.00 B,780.00 B
2019-07-16 16:42:08,256.93 M,4.63 G,0.00 B,564.00 B
2019-07-16 16:42:10,256.93 M,4.63 G,0.00 B,972.00 B
2019-07-16 16:42:12,256.93 M,4.63 G,0.00 B,1.12 K
2019-07-16 16:42:14,256.95 M,4.63 G,42.00 B,600.00 B
2019-07-16 16:42:16,256.95 M,4.63 G,0.00 B,336.00 B
2019-07-16 16:42:18,256.95 M,4.63 G,0.00 B,1.02 K
2019-07-16 16:42:20,256.95 M,4.63 G,0.00 B,756.00 B
2019-07-16 16:42:22,256.95 M,4.63 G,0.00 B,276.00 B
2019-07-16 16:42:24,256.95 M,4.63 G,0.00 B,660.00 B
2019-07-16 16:42:26,256.96 M,4.63 G,0.00 B,988.00 B
2019-07-16 16:42:28,256.96 M,4.63 G,0.00 B,540.00 B
2019-07-16 16:42:30,256.96 M,4.63 G,0.00 B,984.00 B
2019-07-16 16:42:32,256.96 M,4.63 G,0.00 B,816.00 B
2019-07-16 16:42:34,256.96 M,4.63 G,0.00 B,492.00 B
2019-07-16 16:42:36,256.97 M,4.63 G,7.73 K,599.27 K
2019-07-16 16:42:38,256.97 M,4.63 G,0.00 B,936.00 B
2019-07-16 16:42:40,256.97 M,4.63 G,204.00 B,1.27 K
2019-07-16 16:42:42,256.97 M,4.63 G,0.00 B,1.22 K
2019-07-16 16:42:44,256.97 M,4.63 G,42.00 B,720.00 B
2019-07-16 16:42:46,256.97 M,4.63 G,42.00 B,888.00 B
2019-07-16 16:42:48,256.98 M,4.63 G,0.00 B,444.00 B
2019-07-16 16:42:50,256.98 M,4.63 G,0.00 B,660.00 B
2019-07-16 16:42:52,256.98 M,4.63 G,0.00 B,1.08 K
2019-07-16 16:42:54,256.98 M,4.63 G,0.00 B,1.09 K
2019-07-16 16:42:56,256.98 M,4.63 G,0.00 B,492.00 B
2019-07-16 16:42:58,257.00 M,4.63 G,0.00 B,1.05 K
2019-07-16 16:43:00,257.00 M,4.63 G,0.00 B,876.00 B
2019-07-16 16:43:02,257.00 M,4.63 G,0.00 B,795.00 B
2019-07-16 16:43:04,257.00 M,4.63 G,0.00 B,540.00 B
2019-07-16 16:43:06,257.00 M,4.63 G,0.00 B,492.00 B
2019-07-16 16:43:08,257.01 M,4.63 G,12.33 K,705.70 K
2019-07-16 16:43:10,257.01 M,4.63 G,0.00 B,768.00 B
2019-07-16 16:43:12,257.01 M,4.63 G,0.00 B,432.00 B
2019-07-16 16:43:14,257.01 M,4.63 G,0.00 B,1.06 K
2019-07-16 16:43:16,257.01 M,4.63 G,0.00 B,1.33 K
2019-07-16 16:43:18,257.02 M,4.63 G,12.46 K,719.81 K
2019-07-16 16:43:20,257.02 M,4.63 G,0.00 B,999.00 B
2019-07-16 16:43:22,257.02 M,4.63 G,0.00 B,720.00 B
2019-07-16 16:43:24,257.02 M,4.63 G,0.00 B,1.03 K
2019-07-16 16:43:26,257.02 M,4.63 G,0.00 B,951.00 B
2019-07-16 16:43:28,257.03 M,4.63 G,12.47 K,691.79 K
2019-07-16 16:43:30,257.03 M,4.63 G,0.00 B,216.00 B
2019-07-16 16:43:32,257.03 M,4.63 G,0.00 B,720.00 B
2019-07-16 16:43:34,257.03 M,4.63 G,0.00 B,936.00 B
2019-07-16 16:43:36,257.03 M,4.63 G,0.00 B,276.00 B
2019-07-16 16:43:38,257.05 M,4.63 G,13.25 K,727.24 K
2019-07-16 16:43:40,257.05 M,4.63 G,0.00 B,600.00 B
2019-07-16 16:43:42,257.05 M,4.63 G,0.00 B,839.00 B
2019-07-16 16:43:44,257.05 M,4.63 G,0.00 B,972.00 B
2019-07-16 16:43:46,257.05 M,4.63 G,0.00 B,712.00 B
2019-07-16 16:43:48,257.06 M,4.63 G,8.70 K,646.51 K
2019-07-16 16:43:50,257.06 M,4.63 G,0.00 B,660.00 B
2019-07-16 16:43:52,257.06 M,4.63 G,0.00 B,1.11 K
2019-07-16 16:43:54,257.06 M,4.63 G,0.00 B,924.00 B
2019-07-16 16:43:56,257.06 M,4.63 G,0.00 B,756.00 B
2019-07-16 16:43:58,257.06 M,4.63 G,0.00 B,972.00 B
2019-07-16 16:44:00,257.07 M,4.63 G,0.00 B,432.00 B
2019-07-16 16:44:02,257.07 M,4.63 G,0.00 B,519.00 B
2019-07-16 16:44:04,257.07 M,4.63 G,0.00 B,579.00 B
2019-07-16 16:44:06,257.07 M,4.63 G,0.00 B,216.00 B
2019-07-16 16:44:08,257.07 M,4.63 G,0.00 B,951.00 B
2019-07-16 16:44:10,257.08 M,4.63 G,0.00 B,1.05 K
2019-07-16 16:44:12,257.08 M,4.63 G,0.00 B,876.00 B
2019-07-16 16:44:14,257.08 M,4.63 G,0.00 B,756.00 B
2019-07-16 16:44:16,257.08 M,4.63 G,0.00 B,540.00 B
2019-07-16 16:44:19,257.08 M,4.63 G,0.00 B,1.20 K
2019-07-16 16:44:21,257.10 M,4.64 G,0.00 B,972.00 B
2019-07-16 16:44:23,257.10 M,4.64 G,0.00 B,432.00 B
2019-07-16 16:44:25,257.10 M,4.64 G,0.00 B,984.00 B
2019-07-16 16:44:27,257.10 M,4.64 G,0.00 B,864.00 B
2019-07-16 16:44:29,257.10 M,4.64 G,0.00 B,612.00 B
2019-07-16 16:44:31,257.11 M,4.64 G,0.00 B,540.00 B
2019-07-16 16:44:33,257.11 M,4.64 G,0.00 B,276.00 B
2019-07-16 16:44:35,257.11 M,4.64 G,0.00 B,324.00 B
2019-07-16 16:44:37,257.11 M,4.64 G,0.00 B,1.55 K
2019-07-16 16:44:39,257.11 M,4.64 G,0.00 B,816.00 B
2019-07-16 16:44:41,257.12 M,4.64 G,12.27 K,712.77 K
2019-07-16 16:44:43,257.12 M,4.64 G,0.00 B,444.00 B
2019-07-16 16:44:45,257.12 M,4.64 G,0.00 B,1.38 K
2019-07-16 16:44:47,257.12 M,4.64 G,0.00 B,444.00 B
2019-07-16 16:44:49,257.12 M,4.64 G,84.00 B,828.00 B
2019-07-16 16:44:51,257.13 M,4.64 G,12.66 K,719.77 K
2019-07-16 16:44:53,257.13 M,4.64 G,0.00 B,1.03 K
2019-07-16 16:44:55,257.13 M,4.64 G,0.00 B,564.00 B
2019-07-16 16:44:57,257.13 M,4.64 G,0.00 B,720.00 B
2019-07-16 16:44:59,257.13 M,4.64 G,0.00 B,432.00 B
2019-07-16 16:45:01,257.13 M,4.64 G,0.00 B,768.00 B
2019-07-16 16:45:03,257.15 M,4.64 G,0.00 B,708.00 B
2019-07-16 16:45:05,257.15 M,4.64 G,0.00 B,336.00 B
2019-07-16 16:45:07,257.15 M,4.64 G,0.00 B,648.00 B
2019-07-16 16:45:09,257.15 M,4.64 G,0.00 B,816.00 B
2019-07-16 16:45:11,257.15 M,4.64 G,0.00 B,1.05 K
2019-07-16 16:45:13,257.16 M,4.64 G,3.01 K,608.00 B
2019-07-16 16:45:15,257.16 M,4.64 G,0.00 B,660.00 B
2019-07-16 16:45:17,257.17 M,4.64 G,0.00 B,1.08 K
2019-07-16 16:45:19,257.17 M,4.64 G,0.00 B,936.00 B
2019-07-16 16:45:21,257.17 M,4.64 G,0.00 B,612.00 B
2019-07-16 16:45:23,257.18 M,4.64 G,13.03 K,740.60 K
2019-07-16 16:45:25,257.18 M,4.64 G,0.00 B,648.00 B
2019-07-16 16:45:27,257.18 M,4.64 G,0.00 B,108.00 B
2019-07-16 16:45:29,257.18 M,4.64 G,0.00 B,876.00 B
2019-07-16 16:45:31,257.18 M,4.64 G,0.00 B,660.00 B
2019-07-16 16:45:33,257.18 M,4.64 G,0.00 B,324.00 B
2019-07-16 16:45:35,257.19 M,4.64 G,0.00 B,888.00 B
2019-07-16 16:45:37,257.19 M,4.64 G,0.00 B,816.00 B
2019-07-16 16:45:39,257.19 M,4.64 G,0.00 B,1.07 K
2019-07-16 16:45:41,257.19 M,4.64 G,0.00 B,384.00 B
2019-07-16 16:45:43,257.19 M,4.64 G,0.00 B,924.00 B
2019-07-16 16:45:45,257.21 M,4.64 G,13.67 K,756.20 K
2019-07-16 16:45:47,257.21 M,4.64 G,0.00 B,492.00 B
2019-07-16 16:45:49,257.21 M,4.64 G,0.00 B,1.32 K
2019-07-16 16:45:51,257.21 M,4.64 G,0.00 B,768.00 B
2019-07-16 16:45:53,257.21 M,4.64 G,0.00 B,756.00 B
2019-07-16 16:45:55,257.21 M,4.64 G,0.00 B,1.01 K
2019-07-16 16:45:57,257.22 M,4.64 G,2.92 K,1.24 K
2019-07-16 16:45:59,257.22 M,4.64 G,0.00 B,396.00 B
2019-07-16 16:46:01,257.22 M,4.64 G,0.00 B,13.01 K
2019-07-16 16:46:03,257.22 M,4.64 G,0.00 B,924.00 B
2019-07-16 16:46:05,257.22 M,4.64 G,0.00 B,324.00 B
2019-07-16 16:46:07,257.22 M,4.64 G,0.00 B,492.00 B
2019-07-16 16:46:09,257.23 M,4.64 G,0.00 B,648.00 B
2019-07-16 16:46:11,257.23 M,4.64 G,0.00 B,768.00 B
2019-07-16 16:46:13,257.23 M,4.64 G,0.00 B,876.00 B
2019-07-16 16:46:15,257.23 M,4.64 G,0.00 B,276.00 B
2019-07-16 16:46:17,257.23 M,4.64 G,0.00 B,324.00 B
2019-07-16 16:46:19,257.24 M,4.64 G,12.37 K,705.50 K
2019-07-16 16:46:21,257.24 M,4.64 G,0.00 B,1.32 K
2019-07-16 16:46:23,257.24 M,4.64 G,0.00 B,708.00 B
2019-07-16 16:46:25,257.24 M,4.64 G,0.00 B,276.00 B
2019-07-16 16:46:27,257.24 M,4.64 G,0.00 B,600.00 B
2019-07-16 16:46:29,257.24 M,4.64 G,0.00 B,492.00 B
2019-07-16 16:46:31,257.26 M,4.64 G,0.00 B,276.00 B
2019-07-16 16:46:33,257.26 M,4.64 G,0.00 B,876.00 B
2019-07-16 16:46:35,257.26 M,4.64 G,0.00 B,276.00 B
2019-07-16 16:46:37,257.26 M,4.64 G,0.00 B,540.00 B
2019-07-16 16:46:39,257.26 M,4.64 G,0.00 B,924.00 B
2019-07-16 16:46:41,257.27 M,4.65 G,9.72 K,585.96 K
2019-07-16 16:46:43,257.27 M,4.65 G,0.00 B,816.00 B
2019-07-16 16:46:45,257.27 M,4.65 G,0.00 B,720.00 B
2019-07-16 16:46:47,257.27 M,4.65 G,0.00 B,1.01 K
2019-07-16 16:46:49,257.27 M,4.65 G,42.00 B,936.00 B
2019-07-16 16:46:51,257.27 M,4.65 G,84.00 B,828.00 B
2019-07-16 16:46:53,257.28 M,4.65 G,0.00 B,720.00 B
2019-07-16 16:46:55,257.28 M,4.65 G,0.00 B,324.00 B
2019-07-16 16:46:57,257.28 M,4.65 G,0.00 B,708.00 B
2019-07-16 16:46:59,257.28 M,4.65 G,0.00 B,540.00 B
2019-07-16 16:47:01,257.28 M,4.65 G,0.00 B,13.23 K
2019-07-16 16:47:03,257.29 M,4.65 G,9.02 K,736.63 K
2019-07-16 16:47:05,257.29 M,4.65 G,0.00 B,1.18 K
2019-07-16 16:47:07,257.29 M,4.65 G,0.00 B,936.00 B
2019-07-16 16:47:09,257.29 M,4.65 G,0.00 B,768.00 B
2019-07-16 16:47:11,257.29 M,4.65 G,0.00 B,540.00 B
2019-07-16 16:47:13,257.29 M,4.65 G,0.00 B,504.00 B
2019-07-16 16:47:15,257.31 M,4.65 G,12.71 K,761.19 K
2019-07-16 16:47:18,257.31 M,4.65 G,0.00 B,600.00 B
2019-07-16 16:47:20,257.31 M,4.65 G,42.00 B,1.32 K
2019-07-16 16:47:22,257.31 M,4.65 G,0.00 B,708.00 B
2019-07-16 16:47:24,257.31 M,4.65 G,0.00 B,60.00 B
2019-07-16 16:47:26,257.31 M,4.65 G,0.00 B,1.07 K
2019-07-16 16:47:28,257.32 M,4.65 G,13.03 K,751.86 K
2019-07-16 16:47:30,257.32 M,4.65 G,0.00 B,708.00 B
2019-07-16 16:47:32,257.32 M,4.65 G,0.00 B,336.00 B
2019-07-16 16:47:34,257.32 M,4.65 G,0.00 B,600.00 B
2019-07-16 16:47:36,257.33 M,4.65 G,0.00 B,1.11 K
2019-07-16 16:47:38,257.33 M,4.65 G,0.00 B,432.00 B
2019-07-16 16:47:40,257.34 M,4.65 G,0.00 B,324.00 B
2019-07-16 16:47:42,257.34 M,4.65 G,0.00 B,768.00 B
2019-07-16 16:47:44,257.34 M,4.65 G,0.00 B,648.00 B
2019-07-16 16:47:46,257.34 M,4.65 G,0.00 B,1.22 K
2019-07-16 16:47:48,257.34 M,4.65 G,7.74 K,571.40 K
2019-07-16 16:47:50,257.35 M,4.65 G,0.00 B,708.00 B
2019-07-16 16:47:52,257.35 M,4.65 G,0.00 B,924.00 B
2019-07-16 16:47:54,257.35 M,4.65 G,0.00 B,612.00 B
2019-07-16 16:47:56,257.35 M,4.65 G,0.00 B,876.00 B
2019-07-16 16:47:58,257.36 M,4.65 G,9.00 K,493.50 K
2019-07-16 16:48:00,257.36 M,4.65 G,0.00 B,384.00 B
2019-07-16 16:48:02,257.36 M,4.65 G,0.00 B,14.12 K
2019-07-16 16:48:04,257.36 M,4.65 G,0.00 B,612.00 B
2019-07-16 16:48:06,257.36 M,4.65 G,1.80 K,45.44 K
2019-07-16 16:48:08,257.37 M,4.65 G,0.00 B,1.16 K
2019-07-16 16:48:10,257.37 M,4.65 G,0.00 B,984.00 B
2019-07-16 16:48:12,257.37 M,4.65 G,0.00 B,492.00 B
2019-07-16 16:48:14,257.37 M,4.65 G,0.00 B,936.00 B
2019-07-16 16:48:16,257.39 M,4.65 G,12.79 K,690.85 K
2019-07-16 16:48:18,257.39 M,4.65 G,0.00 B,1.32 K
2019-07-16 16:48:20,257.39 M,4.65 G,0.00 B,660.00 B
2019-07-16 16:48:22,257.39 M,4.65 G,42.00 B,384.00 B
2019-07-16 16:48:24,257.39 M,4.65 G,0.00 B,648.00 B
2019-07-16 16:48:26,257.40 M,4.65 G,0.00 B,564.00 B
2019-07-16 16:48:28,257.40 M,4.65 G,0.00 B,816.00 B
2019-07-16 16:48:30,257.40 M,4.65 G,0.00 B,996.00 B
2019-07-16 16:48:32,257.40 M,4.65 G,0.00 B,384.00 B
2019-07-16 16:48:34,257.40 M,4.65 G,0.00 B,1.16 K
2019-07-16 16:48:36,257.41 M,4.65 G,0.00 B,1.01 K
2019-07-16 16:48:38,257.41 M,4.65 G,0.00 B,396.00 B
2019-07-16 16:48:40,257.41 M,4.65 G,0.00 B,756.00 B
2019-07-16 16:48:42,257.41 M,4.65 G,50.00 B,888.00 B
2019-07-16 16:48:44,257.41 M,4.65 G,0.00 B,600.00 B
2019-07-16 16:48:46,257.42 M,4.65 G,12.29 K,712.15 K
2019-07-16 16:48:48,257.42 M,4.65 G,0.00 B,888.00 B
2019-07-16 16:48:50,257.42 M,4.65 G,0.00 B,552.00 B
2019-07-16 16:48:52,257.42 M,4.65 G,0.00 B,600.00 B
2019-07-16 16:48:54,257.42 M,4.65 G,84.00 B,1.08 K
2019-07-16 16:48:56,257.42 M,4.65 G,2.64 K,130.21 K
2019-07-16 16:48:58,257.43 M,4.65 G,0.00 B,519.00 B
2019-07-16 16:49:00,257.43 M,4.65 G,0.00 B,1.22 K
2019-07-16 16:49:02,257.43 M,4.65 G,0.00 B,708.00 B
2019-07-16 16:49:04,257.43 M,4.65 G,0.00 B,660.00 B
2019-07-16 16:49:06,257.43 M,4.65 G,0.00 B,660.00 B
2019-07-16 16:49:08,257.45 M,4.65 G,13.57 K,774.64 K
2019-07-16 16:49:10,257.45 M,4.65 G,0.00 B,444.00 B
2019-07-16 16:49:12,257.45 M,4.65 G,0.00 B,540.00 B
2019-07-16 16:49:14,257.45 M,4.65 G,0.00 B,612.00 B
2019-07-16 16:49:16,257.45 M,4.65 G,0.00 B,972.00 B
2019-07-16 16:49:18,257.45 M,4.65 G,0.00 B,876.00 B
2019-07-16 16:49:20,257.46 M,4.66 G,7.72 K,391.32 K
2019-07-16 16:49:22,257.46 M,4.66 G,0.00 B,600.00 B
2019-07-16 16:49:24,257.46 M,4.66 G,42.00 B,492.00 B
2019-07-16 16:49:26,257.46 M,4.66 G,0.00 B,756.00 B
2019-07-16 16:49:28,257.46 M,4.66 G,0.00 B,1.70 K
2019-07-16 16:49:30,257.46 M,4.66 G,0.00 B,324.00 B
2019-07-16 16:49:32,257.47 M,4.66 G,0.00 B,492.00 B
2019-07-16 16:49:34,257.47 M,4.66 G,0.00 B,972.00 B
2019-07-16 16:49:36,257.47 M,4.66 G,0.00 B,600.00 B
2019-07-16 16:49:38,257.47 M,4.66 G,0.00 B,876.00 B
2019-07-16 16:49:40,257.47 M,4.66 G,0.00 B,432.00 B
2019-07-16 16:49:42,257.49 M,4.66 G,12.32 K,768.69 K
2019-07-16 16:49:44,257.49 M,4.66 G,0.00 B,756.00 B
2019-07-16 16:49:46,257.49 M,4.66 G,0.00 B,600.00 B
2019-07-16 16:49:48,257.49 M,4.66 G,0.00 B,756.00 B
2019-07-16 16:49:50,257.49 M,4.66 G,204.00 B,906.00 B
2019-07-16 16:49:52,257.49 M,4.66 G,0.00 B,492.00 B
2019-07-16 16:49:54,257.50 M,4.66 G,4.43 K,93.23 K
2019-07-16 16:49:56,257.50 M,4.66 G,0.00 B,720.00 B
2019-07-16 16:49:58,257.50 M,4.66 G,0.00 B,1.39 K
2019-07-16 16:50:00,257.50 M,4.66 G,0.00 B,768.00 B
2019-07-16 16:50:02,257.50 M,4.66 G,54.00 B,924.00 B
2019-07-16 16:50:04,257.50 M,4.66 G,0.00 B,936.00 B
2019-07-16 16:50:06,257.51 M,4.66 G,84.00 B,552.00 B
2019-07-16 16:50:08,257.51 M,4.66 G,0.00 B,756.00 B
2019-07-16 16:50:10,257.51 M,4.66 G,54.00 B,876.00 B
2019-07-16 16:50:12,257.51 M,4.66 G,0.00 B,876.00 B
2019-07-16 16:50:15,257.51 M,4.66 G,0.00 B,864.00 B
2019-07-16 16:50:17,257.53 M,4.66 G,15.16 K,693.42 K
2019-07-16 16:50:19,257.53 M,4.66 G,0.00 B,276.00 B
2019-07-16 16:50:21,257.53 M,4.66 G,54.00 B,660.00 B
2019-07-16 16:50:23,257.53 M,4.66 G,0.00 B,828.00 B
2019-07-16 16:50:25,257.53 M,4.66 G,0.00 B,432.00 B
2019-07-16 16:50:27,257.54 M,4.66 G,13.91 K,689.16 K
2019-07-16 16:50:29,257.54 M,4.66 G,0.00 B,600.00 B
2019-07-16 16:50:31,257.54 M,4.66 G,0.00 B,756.00 B
2019-07-16 16:50:33,257.54 M,4.66 G,0.00 B,492.00 B
2019-07-16 16:50:35,257.54 M,4.66 G,0.00 B,876.00 B
2019-07-16 16:50:37,257.55 M,4.66 G,12.83 K,701.38 K
2019-07-16 16:50:39,257.55 M,4.66 G,0.00 B,708.00 B
2019-07-16 16:50:41,257.55 M,4.66 G,0.00 B,492.00 B
2019-07-16 16:50:43,257.55 M,4.66 G,0.00 B,756.00 B
2019-07-16 16:50:45,257.55 M,4.66 G,0.00 B,756.00 B
2019-07-16 16:50:47,257.55 M,4.66 G,0.00 B,828.00 B
2019-07-16 16:50:49,257.56 M,4.66 G,0.00 B,1.07 K
2019-07-16 16:50:51,257.56 M,4.66 G,0.00 B,384.00 B
2019-07-16 16:50:53,257.56 M,4.66 G,0.00 B,828.00 B
2019-07-16 16:50:55,257.56 M,4.66 G,0.00 B,276.00 B
2019-07-16 16:50:57,257.56 M,4.66 G,84.00 B,1.39 K
2019-07-16 16:50:59,257.58 M,4.66 G,0.00 B,540.00 B
2019-07-16 16:51:01,257.58 M,4.66 G,0.00 B,708.00 B
2019-07-16 16:51:03,257.58 M,4.66 G,0.00 B,1.12 K
2019-07-16 16:51:05,257.58 M,4.66 G,0.00 B,504.00 B
2019-07-16 16:51:07,257.59 M,4.66 G,9.15 K,687.23 K
2019-07-16 16:51:09,257.59 M,4.66 G,0.00 B,768.00 B
2019-07-16 16:51:11,257.59 M,4.66 G,0.00 B,1.22 K
2019-07-16 16:51:13,257.59 M,4.66 G,0.00 B,708.00 B
2019-07-16 16:51:15,257.59 M,4.66 G,0.00 B,648.00 B
2019-07-16 16:51:17,257.60 M,4.66 G,12.08 K,688.62 K
2019-07-16 16:51:19,257.60 M,4.66 G,0.00 B,816.00 B
2019-07-16 16:51:21,257.60 M,4.66 G,0.00 B,396.00 B
2019-07-16 16:51:23,257.60 M,4.66 G,0.00 B,492.00 B
2019-07-16 16:51:25,257.60 M,4.66 G,0.00 B,816.00 B
2019-07-16 16:51:27,257.61 M,4.66 G,12.67 K,720.77 K
2019-07-16 16:51:29,257.61 M,4.66 G,0.00 B,1.38 K
2019-07-16 16:51:31,257.61 M,4.66 G,0.00 B,984.00 B
2019-07-16 16:51:33,257.61 M,4.66 G,0.00 B,816.00 B
2019-07-16 16:51:35,257.61 M,4.66 G,0.00 B,876.00 B
2019-07-16 16:51:37,257.63 M,4.66 G,12.13 K,691.67 K
2019-07-16 16:51:39,257.63 M,4.66 G,0.00 B,972.00 B
2019-07-16 16:51:41,257.63 M,4.66 G,0.00 B,660.00 B
2019-07-16 16:51:43,257.63 M,4.66 G,0.00 B,876.00 B
2019-07-16 16:51:45,257.63 M,4.66 G,0.00 B,1.01 K
2019-07-16 16:51:47,257.64 M,4.67 G,10.24 K,594.32 K
2019-07-16 16:51:49,257.64 M,4.67 G,0.00 B,168.00 B
2019-07-16 16:51:51,257.64 M,4.67 G,0.00 B,600.00 B
2019-07-16 16:51:53,257.64 M,4.67 G,204.00 B,462.00 B
2019-07-16 16:51:55,257.64 M,4.67 G,42.00 B,1.22 K
2019-07-16 16:51:57,257.65 M,4.67 G,11.94 K,714.03 K
2019-07-16 16:51:59,257.65 M,4.67 G,42.00 B,612.00 B
2019-07-16 16:52:01,257.65 M,4.67 G,0.00 B,1.07 K
2019-07-16 16:52:03,257.65 M,4.67 G,0.00 B,492.00 B
2019-07-16 16:52:05,257.65 M,4.67 G,0.00 B,432.00 B
2019-07-16 16:52:07,257.65 M,4.67 G,0.00 B,432.00 B
2019-07-16 16:52:09,257.66 M,4.67 G,0.00 B,1.01 K
2019-07-16 16:52:11,257.66 M,4.67 G,0.00 B,648.00 B
2019-07-16 16:52:13,257.66 M,4.67 G,0.00 B,660.00 B
2019-07-16 16:52:15,257.66 M,4.67 G,0.00 B,540.00 B
2019-07-16 16:52:17,257.66 M,4.67 G,0.00 B,924.00 B
2019-07-16 16:52:19,257.66 M,4.67 G,1.87 K,87.50 K
2019-07-16 16:52:21,257.67 M,4.67 G,0.00 B,780.00 B
2019-07-16 16:52:23,257.67 M,4.67 G,0.00 B,1.45 K
2019-07-16 16:52:25,257.67 M,4.67 G,0.00 B,672.00 B
2019-07-16 16:52:27,257.67 M,4.67 G,42.00 B,768.00 B
2019-07-16 16:52:29,257.67 M,4.67 G,0.00 B,384.00 B
2019-07-16 16:52:31,257.67 M,4.67 G,0.00 B,1.38 K
2019-07-16 16:52:33,257.69 M,4.67 G,0.00 B,876.00 B
2019-07-16 16:52:35,257.69 M,4.67 G,2.70 K,5.85 K
2019-07-16 16:52:37,257.69 M,4.67 G,193.00 B,1.03 K
2019-07-16 16:52:39,257.69 M,4.67 G,0.00 B,756.00 B
2019-07-16 16:52:41,257.69 M,4.67 G,0.00 B,840.00 B
2019-07-16 16:52:43,257.69 M,4.67 G,0.00 B,924.00 B
2019-07-16 16:52:45,257.70 M,4.67 G,10.27 K,595.06 K
2019-07-16 16:52:47,257.70 M,4.67 G,0.00 B,504.00 B
2019-07-16 16:52:49,257.70 M,4.67 G,0.00 B,816.00 B
2019-07-16 16:52:51,257.70 M,4.67 G,0.00 B,768.00 B
2019-07-16 16:52:53,257.70 M,4.67 G,0.00 B,660.00 B
2019-07-16 16:52:55,257.70 M,4.67 G,0.00 B,984.00 B
2019-07-16 16:52:57,257.72 M,4.67 G,42.00 B,735.00 B
2019-07-16 16:52:59,257.72 M,4.67 G,42.00 B,984.00 B
2019-07-16 16:53:01,257.72 M,4.67 G,0.00 B,8.68 K
2019-07-16 16:53:03,257.72 M,4.67 G,0.00 B,60.00 B
2019-07-16 16:53:05,257.72 M,4.67 G,0.00 B,768.00 B
2019-07-16 16:53:07,257.73 M,4.67 G,0.00 B,720.00 B
2019-07-16 16:53:09,257.73 M,4.67 G,0.00 B,816.00 B
2019-07-16 16:53:12,257.73 M,4.67 G,0.00 B,972.00 B
2019-07-16 16:53:14,257.73 M,4.67 G,0.00 B,600.00 B
2019-07-16 16:53:16,257.73 M,4.67 G,0.00 B,924.00 B
2019-07-16 16:53:18,257.74 M,4.67 G,0.00 B,816.00 B
2019-07-16 16:53:20,257.74 M,4.67 G,0.00 B,384.00 B
2019-07-16 16:53:22,257.74 M,4.67 G,0.00 B,1.11 K
2019-07-16 16:53:24,257.74 M,4.67 G,0.00 B,396.00 B
2019-07-16 16:53:26,257.74 M,4.67 G,0.00 B,768.00 B
2019-07-16 16:53:28,257.75 M,4.67 G,0.00 B,768.00 B
2019-07-16 16:53:30,257.75 M,4.67 G,0.00 B,780.00 B
2019-07-16 16:53:32,257.75 M,4.67 G,0.00 B,1.08 K
2019-07-16 16:53:34,257.75 M,4.67 G,0.00 B,492.00 B
2019-07-16 16:53:36,257.75 M,4.67 G,0.00 B,756.00 B
2019-07-16 16:53:38,257.76 M,4.67 G,12.66 K,729.41 K
2019-07-16 16:53:40,257.76 M,4.67 G,50.00 B,768.00 B
2019-07-16 16:53:42,257.76 M,4.67 G,0.00 B,996.00 B
2019-07-16 16:53:44,257.76 M,4.67 G,0.00 B,444.00 B
2019-07-16 16:53:46,257.76 M,4.67 G,0.00 B,600.00 B
2019-07-16 16:53:48,257.76 M,4.67 G,0.00 B,1.01 K
2019-07-16 16:53:50,257.78 M,4.67 G,12.86 K,714.30 K
2019-07-16 16:53:52,257.78 M,4.67 G,0.00 B,708.00 B
2019-07-16 16:53:54,257.78 M,4.67 G,0.00 B,816.00 B
2019-07-16 16:53:56,257.78 M,4.67 G,204.00 B,522.00 B
2019-07-16 16:53:58,257.78 M,4.67 G,42.00 B,1.30 K
2019-07-16 16:54:00,257.78 M,4.67 G,0.00 B,612.00 B
2019-07-16 16:54:02,257.79 M,4.67 G,42.00 B,2.62 K
2019-07-16 16:54:04,257.79 M,4.67 G,0.00 B,1.07 K
2019-07-16 16:54:06,257.79 M,4.67 G,0.00 B,924.00 B
2019-07-16 16:54:08,257.79 M,4.67 G,0.00 B,699.00 B
2019-07-16 16:54:10,257.79 M,4.67 G,0.00 B,1.08 K
2019-07-16 16:54:12,257.80 M,4.67 G,12.33 K,736.23 K
2019-07-16 16:54:14,257.80 M,4.67 G,0.00 B,972.00 B
2019-07-16 16:54:16,257.80 M,4.67 G,0.00 B,660.00 B
2019-07-16 16:54:18,257.80 M,4.67 G,0.00 B,276.00 B
2019-07-16 16:54:20,257.80 M,4.67 G,0.00 B,1.02 K
2019-07-16 16:54:22,257.80 M,4.67 G,0.00 B,816.00 B
2019-07-16 16:54:24,257.81 M,4.67 G,13.53 K,744.97 K
2019-07-16 16:54:26,257.81 M,4.67 G,0.00 B,720.00 B
2019-07-16 16:54:28,257.81 M,4.67 G,0.00 B,648.00 B
2019-07-16 16:54:30,257.81 M,4.67 G,0.00 B,708.00 B
2019-07-16 16:54:32,257.81 M,4.67 G,0.00 B,675.00 B
2019-07-16 16:54:34,257.81 M,4.67 G,0.00 B,924.00 B
2019-07-16 16:54:36,257.82 M,4.68 G,8.70 K,661.74 K
2019-07-16 16:54:38,257.82 M,4.68 G,0.00 B,552.00 B
2019-07-16 16:54:40,257.82 M,4.68 G,0.00 B,783.00 B
2019-07-16 16:54:42,257.82 M,4.68 G,0.00 B,1.23 K
2019-07-16 16:54:44,257.82 M,4.68 G,0.00 B,432.00 B
2019-07-16 16:54:46,257.82 M,4.68 G,0.00 B,324.00 B
2019-07-16 16:54:48,257.84 M,4.68 G,3.47 K,46.07 K
2019-07-16 16:54:50,257.84 M,4.68 G,0.00 B,1.30 K
2019-07-16 16:54:52,257.84 M,4.68 G,0.00 B,843.00 B
2019-07-16 16:54:54,257.84 M,4.68 G,0.00 B,384.00 B
2019-07-16 16:54:56,257.84 M,4.68 G,0.00 B,756.00 B
2019-07-16 16:54:58,257.84 M,4.68 G,0.00 B,903.00 B
2019-07-16 16:55:00,257.85 M,4.68 G,0.00 B,990.00 B
2019-07-16 16:55:02,257.85 M,4.68 G,0.00 B,660.00 B
2019-07-16 16:55:04,257.85 M,4.68 G,0.00 B,864.00 B
2019-07-16 16:55:06,257.85 M,4.68 G,0.00 B,600.00 B
2019-07-16 16:55:08,257.85 M,4.68 G,0.00 B,828.00 B
2019-07-16 16:55:10,257.85 M,4.68 G,0.00 B,600.00 B
2019-07-16 16:55:12,257.85 M,4.68 G,0.00 B,936.00 B
2019-07-16 16:55:14,257.86 M,4.68 G,0.00 B,924.00 B
2019-07-16 16:55:16,257.86 M,4.68 G,0.00 B,720.00 B
2019-07-16 16:55:18,257.86 M,4.68 G,0.00 B,1.78 K
2019-07-16 16:55:20,257.86 M,4.68 G,0.00 B,600.00 B
2019-07-16 16:55:22,257.86 M,4.68 G,0.00 B,891.00 B
2019-07-16 16:55:24,257.86 M,4.68 G,0.00 B,1.16 K
2019-07-16 16:55:26,257.88 M,4.68 G,13.58 K,825.81 K
2019-07-16 16:55:28,257.88 M,4.68 G,0.00 B,432.00 B
2019-07-16 16:55:30,257.88 M,4.68 G,0.00 B,816.00 B
2019-07-16 16:55:32,257.88 M,4.68 G,42.00 B,1.03 K
2019-07-16 16:55:34,257.88 M,4.68 G,0.00 B,708.00 B
2019-07-16 16:55:36,257.88 M,4.68 G,0.00 B,1.11 K
2019-07-16 16:55:38,257.89 M,4.68 G,11.71 K,727.34 K
2019-07-16 16:55:40,257.89 M,4.68 G,0.00 B,540.00 B
2019-07-16 16:55:42,257.89 M,4.68 G,0.00 B,623.00 B
2019-07-16 16:55:44,257.89 M,4.68 G,0.00 B,324.00 B
2019-07-16 16:55:46,257.89 M,4.68 G,0.00 B,540.00 B
2019-07-16 16:55:48,257.89 M,4.68 G,0.00 B,1.02 K
2019-07-16 16:55:50,257.90 M,4.68 G,4.94 K,127.30 K
2019-07-16 16:55:52,257.90 M,4.68 G,0.00 B,432.00 B
2019-07-16 16:55:54,257.90 M,4.68 G,0.00 B,768.00 B
2019-07-16 16:55:56,257.90 M,4.68 G,0.00 B,816.00 B
2019-07-16 16:55:58,257.90 M,4.68 G,0.00 B,456.00 B
2019-07-16 16:56:00,257.91 M,4.68 G,12.60 K,683.51 K
2019-07-16 16:56:02,257.91 M,4.68 G,0.00 B,600.00 B
2019-07-16 16:56:04,257.91 M,4.68 G,84.00 B,768.00 B
2019-07-16 16:56:06,257.91 M,4.68 G,0.00 B,1.86 K
2019-07-16 16:56:09,257.91 M,4.68 G,0.00 B,324.00 B
2019-07-16 16:56:11,257.92 M,4.68 G,12.10 K,687.67 K
2019-07-16 16:56:13,257.92 M,4.68 G,0.00 B,456.00 B
2019-07-16 16:56:15,257.92 M,4.68 G,0.00 B,828.00 B
2019-07-16 16:56:17,257.92 M,4.68 G,0.00 B,519.00 B
2019-07-16 16:56:19,257.93 M,4.68 G,0.00 B,768.00 B
2019-07-16 16:56:21,257.93 M,4.68 G,0.00 B,1.20 K
2019-07-16 16:56:23,257.93 M,4.68 G,0.00 B,1.16 K
2019-07-16 16:56:25,257.93 M,4.68 G,0.00 B,564.00 B
2019-07-16 16:56:27,257.93 M,4.68 G,0.00 B,384.00 B
2019-07-16 16:56:29,257.93 M,4.68 G,0.00 B,708.00 B
2019-07-16 16:56:31,257.94 M,4.68 G,3.08 K,872.00 B
2019-07-16 16:56:33,257.94 M,4.68 G,0.00 B,876.00 B
2019-07-16 16:56:35,257.94 M,4.68 G,0.00 B,444.00 B
2019-07-16 16:56:37,257.94 M,4.68 G,0.00 B,1.07 K
2019-07-16 16:56:39,257.94 M,4.68 G,0.00 B,648.00 B
2019-07-16 16:56:41,257.94 M,4.68 G,0.00 B,600.00 B
2019-07-16 16:56:43,257.94 M,4.68 G,0.00 B,876.00 B
2019-07-16 16:56:45,257.94 M,4.68 G,0.00 B,504.00 B
2019-07-16 16:56:47,257.94 M,4.68 G,0.00 B,600.00 B
2019-07-16 16:56:49,257.96 M,4.68 G,0.00 B,648.00 B
2019-07-16 16:56:51,257.96 M,4.68 G,0.00 B,816.00 B
2019-07-16 16:56:53,257.96 M,4.68 G,0.00 B,768.00 B
2019-07-16 16:56:55,257.96 M,4.68 G,0.00 B,708.00 B
2019-07-16 16:56:57,257.96 M,4.68 G,0.00 B,672.00 B
2019-07-16 16:56:59,257.96 M,4.68 G,0.00 B,816.00 B
2019-07-16 16:57:01,257.96 M,4.68 G,204.00 B,630.00 B
2019-07-16 16:57:03,257.96 M,4.68 G,42.00 B,816.00 B
2019-07-16 16:57:05,257.97 M,4.68 G,13.77 K,830.55 K
2019-07-16 16:57:07,257.97 M,4.68 G,0.00 B,648.00 B
2019-07-16 16:57:09,257.97 M,4.68 G,0.00 B,1.01 K
2019-07-16 16:57:11,257.97 M,4.68 G,0.00 B,780.00 B
2019-07-16 16:57:13,257.97 M,4.68 G,0.00 B,1.08 K
2019-07-16 16:57:15,257.97 M,4.68 G,4.55 K,4.86 K
2019-07-16 16:57:17,257.97 M,4.68 G,0.00 B,924.00 B
2019-07-16 16:57:19,257.97 M,4.68 G,0.00 B,660.00 B
2019-07-16 16:57:21,257.97 M,4.68 G,0.00 B,1.02 K
2019-07-16 16:57:23,257.99 M,4.68 G,2.85 K,1.21 K
2019-07-16 16:57:25,257.99 M,4.68 G,0.00 B,840.00 B
2019-07-16 16:57:27,257.99 M,4.68 G,0.00 B,456.00 B
2019-07-16 16:57:29,257.99 M,4.68 G,0.00 B,924.00 B
2019-07-16 16:57:31,257.99 M,4.68 G,0.00 B,768.00 B
2019-07-16 16:57:33,257.99 M,4.68 G,0.00 B,816.00 B
2019-07-16 16:57:35,257.99 M,4.68 G,0.00 B,720.00 B
2019-07-16 16:57:37,257.99 M,4.68 G,2.70 K,6.15 K
2019-07-16 16:57:39,257.99 M,4.68 G,0.00 B,936.00 B
2019-07-16 16:57:41,258.00 M,4.69 G,14.00 K,835.26 K
2019-07-16 16:57:43,258.00 M,4.69 G,0.00 B,996.00 B
2019-07-16 16:57:45,258.00 M,4.69 G,193.00 B,1.08 K
2019-07-16 16:57:47,258.00 M,4.69 G,0.00 B,780.00 B
2019-07-16 16:57:49,258.00 M,4.69 G,42.00 B,816.00 B
2019-07-16 16:57:51,258.00 M,4.69 G,0.00 B,708.00 B
2019-07-16 16:57:53,258.00 M,4.69 G,0.00 B,108.00 B
2019-07-16 16:57:55,258.00 M,4.69 G,0.00 B,492.00 B
2019-07-16 16:57:57,258.00 M,4.69 G,0.00 B,492.00 B
2019-07-16 16:57:59,258.02 M,4.69 G,10.39 K,618.26 K
2019-07-16 16:58:01,258.02 M,4.69 G,0.00 B,12.86 K
2019-07-16 16:58:03,258.02 M,4.69 G,0.00 B,1.12 K
2019-07-16 16:58:05,258.02 M,4.69 G,0.00 B,540.00 B
2019-07-16 16:58:07,258.02 M,4.69 G,84.00 B,612.00 B
2019-07-16 16:58:09,258.02 M,4.69 G,0.00 B,816.00 B
2019-07-16 16:58:11,258.02 M,4.69 G,0.00 B,336.00 B
2019-07-16 16:58:13,258.02 M,4.69 G,0.00 B,1.11 K
2019-07-16 16:58:15,258.02 M,4.69 G,0.00 B,1.17 K
2019-07-16 16:58:17,258.03 M,4.69 G,0.00 B,648.00 B
2019-07-16 16:58:19,258.03 M,4.69 G,0.00 B,324.00 B
2019-07-16 16:58:21,258.03 M,4.69 G,0.00 B,1.07 K
2019-07-16 16:58:23,258.03 M,4.69 G,0.00 B,768.00 B
2019-07-16 16:58:25,258.03 M,4.69 G,0.00 B,924.00 B
2019-07-16 16:58:27,258.03 M,4.69 G,0.00 B,768.00 B
2019-07-16 16:58:29,258.03 M,4.69 G,0.00 B,828.00 B
2019-07-16 16:58:31,258.03 M,4.69 G,0.00 B,1.49 K
2019-07-16 16:58:33,258.03 M,4.69 G,0.00 B,432.00 B
2019-07-16 16:58:35,258.05 M,4.69 G,0.00 B,1.11 K
2019-07-16 16:58:37,258.05 M,4.69 G,42.00 B,456.00 B
2019-07-16 16:58:39,258.05 M,4.69 G,0.00 B,1.28 K
2019-07-16 16:58:41,258.05 M,4.69 G,0.00 B,1.35 K
2019-07-16 16:58:43,258.05 M,4.69 G,0.00 B,876.00 B
2019-07-16 16:58:45,258.05 M,4.69 G,0.00 B,756.00 B
2019-07-16 16:58:47,258.05 M,4.69 G,0.00 B,816.00 B
2019-07-16 16:58:49,258.05 M,4.69 G,0.00 B,600.00 B
2019-07-16 16:58:51,258.06 M,4.69 G,10.31 K,801.09 K
2019-07-16 16:58:53,258.06 M,4.69 G,0.00 B,504.00 B
2019-07-16 16:58:55,258.06 M,4.69 G,0.00 B,708.00 B
2019-07-16 16:58:57,258.06 M,4.69 G,0.00 B,492.00 B
2019-07-16 16:59:00,258.06 M,4.69 G,0.00 B,324.00 B
2019-07-16 16:59:02,258.06 M,4.69 G,0.00 B,13.05 K
2019-07-16 16:59:04,258.06 M,4.69 G,204.00 B,354.00 B
2019-07-16 16:59:06,258.06 M,4.69 G,0.00 B,336.00 B
2019-07-16 16:59:08,258.06 M,4.69 G,0.00 B,1.28 K
2019-07-16 16:59:10,258.07 M,4.69 G,13.44 K,826.26 K
2019-07-16 16:59:12,258.07 M,4.69 G,0.00 B,660.00 B
2019-07-16 16:59:14,258.07 M,4.69 G,0.00 B,708.00 B
2019-07-16 16:59:16,258.07 M,4.69 G,0.00 B,1.05 K
2019-07-16 16:59:18,258.07 M,4.69 G,0.00 B,756.00 B
2019-07-16 16:59:20,258.07 M,4.69 G,0.00 B,660.00 B
2019-07-16 16:59:22,258.07 M,4.69 G,0.00 B,768.00 B
2019-07-16 16:59:24,258.07 M,4.69 G,0.00 B,1.29 K
2019-07-16 16:59:26,258.07 M,4.69 G,0.00 B,396.00 B
2019-07-16 16:59:28,258.09 M,4.69 G,11.08 K,703.54 K
2019-07-16 16:59:30,258.09 M,4.69 G,0.00 B,696.00 B
2019-07-16 16:59:32,258.09 M,4.69 G,0.00 B,612.00 B
2019-07-16 16:59:34,258.09 M,4.69 G,0.00 B,1.05 K
2019-07-16 16:59:36,258.09 M,4.69 G,0.00 B,492.00 B
2019-07-16 16:59:38,258.09 M,4.69 G,0.00 B,1.12 K
2019-07-16 16:59:40,258.09 M,4.69 G,0.00 B,1.01 K
2019-07-16 16:59:42,258.09 M,4.69 G,0.00 B,720.00 B
2019-07-16 16:59:44,258.09 M,4.69 G,0.00 B,864.00 B
2019-07-16 16:59:46,258.10 M,4.69 G,0.00 B,504.00 B
2019-07-16 16:59:48,258.10 M,4.69 G,0.00 B,924.00 B
2019-07-16 16:59:50,258.10 M,4.69 G,0.00 B,864.00 B
2019-07-16 16:59:52,258.10 M,4.69 G,0.00 B,432.00 B
2019-07-16 16:59:54,258.10 M,4.69 G,0.00 B,756.00 B
2019-07-16 16:59:56,258.10 M,4.69 G,0.00 B,1.11 K
2019-07-16 16:59:58,258.10 M,4.69 G,0.00 B,660.00 B
2019-07-16 17:00:00,258.10 M,4.69 G,0.00 B,648.00 B
2019-07-16 17:00:02,258.10 M,4.69 G,108.00 B,8.92 K
2019-07-16 17:00:04,258.11 M,4.69 G,3.12 K,677.00 B
2019-07-16 17:00:06,258.11 M,4.69 G,96.00 B,1.18 K
2019-07-16 17:00:08,258.11 M,4.69 G,0.00 B,432.00 B
2019-07-16 17:00:10,258.11 M,4.69 G,84.00 B,768.00 B
2019-07-16 17:00:12,258.11 M,4.69 G,0.00 B,1.02 K
2019-07-16 17:00:14,258.11 M,4.69 G,0.00 B,432.00 B
2019-07-16 17:00:16,258.11 M,4.69 G,0.00 B,864.00 B
2019-07-16 17:00:18,258.12 M,4.69 G,6.17 K,368.26 K
2019-07-16 17:00:20,258.12 M,4.69 G,54.00 B,660.00 B
2019-07-16 17:00:22,258.14 M,4.69 G,10.72 K,651.63 K
2019-07-16 17:00:24,258.14 M,4.69 G,0.00 B,600.00 B
2019-07-16 17:00:26,258.14 M,4.69 G,76.00 B,732.00 B
2019-07-16 17:00:28,258.14 M,4.69 G,0.00 B,864.00 B
2019-07-16 17:00:30,258.14 M,4.69 G,0.00 B,432.00 B
2019-07-16 17:00:32,258.14 M,4.69 G,0.00 B,768.00 B
2019-07-16 17:00:34,258.14 M,4.69 G,0.00 B,552.00 B
2019-07-16 17:00:36,258.14 M,4.69 G,0.00 B,708.00 B
2019-07-16 17:00:38,258.14 M,4.69 G,0.00 B,1.16 K
2019-07-16 17:00:40,258.15 M,4.69 G,0.00 B,492.00 B
2019-07-16 17:00:42,258.15 M,4.69 G,0.00 B,828.00 B
2019-07-16 17:00:44,258.15 M,4.69 G,0.00 B,948.00 B
2019-07-16 17:00:46,258.15 M,4.69 G,0.00 B,996.00 B
2019-07-16 17:00:48,258.15 M,4.69 G,0.00 B,936.00 B
2019-07-16 17:00:50,258.15 M,4.69 G,0.00 B,552.00 B
2019-07-16 17:00:52,258.15 M,4.69 G,42.00 B,1.08 K
2019-07-16 17:00:54,258.15 M,4.69 G,0.00 B,924.00 B
2019-07-16 17:00:56,258.15 M,4.69 G,2.51 K,135.97 K
2019-07-16 17:00:58,258.16 M,4.69 G,0.00 B,756.00 B
2019-07-16 17:01:00,258.16 M,4.69 G,0.00 B,1.12 K
2019-07-16 17:01:02,258.16 M,4.69 G,0.00 B,13.11 K
2019-07-16 17:01:04,258.16 M,4.69 G,0.00 B,648.00 B
2019-07-16 17:01:06,258.16 M,4.69 G,204.00 B,894.00 B
2019-07-16 17:01:08,258.16 M,4.69 G,0.00 B,648.00 B
2019-07-16 17:01:10,258.16 M,4.69 G,0.00 B,1.02 K
2019-07-16 17:01:12,258.16 M,4.69 G,0.00 B,1.15 K
2019-07-16 17:01:14,258.16 M,4.69 G,0.00 B,816.00 B
2019-07-16 17:01:16,258.18 M,4.70 G,2.99 K,1.52 K
2019-07-16 17:01:18,258.18 M,4.70 G,0.00 B,540.00 B
2019-07-16 17:01:20,258.18 M,4.70 G,0.00 B,756.00 B
2019-07-16 17:01:22,258.18 M,4.70 G,0.00 B,336.00 B
2019-07-16 17:01:24,258.18 M,4.70 G,0.00 B,1.17 K
2019-07-16 17:01:26,258.18 M,4.70 G,0.00 B,324.00 B
2019-07-16 17:01:28,258.18 M,4.70 G,0.00 B,600.00 B
2019-07-16 17:01:30,258.18 M,4.70 G,0.00 B,540.00 B
2019-07-16 17:01:32,258.18 M,4.70 G,0.00 B,216.00 B
2019-07-16 17:01:34,258.19 M,4.70 G,13.43 K,851.40 K
2019-07-16 17:01:36,258.19 M,4.70 G,0.00 B,708.00 B
2019-07-16 17:01:38,258.19 M,4.70 G,0.00 B,672.00 B
2019-07-16 17:01:40,258.19 M,4.70 G,42.00 B,1.12 K
2019-07-16 17:01:42,258.19 M,4.70 G,0.00 B,876.00 B
2019-07-16 17:01:44,258.19 M,4.70 G,0.00 B,756.00 B
2019-07-16 17:01:46,258.19 M,4.70 G,0.00 B,660.00 B
2019-07-16 17:01:48,258.19 M,4.70 G,0.00 B,540.00 B
2019-07-16 17:01:50,258.19 M,4.70 G,0.00 B,1.02 K
2019-07-16 17:01:52,258.19 M,4.70 G,0.00 B,924.00 B
2019-07-16 17:01:54,258.20 M,4.70 G,0.00 B,756.00 B
2019-07-16 17:01:56,258.20 M,4.70 G,0.00 B,660.00 B
2019-07-16 17:01:59,258.20 M,4.70 G,0.00 B,504.00 B
2019-07-16 17:02:01,258.20 M,4.70 G,0.00 B,6.12 K
2019-07-16 17:02:03,258.20 M,4.70 G,0.00 B,768.00 B
2019-07-16 17:02:05,258.20 M,4.70 G,0.00 B,936.00 B
2019-07-16 17:02:07,258.20 M,4.70 G,0.00 B,648.00 B
2019-07-16 17:02:09,258.21 M,4.70 G,0.00 B,828.00 B
2019-07-16 17:02:11,258.21 M,4.70 G,42.00 B,384.00 B
2019-07-16 17:02:13,258.22 M,4.70 G,9.35 K,518.50 K
2019-07-16 17:02:15,258.22 M,4.70 G,0.00 B,984.00 B
2019-07-16 17:02:17,258.22 M,4.70 G,0.00 B,552.00 B
2019-07-16 17:02:19,258.22 M,4.70 G,0.00 B,648.00 B
2019-07-16 17:02:21,258.22 M,4.70 G,0.00 B,276.00 B
2019-07-16 17:02:23,258.22 M,4.70 G,0.00 B,756.00 B
2019-07-16 17:02:25,258.22 M,4.70 G,0.00 B,936.00 B
2019-07-16 17:02:27,258.22 M,4.70 G,0.00 B,384.00 B
2019-07-16 17:02:29,258.22 M,4.70 G,0.00 B,924.00 B
2019-07-16 17:02:31,258.23 M,4.70 G,9.67 K,733.35 K
2019-07-16 17:02:33,258.23 M,4.70 G,0.00 B,1.17 K
2019-07-16 17:02:35,258.23 M,4.70 G,0.00 B,756.00 B
2019-07-16 17:02:37,258.23 M,4.70 G,0.00 B,1.32 K
2019-07-16 17:02:39,258.23 M,4.70 G,0.00 B,552.00 B
2019-07-16 17:02:41,258.23 M,4.70 G,0.00 B,648.00 B
2019-07-16 17:02:43,258.23 M,4.70 G,42.00 B,444.00 B
2019-07-16 17:02:45,258.23 M,4.70 G,2.35 K,4.96 K
2019-07-16 17:02:47,258.24 M,4.70 G,193.00 B,1.19 K
2019-07-16 17:02:49,258.24 M,4.70 G,0.00 B,600.00 B
2019-07-16 17:02:51,258.25 M,4.70 G,0.00 B,864.00 B
2019-07-16 17:02:53,258.25 M,4.70 G,0.00 B,660.00 B
2019-07-16 17:02:55,258.25 M,4.70 G,0.00 B,756.00 B
2019-07-16 17:02:57,258.25 M,4.70 G,0.00 B,444.00 B
2019-07-16 17:02:59,258.25 M,4.70 G,0.00 B,768.00 B
2019-07-16 17:03:01,258.25 M,4.70 G,0.00 B,13.50 K
2019-07-16 17:03:03,258.25 M,4.70 G,0.00 B,1.29 K
2019-07-16 17:03:05,258.25 M,4.70 G,0.00 B,816.00 B
2019-07-16 17:03:07,258.25 M,4.70 G,0.00 B,216.00 B
2019-07-16 17:03:09,258.26 M,4.70 G,204.00 B,354.00 B
2019-07-16 17:03:11,258.26 M,4.70 G,0.00 B,648.00 B
2019-07-16 17:03:13,258.26 M,4.70 G,42.00 B,1.38 K
2019-07-16 17:03:15,258.26 M,4.70 G,42.00 B,120.00 B
2019-07-16 17:03:17,258.26 M,4.70 G,0.00 B,1.11 K
2019-07-16 17:03:19,258.26 M,4.70 G,0.00 B,324.00 B
2019-07-16 17:03:21,258.26 M,4.70 G,0.00 B,816.00 B
2019-07-16 17:03:23,258.26 M,4.70 G,0.00 B,1.01 K
2019-07-16 17:03:25,258.26 M,4.70 G,0.00 B,816.00 B
2019-07-16 17:03:27,258.28 M,4.70 G,0.00 B,924.00 B
2019-07-16 17:03:29,258.28 M,4.70 G,0.00 B,336.00 B
2019-07-16 17:03:31,258.28 M,4.70 G,0.00 B,864.00 B
2019-07-16 17:03:33,258.28 M,4.70 G,0.00 B,660.00 B
2019-07-16 17:03:35,258.28 M,4.70 G,0.00 B,924.00 B
2019-07-16 17:03:37,258.28 M,4.70 G,0.00 B,768.00 B
2019-07-16 17:03:39,258.28 M,4.70 G,0.00 B,972.00 B
2019-07-16 17:03:41,258.28 M,4.70 G,0.00 B,444.00 B
2019-07-16 17:03:43,258.28 M,4.70 G,42.00 B,444.00 B
2019-07-16 17:03:45,258.29 M,4.70 G,9.65 K,549.09 K
2019-07-16 17:03:47,258.29 M,4.70 G,0.00 B,384.00 B
2019-07-16 17:03:49,258.29 M,4.70 G,0.00 B,1.32 K
2019-07-16 17:03:51,258.29 M,4.70 G,0.00 B,1.01 K
2019-07-16 17:03:53,258.29 M,4.70 G,0.00 B,864.00 B
2019-07-16 17:03:55,258.29 M,4.70 G,0.00 B,504.00 B
2019-07-16 17:03:57,258.29 M,4.70 G,0.00 B,708.00 B
2019-07-16 17:03:59,258.29 M,4.70 G,0.00 B,660.00 B
2019-07-16 17:04:01,258.29 M,4.70 G,0.00 B,12.64 K
2019-07-16 17:04:03,258.30 M,4.70 G,0.00 B,924.00 B
2019-07-16 17:04:05,258.30 M,4.70 G,0.00 B,1.18 K
2019-07-16 17:04:07,258.30 M,4.70 G,0.00 B,384.00 B
2019-07-16 17:04:09,258.30 M,4.70 G,0.00 B,732.00 B
2019-07-16 17:04:11,258.30 M,4.70 G,0.00 B,1.17 K
2019-07-16 17:04:13,258.30 M,4.70 G,42.00 B,276.00 B
2019-07-16 17:04:15,258.30 M,4.70 G,42.00 B,1.18 K
2019-07-16 17:04:17,258.30 M,4.70 G,0.00 B,1.28 K
2019-07-16 17:04:19,258.30 M,4.70 G,0.00 B,924.00 B
2019-07-16 17:04:21,258.32 M,4.70 G,3.54 K,46.36 K
2019-07-16 17:04:23,258.32 M,4.70 G,0.00 B,384.00 B
2019-07-16 17:04:25,258.32 M,4.70 G,0.00 B,1.17 K
2019-07-16 17:04:27,258.32 M,4.70 G,0.00 B,492.00 B
2019-07-16 17:04:29,258.32 M,4.70 G,0.00 B,1.17 K
2019-07-16 17:04:31,258.32 M,4.70 G,0.00 B,600.00 B
2019-07-16 17:04:33,258.32 M,4.70 G,0.00 B,924.00 B
2019-07-16 17:04:35,258.32 M,4.70 G,0.00 B,648.00 B
2019-07-16 17:04:37,258.32 M,4.70 G,0.00 B,1.01 K
2019-07-16 17:04:39,258.33 M,4.70 G,14.10 K,839.65 K
2019-07-16 17:04:41,258.33 M,4.70 G,0.00 B,504.00 B
2019-07-16 17:04:43,258.33 M,4.70 G,0.00 B,504.00 B
2019-07-16 17:04:45,258.33 M,4.70 G,0.00 B,1.50 K
2019-07-16 17:04:47,258.33 M,4.70 G,0.00 B,336.00 B
2019-07-16 17:04:49,258.33 M,4.70 G,0.00 B,1.29 K
2019-07-16 17:04:51,258.33 M,4.70 G,0.00 B,1.29 K
2019-07-16 17:04:53,258.33 M,4.70 G,0.00 B,276.00 B
2019-07-16 17:04:55,258.33 M,4.70 G,0.00 B,444.00 B
2019-07-16 17:04:58,258.33 M,4.70 G,0.00 B,756.00 B
2019-07-16 17:05:00,258.34 M,4.71 G,7.90 K,373.33 K
2019-07-16 17:05:02,258.34 M,4.71 G,0.00 B,13.38 K
2019-07-16 17:05:04,258.34 M,4.71 G,0.00 B,648.00 B
2019-07-16 17:05:06,258.34 M,4.71 G,0.00 B,816.00 B
2019-07-16 17:05:08,258.34 M,4.71 G,0.00 B,612.00 B
2019-07-16 17:05:10,258.34 M,4.71 G,0.00 B,1.01 K
2019-07-16 17:05:12,258.34 M,4.71 G,204.00 B,582.00 B
2019-07-16 17:05:14,258.34 M,4.71 G,0.00 B,384.00 B
2019-07-16 17:05:16,258.34 M,4.71 G,0.00 B,708.00 B
2019-07-16 17:05:18,258.34 M,4.71 G,42.00 B,1.07 K
2019-07-16 17:05:20,258.36 M,4.71 G,6.03 K,255.66 K
2019-07-16 17:05:22,258.36 M,4.71 G,0.00 B,984.00 B
2019-07-16 17:05:24,258.36 M,4.71 G,0.00 B,876.00 B
2019-07-16 17:05:26,258.36 M,4.71 G,0.00 B,732.00 B
2019-07-16 17:05:28,258.36 M,4.71 G,0.00 B,660.00 B
2019-07-16 17:05:30,258.36 M,4.71 G,46.00 B,600.00 B
2019-07-16 17:05:33,258.36 M,4.71 G,0.00 B,660.00 B
2019-07-16 17:05:35,258.36 M,4.71 G,0.00 B,648.00 B
2019-07-16 17:05:37,258.36 M,4.71 G,0.00 B,504.00 B
2019-07-16 17:05:39,258.37 M,4.71 G,0.00 B,540.00 B
2019-07-16 17:05:41,258.37 M,4.71 G,0.00 B,708.00 B
2019-07-16 17:05:43,258.37 M,4.71 G,0.00 B,876.00 B
2019-07-16 17:05:45,258.37 M,4.71 G,0.00 B,708.00 B
2019-07-16 17:05:47,258.37 M,4.71 G,0.00 B,1.20 K
2019-07-16 17:05:49,258.38 M,4.71 G,9.38 K,480.42 K
2019-07-16 17:05:51,258.38 M,4.71 G,0.00 B,912.00 B
2019-07-16 17:05:53,258.38 M,4.71 G,0.00 B,2.16 K
2019-07-16 17:05:55,258.38 M,4.71 G,0.00 B,624.00 B
2019-07-16 17:05:57,258.38 M,4.71 G,0.00 B,1.24 K
2019-07-16 17:05:59,258.38 M,4.71 G,0.00 B,1.28 K
2019-07-16 17:06:01,258.39 M,4.71 G,0.00 B,14.04 K
2019-07-16 17:06:03,258.39 M,4.71 G,0.00 B,1.54 K
2019-07-16 17:06:05,258.39 M,4.71 G,0.00 B,864.00 B
2019-07-16 17:06:07,258.39 M,4.71 G,0.00 B,1.23 K
2019-07-16 17:06:09,258.39 M,4.71 G,0.00 B,1.30 K
2019-07-16 17:06:11,258.39 M,4.71 G,0.00 B,780.00 B
2019-07-16 17:06:13,258.40 M,4.71 G,204.00 B,594.00 B
2019-07-16 17:06:15,258.40 M,4.71 G,42.00 B,660.00 B
2019-07-16 17:06:17,258.40 M,4.71 G,0.00 B,876.00 B
2019-07-16 17:06:19,258.40 M,4.71 G,42.00 B,1.01 K
2019-07-16 17:06:21,258.40 M,4.71 G,0.00 B,432.00 B
2019-07-16 17:06:23,258.41 M,4.71 G,9.55 K,480.21 K
2019-07-16 17:06:25,258.41 M,4.71 G,0.00 B,648.00 B
2019-07-16 17:06:27,258.41 M,4.71 G,0.00 B,600.00 B
2019-07-16 17:06:29,258.41 M,4.71 G,0.00 B,1.02 K
2019-07-16 17:06:31,258.41 M,4.71 G,0.00 B,660.00 B
2019-07-16 17:06:33,258.41 M,4.71 G,3.48 K,156.87 K
2019-07-16 17:06:35,258.42 M,4.71 G,0.00 B,1.14 K
2019-07-16 17:06:37,258.42 M,4.71 G,0.00 B,432.00 B
2019-07-16 17:06:39,258.42 M,4.71 G,0.00 B,1011.00 B
2019-07-16 17:06:41,258.42 M,4.71 G,0.00 B,936.00 B
2019-07-16 17:06:43,258.42 M,4.71 G,0.00 B,1.14 K
2019-07-16 17:06:45,258.43 M,4.71 G,9.94 K,480.10 K
2019-07-16 17:06:47,258.43 M,4.71 G,0.00 B,672.00 B
2019-07-16 17:06:49,258.43 M,4.71 G,0.00 B,870.00 B
2019-07-16 17:06:51,258.43 M,4.71 G,0.00 B,1.34 K
2019-07-16 17:06:53,258.43 M,4.71 G,0.00 B,324.00 B
2019-07-16 17:06:55,258.43 M,4.71 G,0.00 B,1.50 K
2019-07-16 17:06:57,258.44 M,4.71 G,0.00 B,540.00 B
2019-07-16 17:06:59,258.44 M,4.71 G,0.00 B,612.00 B
2019-07-16 17:07:01,258.44 M,4.71 G,0.00 B,13.55 K
2019-07-16 17:07:03,258.44 M,4.71 G,0.00 B,612.00 B
2019-07-16 17:07:05,258.44 M,4.71 G,0.00 B,708.00 B
2019-07-16 17:07:07,258.44 M,4.71 G,6.77 K,429.55 K
2019-07-16 17:07:09,258.45 M,4.71 G,0.00 B,600.00 B
2019-07-16 17:07:11,258.45 M,4.71 G,0.00 B,660.00 B
2019-07-16 17:07:13,258.45 M,4.71 G,0.00 B,984.00 B
2019-07-16 17:07:15,258.45 M,4.71 G,0.00 B,735.00 B
2019-07-16 17:07:17,258.45 M,4.71 G,42.00 B,1.67 K
2019-07-16 17:07:19,258.46 M,4.71 G,9.86 K,492.97 K
2019-07-16 17:07:21,258.46 M,4.71 G,0.00 B,444.00 B
2019-07-16 17:07:23,258.46 M,4.71 G,0.00 B,972.00 B
2019-07-16 17:07:25,258.46 M,4.71 G,0.00 B,492.00 B
2019-07-16 17:07:27,258.46 M,4.71 G,0.00 B,1.25 K
2019-07-16 17:07:29,258.46 M,4.71 G,0.00 B,747.00 B
2019-07-16 17:07:31,258.47 M,4.71 G,0.00 B,936.00 B
2019-07-16 17:07:33,258.47 M,4.71 G,0.00 B,276.00 B
2019-07-16 17:07:35,258.47 M,4.71 G,0.00 B,1.11 K
2019-07-16 17:07:37,258.47 M,4.71 G,0.00 B,936.00 B
2019-07-16 17:07:39,258.47 M,4.71 G,0.00 B,552.00 B
2019-07-16 17:07:42,258.48 M,4.71 G,9.17 K,488.41 K
2019-07-16 17:07:44,258.48 M,4.71 G,0.00 B,924.00 B
2019-07-16 17:07:46,258.48 M,4.71 G,0.00 B,336.00 B
2019-07-16 17:07:48,258.48 M,4.71 G,0.00 B,768.00 B
2019-07-16 17:07:50,258.48 M,4.71 G,42.00 B,1.34 K
2019-07-16 17:07:52,258.48 M,4.71 G,0.00 B,1.11 K
2019-07-16 17:07:54,258.49 M,4.71 G,7.06 K,392.89 K
2019-07-16 17:07:56,258.49 M,4.71 G,0.00 B,996.00 B
2019-07-16 17:07:58,258.49 M,4.71 G,0.00 B,540.00 B
2019-07-16 17:08:00,258.49 M,4.71 G,0.00 B,768.00 B
2019-07-16 17:08:02,258.49 M,4.71 G,0.00 B,12.75 K
2019-07-16 17:08:04,258.49 M,4.71 G,0.00 B,1.41 K
2019-07-16 17:08:06,258.50 M,4.71 G,0.00 B,600.00 B
2019-07-16 17:08:08,258.50 M,4.71 G,0.00 B,876.00 B
2019-07-16 17:08:10,258.50 M,4.71 G,0.00 B,1.12 K
2019-07-16 17:08:12,258.50 M,4.71 G,0.00 B,756.00 B
2019-07-16 17:08:14,258.50 M,4.71 G,0.00 B,1.29 K
2019-07-16 17:08:16,258.51 M,4.71 G,9.90 K,487.85 K
2019-07-16 17:08:18,258.51 M,4.71 G,42.00 B,888.00 B
2019-07-16 17:08:20,258.51 M,4.71 G,0.00 B,735.00 B
2019-07-16 17:08:22,258.51 M,4.71 G,84.00 B,1.10 K
2019-07-16 17:08:24,258.51 M,4.71 G,0.00 B,924.00 B
2019-07-16 17:08:26,258.51 M,4.71 G,0.00 B,552.00 B
2019-07-16 17:08:28,258.52 M,4.71 G,9.13 K,479.55 K
2019-07-16 17:08:30,258.52 M,4.71 G,0.00 B,492.00 B
2019-07-16 17:08:32,258.52 M,4.71 G,0.00 B,492.00 B
2019-07-16 17:08:34,258.52 M,4.71 G,0.00 B,816.00 B
2019-07-16 17:08:36,258.52 M,4.71 G,0.00 B,168.00 B
2019-07-16 17:08:38,258.52 M,4.71 G,0.00 B,720.00 B
2019-07-16 17:08:40,258.53 M,4.71 G,0.00 B,756.00 B
2019-07-16 17:08:42,258.53 M,4.71 G,0.00 B,1.18 K
2019-07-16 17:08:44,258.53 M,4.71 G,0.00 B,540.00 B
2019-07-16 17:08:46,258.53 M,4.71 G,0.00 B,444.00 B
2019-07-16 17:08:48,258.53 M,4.71 G,0.00 B,828.00 B
2019-07-16 17:08:50,258.54 M,4.71 G,6.90 K,468.17 K
2019-07-16 17:08:52,258.54 M,4.71 G,0.00 B,384.00 B
2019-07-16 17:08:54,258.54 M,4.71 G,0.00 B,972.00 B
2019-07-16 17:08:56,258.54 M,4.71 G,0.00 B,1.20 K
2019-07-16 17:08:58,258.54 M,4.71 G,0.00 B,708.00 B
2019-07-16 17:09:00,258.54 M,4.71 G,0.00 B,492.00 B
2019-07-16 17:09:02,258.55 M,4.72 G,8.92 K,496.62 K
2019-07-16 17:09:04,258.55 M,4.72 G,0.00 B,600.00 B
2019-07-16 17:09:06,258.55 M,4.72 G,0.00 B,1.17 K
2019-07-16 17:09:08,258.55 M,4.72 G,0.00 B,756.00 B
2019-07-16 17:09:10,258.55 M,4.72 G,0.00 B,384.00 B
2019-07-16 17:09:12,258.55 M,4.72 G,0.00 B,660.00 B
2019-07-16 17:09:14,258.56 M,4.72 G,6.24 K,383.12 K
2019-07-16 17:09:16,258.56 M,4.72 G,0.00 B,552.00 B
2019-07-16 17:09:18,258.56 M,4.72 G,204.00 B,582.00 B
2019-07-16 17:09:20,258.56 M,4.72 G,0.00 B,1.27 K
2019-07-16 17:09:22,258.56 M,4.72 G,0.00 B,492.00 B
2019-07-16 17:09:24,258.56 M,4.72 G,0.00 B,384.00 B
2019-07-16 17:09:26,258.57 M,4.72 G,0.00 B,1.07 K
2019-07-16 17:09:28,258.57 M,4.72 G,0.00 B,492.00 B
2019-07-16 17:09:30,258.57 M,4.72 G,0.00 B,1.07 K
2019-07-16 17:09:32,258.57 M,4.72 G,0.00 B,816.00 B
2019-07-16 17:09:34,258.57 M,4.72 G,0.00 B,876.00 B
2019-07-16 17:09:36,258.58 M,4.72 G,9.49 K,479.39 K
2019-07-16 17:09:38,258.58 M,4.72 G,0.00 B,756.00 B
2019-07-16 17:09:40,258.58 M,4.72 G,0.00 B,816.00 B
2019-07-16 17:09:42,258.58 M,4.72 G,0.00 B,876.00 B
2019-07-16 17:09:44,258.58 M,4.72 G,0.00 B,444.00 B
2019-07-16 17:09:46,258.58 M,4.72 G,0.00 B,672.00 B
2019-07-16 17:09:48,258.59 M,4.72 G,9.75 K,487.88 K
2019-07-16 17:09:50,258.59 M,4.72 G,0.00 B,288.00 B
2019-07-16 17:09:52,258.59 M,4.72 G,42.00 B,876.00 B
2019-07-16 17:09:54,258.59 M,4.72 G,0.00 B,1.43 K
2019-07-16 17:09:56,258.59 M,4.72 G,0.00 B,432.00 B
2019-07-16 17:09:58,258.59 M,4.72 G,0.00 B,600.00 B
2019-07-16 17:10:00,258.60 M,4.72 G,9.86 K,480.41 K
2019-07-16 17:10:02,258.60 M,4.72 G,108.00 B,7.43 K
2019-07-16 17:10:04,258.60 M,4.72 G,54.00 B,276.00 B
2019-07-16 17:10:06,258.60 M,4.72 G,96.00 B,1.01 K
2019-07-16 17:10:08,258.60 M,4.72 G,0.00 B,648.00 B
2019-07-16 17:10:10,258.60 M,4.72 G,0.00 B,708.00 B
2019-07-16 17:10:12,258.61 M,4.72 G,9.38 K,490.33 K
2019-07-16 17:10:14,258.61 M,4.72 G,0.00 B,1.11 K
2019-07-16 17:10:16,258.61 M,4.72 G,0.00 B,708.00 B
2019-07-16 17:10:18,258.61 M,4.72 G,0.00 B,600.00 B
2019-07-16 17:10:20,258.61 M,4.72 G,54.00 B,1.16 K
2019-07-16 17:10:22,258.61 M,4.72 G,0.00 B,540.00 B
2019-07-16 17:10:24,258.62 M,4.72 G,10.60 K,482.79 K
2019-07-16 17:10:26,258.62 M,4.72 G,76.00 B,888.00 B
2019-07-16 17:10:28,258.62 M,4.72 G,0.00 B,816.00 B
2019-07-16 17:10:30,258.62 M,4.72 G,0.00 B,864.00 B
2019-07-16 17:10:32,258.62 M,4.72 G,0.00 B,1.22 K
2019-07-16 17:10:34,258.62 M,4.72 G,0.00 B,552.00 B
2019-07-16 17:10:36,258.63 M,4.72 G,2.98 K,69.17 K
2019-07-16 17:10:38,258.63 M,4.72 G,0.00 B,768.00 B
2019-07-16 17:10:41,258.63 M,4.72 G,0.00 B,876.00 B
2019-07-16 17:10:43,258.63 M,4.72 G,0.00 B,492.00 B
2019-07-16 17:10:45,258.63 M,4.72 G,0.00 B,444.00 B
2019-07-16 17:10:47,258.63 M,4.72 G,0.00 B,1.16 K
2019-07-16 17:10:49,258.64 M,4.72 G,0.00 B,780.00 B
2019-07-16 17:10:51,258.64 M,4.72 G,0.00 B,180.00 B
2019-07-16 17:10:53,258.64 M,4.72 G,0.00 B,600.00 B
2019-07-16 17:10:55,258.64 M,4.72 G,0.00 B,924.00 B
2019-07-16 17:10:57,258.64 M,4.72 G,0.00 B,816.00 B
2019-07-16 17:10:59,258.64 M,4.72 G,0.00 B,888.00 B
2019-07-16 17:11:01,258.65 M,4.72 G,0.00 B,10.88 K
2019-07-16 17:11:03,258.65 M,4.72 G,0.00 B,600.00 B
2019-07-16 17:11:05,258.65 M,4.72 G,0.00 B,984.00 B
2019-07-16 17:11:07,258.65 M,4.72 G,0.00 B,924.00 B
2019-07-16 17:11:09,258.65 M,4.72 G,0.00 B,996.00 B
2019-07-16 17:11:11,258.65 M,4.72 G,0.00 B,276.00 B
2019-07-16 17:11:13,258.66 M,4.72 G,0.00 B,1.01 K
2019-07-16 17:11:15,258.66 M,4.72 G,0.00 B,648.00 B
2019-07-16 17:11:17,258.66 M,4.72 G,0.00 B,756.00 B
2019-07-16 17:11:19,258.66 M,4.72 G,0.00 B,876.00 B
2019-07-16 17:11:21,258.66 M,4.72 G,204.00 B,738.00 B
2019-07-16 17:11:23,258.66 M,4.72 G,1.72 K,41.92 K
2019-07-16 17:11:25,258.67 M,4.72 G,0.00 B,432.00 B
2019-07-16 17:11:27,258.67 M,4.72 G,0.00 B,1.34 K
2019-07-16 17:11:29,258.67 M,4.72 G,0.00 B,648.00 B
2019-07-16 17:11:31,258.67 M,4.72 G,0.00 B,1.05 K
2019-07-16 17:11:33,258.67 M,4.72 G,0.00 B,716.00 B
2019-07-16 17:11:35,258.67 M,4.72 G,9.63 K,479.68 K
2019-07-16 17:11:37,258.67 M,4.72 G,0.00 B,600.00 B
2019-07-16 17:11:39,258.67 M,4.72 G,0.00 B,864.00 B
2019-07-16 17:11:41,258.67 M,4.72 G,0.00 B,492.00 B
2019-07-16 17:11:43,258.67 M,4.72 G,0.00 B,276.00 B
2019-07-16 17:11:45,258.67 M,4.72 G,0.00 B,432.00 B
2019-07-16 17:11:47,258.68 M,4.72 G,9.26 K,475.30 K
2019-07-16 17:11:49,258.68 M,4.72 G,0.00 B,660.00 B
2019-07-16 17:11:51,258.68 M,4.72 G,0.00 B,948.00 B
2019-07-16 17:11:53,258.68 M,4.72 G,0.00 B,600.00 B
2019-07-16 17:11:55,258.68 M,4.72 G,42.00 B,1.14 K
2019-07-16 17:11:57,258.68 M,4.72 G,0.00 B,648.00 B
2019-07-16 17:11:59,258.69 M,4.72 G,9.21 K,484.30 K
2019-07-16 17:12:01,258.69 M,4.72 G,0.00 B,12.96 K
2019-07-16 17:12:03,258.69 M,4.72 G,0.00 B,816.00 B
2019-07-16 17:12:05,258.69 M,4.72 G,0.00 B,1.17 K
2019-07-16 17:12:07,258.69 M,4.72 G,0.00 B,384.00 B
2019-07-16 17:12:09,258.69 M,4.72 G,0.00 B,708.00 B
2019-07-16 17:12:11,258.70 M,4.72 G,9.27 K,484.52 K
2019-07-16 17:12:13,258.70 M,4.72 G,0.00 B,444.00 B
2019-07-16 17:12:15,258.70 M,4.72 G,0.00 B,936.00 B
2019-07-16 17:12:17,258.70 M,4.72 G,0.00 B,1.12 K
2019-07-16 17:12:19,258.70 M,4.72 G,0.00 B,708.00 B
2019-07-16 17:12:21,258.70 M,4.72 G,0.00 B,1.17 K
2019-07-16 17:12:23,258.71 M,4.72 G,9.30 K,487.85 K
2019-07-16 17:12:25,258.71 M,4.72 G,42.00 B,924.00 B
2019-07-16 17:12:27,258.71 M,4.72 G,84.00 B,936.00 B
2019-07-16 17:12:29,258.71 M,4.72 G,0.00 B,1.70 K
2019-07-16 17:12:31,258.71 M,4.72 G,0.00 B,876.00 B
2019-07-16 17:12:33,258.71 M,4.72 G,0.00 B,336.00 B
2019-07-16 17:12:35,258.72 M,4.72 G,9.33 K,489.01 K
2019-07-16 17:12:37,258.72 M,4.72 G,0.00 B,1.16 K
2019-07-16 17:12:39,258.72 M,4.72 G,0.00 B,60.00 B
2019-07-16 17:12:41,258.72 M,4.72 G,0.00 B,876.00 B
2019-07-16 17:12:43,258.72 M,4.72 G,0.00 B,2.12 K
2019-07-16 17:12:45,258.72 M,4.72 G,0.00 B,1.02 K
2019-07-16 17:12:47,258.73 M,4.72 G,9.89 K,488.66 K
2019-07-16 17:12:49,258.73 M,4.72 G,0.00 B,1.02 K
2019-07-16 17:12:51,258.73 M,4.72 G,2.08 K,1.59 K
2019-07-16 17:12:53,258.73 M,4.72 G,0.00 B,564.00 B
2019-07-16 17:12:55,258.73 M,4.72 G,0.00 B,1.12 K
2019-07-16 17:12:57,258.73 M,4.72 G,42.00 B,876.00 B
2019-07-16 17:12:59,258.74 M,4.72 G,3.68 K,143.30 K
2019-07-16 17:13:01,258.74 M,4.72 G,193.00 B,13.44 K
2019-07-16 17:13:03,258.74 M,4.72 G,0.00 B,768.00 B
2019-07-16 17:13:05,258.74 M,4.72 G,0.00 B,876.00 B
2019-07-16 17:13:07,258.74 M,4.72 G,0.00 B,168.00 B
2019-07-16 17:13:09,258.74 M,4.72 G,0.00 B,660.00 B
2019-07-16 17:13:11,258.75 M,4.73 G,2.32 K,1.19 K
2019-07-16 17:13:13,258.75 M,4.73 G,0.00 B,492.00 B
2019-07-16 17:13:15,258.75 M,4.73 G,0.00 B,552.00 B
2019-07-16 17:13:17,258.75 M,4.73 G,0.00 B,600.00 B
2019-07-16 17:13:19,258.75 M,4.73 G,0.00 B,708.00 B
2019-07-16 17:13:21,258.75 M,4.73 G,0.00 B,816.00 B
2019-07-16 17:13:23,258.76 M,4.73 G,5.92 K,311.39 K
2019-07-16 17:13:25,258.76 M,4.73 G,0.00 B,492.00 B
2019-07-16 17:13:27,258.76 M,4.73 G,0.00 B,828.00 B
2019-07-16 17:13:29,258.76 M,4.73 G,0.00 B,444.00 B
2019-07-16 17:13:31,258.76 M,4.73 G,0.00 B,564.00 B
2019-07-16 17:13:33,258.76 M,4.73 G,0.00 B,1.15 K
2019-07-16 17:13:35,258.77 M,4.73 G,6.77 K,368.13 K
2019-07-16 17:13:38,258.77 M,4.73 G,0.00 B,612.00 B
2019-07-16 17:13:40,258.77 M,4.73 G,0.00 B,828.00 B
2019-07-16 17:13:42,258.77 M,4.73 G,0.00 B,1.38 K
2019-07-16 17:13:44,258.77 M,4.73 G,0.00 B,936.00 B
2019-07-16 17:13:46,258.77 M,4.73 G,0.00 B,924.00 B
2019-07-16 17:13:48,258.78 M,4.73 G,6.38 K,350.62 K
2019-07-16 17:13:50,258.78 M,4.73 G,0.00 B,1.38 K
2019-07-16 17:13:52,258.78 M,4.73 G,0.00 B,540.00 B
2019-07-16 17:13:54,258.78 M,4.73 G,0.00 B,1.28 K
2019-07-16 17:13:56,258.78 M,4.73 G,0.00 B,816.00 B
2019-07-16 17:13:58,258.78 M,4.73 G,42.00 B,492.00 B
2019-07-16 17:14:00,258.79 M,4.73 G,8.87 K,486.74 K
2019-07-16 17:14:02,258.79 M,4.73 G,0.00 B,13.75 K
2019-07-16 17:14:04,258.79 M,4.73 G,0.00 B,1.11 K
2019-07-16 17:14:06,258.79 M,4.73 G,0.00 B,228.00 B
2019-07-16 17:14:08,258.79 M,4.73 G,0.00 B,756.00 B
2019-07-16 17:14:10,258.79 M,4.73 G,0.00 B,600.00 B
2019-07-16 17:14:12,258.80 M,4.73 G,9.64 K,495.61 K
2019-07-16 17:14:14,258.80 M,4.73 G,0.00 B,492.00 B
2019-07-16 17:14:16,258.80 M,4.73 G,0.00 B,648.00 B
2019-07-16 17:14:18,258.80 M,4.73 G,0.00 B,1.11 K
2019-07-16 17:14:20,258.80 M,4.73 G,0.00 B,1.08 K
2019-07-16 17:14:22,258.80 M,4.73 G,0.00 B,864.00 B
2019-07-16 17:14:24,258.81 M,4.73 G,8.90 K,486.41 K
2019-07-16 17:14:26,258.81 M,4.73 G,0.00 B,612.00 B
2019-07-16 17:14:28,258.81 M,4.73 G,0.00 B,1.27 K
2019-07-16 17:14:30,258.81 M,4.73 G,42.00 B,876.00 B
2019-07-16 17:14:32,258.81 M,4.73 G,0.00 B,600.00 B
2019-07-16 17:14:34,258.81 M,4.73 G,0.00 B,972.00 B
2019-07-16 17:14:36,258.81 M,4.73 G,6.96 K,428.28 K
2019-07-16 17:14:38,258.82 M,4.73 G,0.00 B,660.00 B
2019-07-16 17:14:40,258.82 M,4.73 G,0.00 B,1.37 K
2019-07-16 17:14:42,258.82 M,4.73 G,0.00 B,828.00 B
2019-07-16 17:14:44,258.82 M,4.73 G,0.00 B,336.00 B
2019-07-16 17:14:46,258.82 M,4.73 G,0.00 B,1.07 K
2019-07-16 17:14:48,258.82 M,4.73 G,2.64 K,115.70 K
2019-07-16 17:14:50,258.82 M,4.73 G,0.00 B,276.00 B
2019-07-16 17:14:52,258.82 M,4.73 G,0.00 B,1.07 K
2019-07-16 17:14:54,258.82 M,4.73 G,0.00 B,1.28 K
2019-07-16 17:14:56,258.82 M,4.73 G,0.00 B,720.00 B
2019-07-16 17:14:58,258.82 M,4.73 G,0.00 B,324.00 B
2019-07-16 17:15:00,258.82 M,4.73 G,0.00 B,984.00 B
2019-07-16 17:15:02,258.83 M,4.73 G,0.00 B,1.37 K
2019-07-16 17:15:04,258.83 M,4.73 G,0.00 B,324.00 B
2019-07-16 17:15:06,258.83 M,4.73 G,0.00 B,756.00 B
2019-07-16 17:15:08,258.83 M,4.73 G,0.00 B,504.00 B
2019-07-16 17:15:10,258.83 M,4.73 G,0.00 B,216.00 B
2019-07-16 17:15:12,258.83 M,4.73 G,0.00 B,876.00 B
2019-07-16 17:15:14,258.84 M,4.73 G,0.00 B,1.02 K
2019-07-16 17:15:16,258.85 M,4.73 G,9.88 K,371.54 K
2019-07-16 17:15:18,258.85 M,4.73 G,0.00 B,924.00 B
2019-07-16 17:15:20,258.85 M,4.73 G,0.00 B,1.23 K
2019-07-16 17:15:22,258.85 M,4.73 G,0.00 B,564.00 B
2019-07-16 17:15:24,258.85 M,4.73 G,0.00 B,936.00 B
2019-07-16 17:15:26,258.86 M,4.73 G,4.75 K,191.75 K
2019-07-16 17:15:28,258.86 M,4.73 G,0.00 B,648.00 B
2019-07-16 17:15:30,258.86 M,4.73 G,0.00 B,672.00 B
2019-07-16 17:15:32,258.86 M,4.73 G,42.00 B,924.00 B
2019-07-16 17:15:34,258.86 M,4.73 G,0.00 B,492.00 B
2019-07-16 17:15:36,258.86 M,4.73 G,0.00 B,492.00 B
2019-07-16 17:15:38,258.87 M,4.73 G,8.15 K,440.00 K
2019-07-16 17:15:40,258.87 M,4.73 G,0.00 B,876.00 B
2019-07-16 17:15:42,258.87 M,4.73 G,0.00 B,396.00 B
2019-07-16 17:15:44,258.87 M,4.73 G,0.00 B,924.00 B
2019-07-16 17:15:46,258.87 M,4.73 G,0.00 B,924.00 B
2019-07-16 17:15:48,258.87 M,4.73 G,0.00 B,108.00 B
2019-07-16 17:15:50,258.88 M,4.73 G,9.27 K,477.97 K
2019-07-16 17:15:52,258.88 M,4.73 G,0.00 B,924.00 B
2019-07-16 17:15:54,258.88 M,4.73 G,0.00 B,324.00 B
2019-07-16 17:15:56,258.88 M,4.73 G,0.00 B,540.00 B
2019-07-16 17:15:58,258.88 M,4.73 G,0.00 B,924.00 B
2019-07-16 17:16:00,258.88 M,4.73 G,0.00 B,2.24 K
2019-07-16 17:16:02,258.89 M,4.73 G,9.75 K,485.05 K
2019-07-16 17:16:04,258.89 M,4.73 G,0.00 B,816.00 B
2019-07-16 17:16:06,258.89 M,4.73 G,0.00 B,720.00 B
2019-07-16 17:16:08,258.89 M,4.73 G,0.00 B,936.00 B
2019-07-16 17:16:10,258.89 M,4.73 G,0.00 B,384.00 B
2019-07-16 17:16:12,258.89 M,4.73 G,0.00 B,648.00 B
2019-07-16 17:16:14,258.89 M,4.73 G,0.00 B,600.00 B
2019-07-16 17:16:16,258.90 M,4.73 G,0.00 B,384.00 B
2019-07-16 17:16:18,258.90 M,4.73 G,0.00 B,276.00 B
2019-07-16 17:16:20,258.90 M,4.73 G,0.00 B,384.00 B
2019-07-16 17:16:22,258.90 M,4.73 G,0.00 B,1.05 K
2019-07-16 17:16:24,258.90 M,4.73 G,0.00 B,816.00 B
2019-07-16 17:16:26,258.90 M,4.73 G,0.00 B,756.00 B
2019-07-16 17:16:28,258.91 M,4.73 G,0.00 B,432.00 B
2019-07-16 17:16:30,258.91 M,4.73 G,42.00 B,492.00 B
2019-07-16 17:16:33,258.91 M,4.73 G,42.00 B,336.00 B
2019-07-16 17:16:35,258.91 M,4.73 G,0.00 B,600.00 B
2019-07-16 17:16:37,258.91 M,4.73 G,0.00 B,492.00 B
2019-07-16 17:16:39,258.91 M,4.73 G,0.00 B,432.00 B
2019-07-16 17:16:41,258.92 M,4.73 G,0.00 B,3.48 K
2019-07-16 17:16:43,258.92 M,4.73 G,0.00 B,1.03 K
2019-07-16 17:16:45,258.92 M,4.73 G,0.00 B,660.00 B
2019-07-16 17:16:47,258.92 M,4.73 G,0.00 B,876.00 B
2019-07-16 17:16:49,258.92 M,4.73 G,0.00 B,876.00 B
2019-07-16 17:16:51,258.92 M,4.73 G,0.00 B,756.00 B
2019-07-16 17:16:53,258.93 M,4.73 G,0.00 B,768.00 B
2019-07-16 17:16:55,258.93 M,4.73 G,0.00 B,540.00 B
2019-07-16 17:16:57,258.93 M,4.73 G,0.00 B,648.00 B
2019-07-16 17:16:59,258.93 M,4.73 G,0.00 B,648.00 B
2019-07-16 17:17:01,258.93 M,4.73 G,0.00 B,9.83 K
2019-07-16 17:17:03,258.93 M,4.73 G,42.00 B,1.17 K
2019-07-16 17:17:05,258.94 M,4.73 G,0.00 B,1.43 K
2019-07-16 17:17:07,258.94 M,4.73 G,0.00 B,444.00 B
2019-07-16 17:17:09,258.94 M,4.73 G,0.00 B,720.00 B
2019-07-16 17:17:11,258.94 M,4.73 G,0.00 B,1.22 K
2019-07-16 17:17:13,258.94 M,4.73 G,0.00 B,276.00 B
2019-07-16 17:17:15,258.94 M,4.73 G,4.55 K,5.15 K
2019-07-16 17:17:17,258.95 M,4.74 G,5.49 K,304.36 K
2019-07-16 17:17:19,258.95 M,4.74 G,0.00 B,708.00 B
2019-07-16 17:17:21,258.95 M,4.74 G,0.00 B,612.00 B
2019-07-16 17:17:23,258.95 M,4.74 G,0.00 B,432.00 B
2019-07-16 17:17:25,258.95 M,4.74 G,0.00 B,1.01 K
2019-07-16 17:17:27,258.95 M,4.74 G,0.00 B,324.00 B
2019-07-16 17:17:29,258.96 M,4.74 G,9.95 K,487.41 K
2019-07-16 17:17:31,258.96 M,4.74 G,0.00 B,816.00 B
2019-07-16 17:17:33,258.96 M,4.74 G,0.00 B,828.00 B
2019-07-16 17:17:35,258.96 M,4.74 G,84.00 B,552.00 B
2019-07-16 17:17:37,258.96 M,4.74 G,0.00 B,1.11 K
2019-07-16 17:17:39,258.96 M,4.74 G,0.00 B,552.00 B
2019-07-16 17:17:41,258.96 M,4.74 G,0.00 B,540.00 B
2019-07-16 17:17:43,258.97 M,4.74 G,0.00 B,648.00 B
2019-07-16 17:17:45,258.97 M,4.74 G,0.00 B,660.00 B
2019-07-16 17:17:47,258.97 M,4.74 G,0.00 B,648.00 B
2019-07-16 17:17:49,258.97 M,4.74 G,0.00 B,756.00 B
2019-07-16 17:17:51,258.97 M,4.74 G,0.00 B,1.44 K
2019-07-16 17:17:53,258.97 M,4.74 G,0.00 B,552.00 B
2019-07-16 17:17:55,258.98 M,4.74 G,0.00 B,924.00 B
2019-07-16 17:17:57,258.98 M,4.74 G,0.00 B,600.00 B
2019-07-16 17:17:59,258.98 M,4.74 G,0.00 B,300.00 B
2019-07-16 17:18:01,258.98 M,4.74 G,2.70 K,7.05 K
2019-07-16 17:18:03,258.98 M,4.74 G,0.00 B,816.00 B
2019-07-16 17:18:05,258.98 M,4.74 G,0.00 B,768.00 B
2019-07-16 17:18:07,258.99 M,4.74 G,9.40 K,485.31 K
2019-07-16 17:18:09,258.99 M,4.74 G,0.00 B,1.23 K
2019-07-16 17:18:11,258.99 M,4.74 G,0.00 B,876.00 B
2019-07-16 17:18:13,258.99 M,4.74 G,0.00 B,660.00 B
2019-07-16 17:18:15,258.99 M,4.74 G,0.00 B,876.00 B
2019-07-16 17:18:17,258.99 M,4.74 G,0.00 B,1.22 K
2019-07-16 17:18:19,259.00 M,4.74 G,9.73 K,501.56 K
2019-07-16 17:18:21,259.00 M,4.74 G,0.00 B,600.00 B
2019-07-16 17:18:23,259.00 M,4.74 G,0.00 B,216.00 B
2019-07-16 17:18:25,259.00 M,4.74 G,0.00 B,627.00 B
2019-07-16 17:18:27,259.00 M,4.74 G,0.00 B,924.00 B
2019-07-16 17:18:29,259.00 M,4.74 G,0.00 B,60.00 B
2019-07-16 17:18:31,259.00 M,4.74 G,204.00 B,1.52 K
2019-07-16 17:18:33,259.01 M,4.74 G,42.00 B,531.00 B
2019-07-16 17:18:35,259.01 M,4.74 G,0.00 B,972.00 B
2019-07-16 17:18:37,259.01 M,4.74 G,0.00 B,638.00 B
2019-07-16 17:18:39,259.01 M,4.74 G,0.00 B,1011.00 B
2019-07-16 17:18:41,259.01 M,4.74 G,0.00 B,720.00 B
2019-07-16 17:18:43,259.01 M,4.74 G,0.00 B,216.00 B
2019-07-16 17:18:45,259.02 M,4.74 G,0.00 B,855.00 B
2019-07-16 17:18:47,259.02 M,4.74 G,0.00 B,708.00 B
2019-07-16 17:18:49,259.02 M,4.74 G,0.00 B,1.28 K
2019-07-16 17:18:51,259.02 M,4.74 G,0.00 B,834.00 B
2019-07-16 17:18:53,259.02 M,4.74 G,0.00 B,660.00 B
2019-07-16 17:18:55,259.02 M,4.74 G,0.00 B,432.00 B
2019-07-16 17:18:57,259.03 M,4.74 G,9.57 K,487.76 K
2019-07-16 17:18:59,259.03 M,4.74 G,0.00 B,1.30 K
2019-07-16 17:19:01,259.03 M,4.74 G,0.00 B,9.19 K
2019-07-16 17:19:03,259.03 M,4.74 G,0.00 B,1.01 K
2019-07-16 17:19:05,259.03 M,4.74 G,42.00 B,660.00 B
2019-07-16 17:19:07,259.03 M,4.74 G,0.00 B,108.00 B
2019-07-16 17:19:09,259.03 M,4.74 G,1.03 K,9.90 K
2019-07-16 17:19:11,259.04 M,4.74 G,0.00 B,816.00 B
2019-07-16 17:19:13,259.04 M,4.74 G,0.00 B,444.00 B
2019-07-16 17:19:15,259.04 M,4.74 G,0.00 B,1.72 K
2019-07-16 17:19:17,259.04 M,4.74 G,0.00 B,891.00 B
2019-07-16 17:19:19,259.04 M,4.74 G,0.00 B,783.00 B
2019-07-16 17:19:21,259.04 M,4.74 G,0.00 B,444.00 B
2019-07-16 17:19:23,259.05 M,4.74 G,2.61 K,25.14 K
2019-07-16 17:19:25,259.05 M,4.74 G,0.00 B,1.20 K
2019-07-16 17:19:27,259.05 M,4.74 G,0.00 B,216.00 B
2019-07-16 17:19:29,259.05 M,4.74 G,0.00 B,1.05 K
2019-07-16 17:19:32,259.05 M,4.74 G,0.00 B,756.00 B
2019-07-16 17:19:34,259.05 M,4.74 G,0.00 B,336.00 B
2019-07-16 17:19:36,259.06 M,4.74 G,9.42 K,481.91 K
2019-07-16 17:19:38,259.06 M,4.74 G,84.00 B,936.00 B
2019-07-16 17:19:40,259.06 M,4.74 G,0.00 B,384.00 B
2019-07-16 17:19:42,259.06 M,4.74 G,0.00 B,1.17 K
2019-07-16 17:19:44,259.06 M,4.74 G,0.00 B,2.15 K
2019-07-16 17:19:46,259.06 M,4.74 G,0.00 B,708.00 B
2019-07-16 17:19:48,259.06 M,4.74 G,0.00 B,768.00 B
2019-07-16 17:19:50,259.07 M,4.74 G,0.00 B,432.00 B
2019-07-16 17:19:52,259.07 M,4.74 G,0.00 B,276.00 B
2019-07-16 17:19:54,259.07 M,4.74 G,0.00 B,276.00 B
2019-07-16 17:19:56,259.07 M,4.74 G,0.00 B,864.00 B
2019-07-16 17:19:58,259.07 M,4.74 G,0.00 B,843.00 B
2019-07-16 17:20:00,259.07 M,4.74 G,0.00 B,708.00 B
2019-07-16 17:20:02,259.08 M,4.74 G,9.47 K,494.17 K
2019-07-16 17:20:04,259.08 M,4.74 G,54.00 B,324.00 B
2019-07-16 17:20:06,259.08 M,4.74 G,96.00 B,1011.00 B
2019-07-16 17:20:08,259.08 M,4.74 G,0.00 B,600.00 B
2019-07-16 17:20:10,259.08 M,4.74 G,0.00 B,816.00 B
2019-07-16 17:20:12,259.08 M,4.74 G,0.00 B,888.00 B
2019-07-16 17:20:14,259.08 M,4.74 G,7.93 K,475.32 K
2019-07-16 17:20:16,259.09 M,4.74 G,0.00 B,648.00 B
2019-07-16 17:20:18,259.09 M,4.74 G,0.00 B,1.16 K
2019-07-16 17:20:20,259.09 M,4.74 G,54.00 B,108.00 B
2019-07-16 17:20:22,259.09 M,4.74 G,0.00 B,432.00 B
2019-07-16 17:20:24,259.09 M,4.74 G,0.00 B,540.00 B
2019-07-16 17:20:26,259.09 M,4.74 G,0.00 B,756.00 B
2019-07-16 17:20:28,259.09 M,4.74 G,0.00 B,972.00 B
2019-07-16 17:20:30,259.09 M,4.74 G,0.00 B,540.00 B
2019-07-16 17:20:32,259.09 M,4.74 G,0.00 B,864.00 B
2019-07-16 17:20:34,259.09 M,4.74 G,204.00 B,786.00 B
2019-07-16 17:20:36,259.09 M,4.74 G,0.00 B,675.00 B
2019-07-16 17:20:38,259.09 M,4.74 G,0.00 B,708.00 B
2019-07-16 17:20:40,259.10 M,4.74 G,9.33 K,479.67 K
2019-07-16 17:20:42,259.10 M,4.74 G,0.00 B,1.09 K
2019-07-16 17:20:44,259.10 M,4.74 G,0.00 B,876.00 B
2019-07-16 17:20:46,259.10 M,4.74 G,0.00 B,540.00 B
2019-07-16 17:20:48,259.10 M,4.74 G,0.00 B,492.00 B
2019-07-16 17:20:50,259.10 M,4.74 G,0.00 B,996.00 B
2019-07-16 17:20:52,259.10 M,4.74 G,0.00 B,648.00 B
2019-07-16 17:20:54,259.11 M,4.74 G,0.00 B,660.00 B
2019-07-16 17:20:56,259.11 M,4.74 G,0.00 B,519.00 B
2019-07-16 17:20:58,259.11 M,4.74 G,0.00 B,816.00 B
2019-07-16 17:21:00,259.11 M,4.74 G,0.00 B,864.00 B
2019-07-16 17:21:02,259.11 M,4.74 G,0.00 B,612.00 B
2019-07-16 17:21:04,259.11 M,4.74 G,0.00 B,444.00 B
2019-07-16 17:21:06,259.12 M,4.74 G,0.00 B,572.00 B
2019-07-16 17:21:08,259.12 M,4.74 G,42.00 B,1.02 K
2019-07-16 17:21:10,259.12 M,4.74 G,0.00 B,864.00 B
2019-07-16 17:21:12,259.12 M,4.74 G,0.00 B,1.11 K
2019-07-16 17:21:14,259.12 M,4.74 G,0.00 B,540.00 B
2019-07-16 17:21:16,259.12 M,4.74 G,0.00 B,816.00 B
2019-07-16 17:21:18,259.13 M,4.74 G,9.30 K,481.44 K
2019-07-16 17:21:20,259.13 M,4.74 G,0.00 B,660.00 B
2019-07-16 17:21:22,259.13 M,4.74 G,0.00 B,492.00 B
2019-07-16 17:21:24,259.13 M,4.74 G,0.00 B,384.00 B
2019-07-16 17:21:26,259.13 M,4.74 G,0.00 B,1.32 K
2019-07-16 17:21:28,259.13 M,4.74 G,0.00 B,660.00 B
2019-07-16 17:21:30,259.13 M,4.74 G,2.84 K,116.99 K
2019-07-16 17:21:32,259.14 M,4.74 G,0.00 B,924.00 B
2019-07-16 17:21:34,259.14 M,4.74 G,0.00 B,108.00 B
2019-07-16 17:21:36,259.14 M,4.74 G,0.00 B,828.00 B
2019-07-16 17:21:38,259.14 M,4.74 G,0.00 B,768.00 B
2019-07-16 17:21:40,259.14 M,4.74 G,84.00 B,876.00 B
2019-07-16 17:21:42,259.14 M,4.74 G,0.00 B,924.00 B
2019-07-16 17:21:44,259.15 M,4.75 G,3.25 K,99.81 K
2019-07-16 17:21:46,259.15 M,4.75 G,0.00 B,552.00 B
2019-07-16 17:21:48,259.15 M,4.75 G,0.00 B,492.00 B
2019-07-16 17:21:50,259.15 M,4.75 G,0.00 B,720.00 B
2019-07-16 17:21:52,259.15 M,4.75 G,0.00 B,876.00 B
2019-07-16 17:21:54,259.15 M,4.75 G,0.00 B,504.00 B
2019-07-16 17:21:56,259.16 M,4.75 G,7.54 K,469.85 K
2019-07-16 17:21:58,259.16 M,4.75 G,0.00 B,108.00 B
2019-07-16 17:22:00,259.16 M,4.75 G,0.00 B,828.00 B
2019-07-16 17:22:02,259.16 M,4.75 G,0.00 B,660.00 B
2019-07-16 17:22:04,259.16 M,4.75 G,0.00 B,864.00 B
2019-07-16 17:22:06,259.16 M,4.75 G,3.67 K,190.34 K
2019-07-16 17:22:09,259.16 M,4.75 G,0.00 B,924.00 B
2019-07-16 17:22:11,259.17 M,4.75 G,0.00 B,756.00 B
2019-07-16 17:22:13,259.17 M,4.75 G,0.00 B,924.00 B
2019-07-16 17:22:15,259.17 M,4.75 G,0.00 B,876.00 B
2019-07-16 17:22:17,259.17 M,4.75 G,6.71 K,178.38 K
2019-07-16 17:22:19,259.17 M,4.75 G,0.00 B,384.00 B
2019-07-16 17:22:21,259.17 M,4.75 G,0.00 B,432.00 B
2019-07-16 17:22:23,259.17 M,4.75 G,0.00 B,168.00 B
2019-07-16 17:22:25,259.17 M,4.75 G,0.00 B,1.55 K
2019-07-16 17:22:27,259.17 M,4.75 G,0.00 B,1.12 K
2019-07-16 17:22:29,259.17 M,4.75 G,0.00 B,336.00 B
2019-07-16 17:22:31,259.17 M,4.75 G,0.00 B,864.00 B
2019-07-16 17:22:33,259.18 M,4.75 G,6.06 K,190.03 K
2019-07-16 17:22:35,259.18 M,4.75 G,0.00 B,648.00 B
2019-07-16 17:22:37,259.18 M,4.75 G,204.00 B,1.04 K
2019-07-16 17:22:39,259.18 M,4.75 G,0.00 B,768.00 B
2019-07-16 17:22:41,259.18 M,4.75 G,0.00 B,1.05 K
2019-07-16 17:22:43,259.18 M,4.75 G,0.00 B,540.00 B
2019-07-16 17:22:45,259.18 M,4.75 G,0.00 B,660.00 B
2019-07-16 17:22:47,259.18 M,4.75 G,0.00 B,660.00 B
2019-07-16 17:22:49,259.18 M,4.75 G,6.30 K,237.07 K
2019-07-16 17:22:51,259.18 M,4.75 G,0.00 B,1.28 K
2019-07-16 17:22:53,259.18 M,4.75 G,0.00 B,864.00 B
2019-07-16 17:22:55,259.18 M,4.75 G,0.00 B,660.00 B
2019-07-16 17:22:57,259.18 M,4.75 G,0.00 B,1.01 K
2019-07-16 17:22:59,259.18 M,4.75 G,0.00 B,984.00 B
2019-07-16 17:23:01,259.18 M,4.75 G,0.00 B,444.00 B
2019-07-16 17:23:03,259.19 M,4.75 G,2.46 K,5.88 K
2019-07-16 17:23:05,259.19 M,4.75 G,1.42 K,49.43 K
2019-07-16 17:23:07,259.19 M,4.75 G,0.00 B,780.00 B
2019-07-16 17:23:09,259.19 M,4.75 G,0.00 B,1.12 K
2019-07-16 17:23:11,259.19 M,4.75 G,0.00 B,708.00 B
2019-07-16 17:23:13,259.19 M,4.75 G,0.00 B,756.00 B
2019-07-16 17:23:15,259.19 M,4.75 G,0.00 B,1.24 K
2019-07-16 17:23:17,259.19 M,4.75 G,0.00 B,552.00 B
2019-07-16 17:23:19,259.19 M,4.75 G,0.00 B,1.17 K
2019-07-16 17:23:21,259.19 M,4.75 G,1.29 K,22.61 K
2019-07-16 17:23:23,259.20 M,4.75 G,0.00 B,672.00 B
2019-07-16 17:23:25,259.20 M,4.75 G,0.00 B,1.02 K
2019-07-16 17:23:27,259.20 M,4.75 G,0.00 B,492.00 B
2019-07-16 17:23:29,259.20 M,4.75 G,0.00 B,708.00 B
2019-07-16 17:23:31,259.20 M,4.75 G,0.00 B,600.00 B
2019-07-16 17:23:33,259.20 M,4.75 G,0.00 B,488.00 B
2019-07-16 17:23:35,259.20 M,4.75 G,0.00 B,924.00 B
2019-07-16 17:23:37,259.20 M,4.75 G,0.00 B,552.00 B
2019-07-16 17:23:39,259.21 M,4.75 G,0.00 B,432.00 B
2019-07-16 17:23:41,259.21 M,4.75 G,42.00 B,1.34 K
2019-07-16 17:23:43,259.21 M,4.75 G,84.00 B,1.02 K
2019-07-16 17:23:45,259.21 M,4.75 G,0.00 B,768.00 B
2019-07-16 17:23:47,259.21 M,4.75 G,0.00 B,492.00 B
2019-07-16 17:23:49,259.21 M,4.75 G,1.03 K,16.06 K
2019-07-16 17:23:51,259.21 M,4.75 G,0.00 B,1.17 K
2019-07-16 17:23:53,259.21 M,4.75 G,0.00 B,876.00 B
2019-07-16 17:23:55,259.22 M,4.75 G,0.00 B,444.00 B
2019-07-16 17:23:57,259.22 M,4.75 G,0.00 B,984.00 B
2019-07-16 17:23:59,259.22 M,4.75 G,0.00 B,996.00 B
2019-07-16 17:24:01,259.22 M,4.75 G,0.00 B,13.28 K
2019-07-16 17:24:03,259.23 M,4.75 G,0.00 B,624.00 B
2019-07-16 17:24:05,259.23 M,4.75 G,0.00 B,612.00 B
2019-07-16 17:24:07,259.24 M,4.75 G,4.86 K,268.90 K
2019-07-16 17:24:09,259.24 M,4.75 G,0.00 B,816.00 B
2019-07-16 17:24:11,259.25 M,4.75 G,8.34 K,459.12 K
2019-07-16 17:24:13,259.25 M,4.75 G,0.00 B,720.00 B
2019-07-16 17:24:15,259.26 M,4.75 G,7.28 K,478.97 K
2019-07-16 17:24:17,259.26 M,4.75 G,0.00 B,756.00 B
2019-07-16 17:24:19,259.26 M,4.75 G,0.00 B,768.00 B
2019-07-16 17:24:21,259.27 M,4.75 G,0.00 B,924.00 B
2019-07-16 17:24:23,259.27 M,4.75 G,0.00 B,552.00 B
2019-07-16 17:24:25,259.28 M,4.75 G,8.67 K,487.22 K
2019-07-16 17:24:27,259.28 M,4.75 G,0.00 B,708.00 B
2019-07-16 17:24:29,259.28 M,4.75 G,8.86 K,490.47 K
2019-07-16 17:24:31,259.28 M,4.75 G,0.00 B,492.00 B
2019-07-16 17:24:33,259.28 M,4.75 G,0.00 B,864.00 B
2019-07-16 17:24:35,259.29 M,4.75 G,0.00 B,864.00 B
2019-07-16 17:24:37,259.29 M,4.75 G,0.00 B,1.01 K
2019-07-16 17:24:39,259.30 M,4.75 G,2.61 K,72.27 K
2019-07-16 17:24:41,259.30 M,4.75 G,0.00 B,612.00 B
2019-07-16 17:24:43,259.31 M,4.75 G,8.86 K,491.82 K
2019-07-16 17:24:45,259.31 M,4.75 G,0.00 B,492.00 B
2019-07-16 17:24:47,259.31 M,4.75 G,1.22 K,24.79 K
2019-07-16 17:24:49,259.32 M,4.75 G,0.00 B,540.00 B
2019-07-16 17:24:52,259.32 M,4.75 G,0.00 B,924.00 B
2019-07-16 17:24:54,259.33 M,4.75 G,0.00 B,492.00 B
2019-07-16 17:24:56,259.33 M,4.75 G,0.00 B,936.00 B
2019-07-16 17:24:58,259.34 M,4.75 G,9.25 K,490.46 K
2019-07-16 17:25:00,259.34 M,4.75 G,0.00 B,444.00 B
2019-07-16 17:25:02,259.34 M,4.75 G,858.00 B,19.96 K
2019-07-16 17:25:04,259.34 M,4.75 G,0.00 B,1.28 K
2019-07-16 17:25:06,259.34 M,4.75 G,0.00 B,600.00 B
2019-07-16 17:25:08,259.35 M,4.75 G,0.00 B,816.00 B
2019-07-16 17:25:10,259.35 M,4.75 G,0.00 B,708.00 B
2019-07-16 17:25:12,259.36 M,4.76 G,8.67 K,479.54 K
2019-07-16 17:25:14,259.36 M,4.76 G,42.00 B,396.00 B
2019-07-16 17:25:16,259.37 M,4.76 G,4.90 K,301.14 K
2019-07-16 17:25:18,259.37 M,4.76 G,0.00 B,768.00 B
2019-07-16 17:25:20,259.37 M,4.76 G,0.00 B,708.00 B
2019-07-16 17:25:22,259.38 M,4.76 G,0.00 B,756.00 B
2019-07-16 17:25:24,259.38 M,4.76 G,0.00 B,756.00 B
2019-07-16 17:25:26,259.39 M,4.76 G,8.75 K,493.89 K
2019-07-16 17:25:28,259.39 M,4.76 G,0.00 B,648.00 B
2019-07-16 17:25:30,259.39 M,4.76 G,3.35 K,171.56 K
2019-07-16 17:25:32,259.40 M,4.76 G,0.00 B,876.00 B
2019-07-16 17:25:34,259.40 M,4.76 G,0.00 B,540.00 B
2019-07-16 17:25:36,259.40 M,4.76 G,0.00 B,1.05 K
2019-07-16 17:25:38,259.40 M,4.76 G,0.00 B,708.00 B
2019-07-16 17:25:40,259.41 M,4.76 G,9.18 K,495.96 K
2019-07-16 17:25:42,259.41 M,4.76 G,42.00 B,612.00 B
2019-07-16 17:25:44,259.41 M,4.76 G,0.00 B,1.11 K
2019-07-16 17:25:46,259.42 M,4.76 G,84.00 B,732.00 B
2019-07-16 17:25:48,259.42 M,4.76 G,0.00 B,540.00 B
2019-07-16 17:25:50,259.43 M,4.76 G,9.44 K,518.12 K
2019-07-16 17:25:52,259.43 M,4.76 G,0.00 B,396.00 B
2019-07-16 17:25:54,259.44 M,4.76 G,5.03 K,313.73 K
2019-07-16 17:25:56,259.44 M,4.76 G,0.00 B,780.00 B
2019-07-16 17:25:58,259.44 M,4.76 G,0.00 B,612.00 B
2019-07-16 17:26:00,259.45 M,4.76 G,1.59 K,1.46 K
2019-07-16 17:26:02,259.45 M,4.76 G,0.00 B,9.50 K
2019-07-16 17:26:04,259.46 M,4.76 G,9.70 K,498.93 K
2019-07-16 17:26:06,259.46 M,4.76 G,0.00 B,1.22 K
2019-07-16 17:26:08,259.46 M,4.76 G,0.00 B,924.00 B
2019-07-16 17:26:10,259.47 M,4.76 G,0.00 B,216.00 B
2019-07-16 17:26:12,259.47 M,4.76 G,0.00 B,768.00 B
2019-07-16 17:26:14,259.48 M,4.76 G,9.12 K,497.99 K
2019-07-16 17:26:16,259.48 M,4.76 G,0.00 B,1.27 K
2019-07-16 17:26:18,259.48 M,4.76 G,3.16 K,164.20 K
2019-07-16 17:26:20,259.48 M,4.76 G,0.00 B,396.00 B
2019-07-16 17:26:22,259.48 M,4.76 G,0.00 B,1.01 K
2019-07-16 17:26:24,259.49 M,4.76 G,0.00 B,600.00 B
2019-07-16 17:26:26,259.49 M,4.76 G,0.00 B,384.00 B
2019-07-16 17:26:28,259.50 M,4.76 G,8.47 K,484.51 K
2019-07-16 17:26:30,259.50 M,4.76 G,0.00 B,660.00 B
2019-07-16 17:26:32,259.51 M,4.76 G,4.38 K,272.54 K
2019-07-16 17:26:34,259.51 M,4.76 G,0.00 B,708.00 B
2019-07-16 17:26:36,259.51 M,4.76 G,0.00 B,492.00 B
2019-07-16 17:26:38,259.52 M,4.76 G,0.00 B,1.28 K
2019-07-16 17:26:40,259.52 M,4.76 G,0.00 B,432.00 B
2019-07-16 17:26:42,259.53 M,4.76 G,1.71 K,1.30 K
2019-07-16 17:26:44,259.53 M,4.76 G,42.00 B,384.00 B
2019-07-16 17:26:46,259.53 M,4.76 G,8.41 K,462.52 K
2019-07-16 17:26:48,259.53 M,4.76 G,0.00 B,1.16 K
2019-07-16 17:26:50,259.54 M,4.77 G,8.60 K,447.54 K
2019-07-16 17:26:52,259.54 M,4.77 G,0.00 B,648.00 B
2019-07-16 17:26:54,259.54 M,4.77 G,0.00 B,108.00 B
2019-07-16 17:26:56,259.55 M,4.77 G,0.00 B,780.00 B
2019-07-16 17:26:58,259.55 M,4.77 G,0.00 B,648.00 B
2019-07-16 17:27:00,259.56 M,4.77 G,9.57 K,512.87 K
2019-07-16 17:27:02,259.56 M,4.77 G,0.00 B,1.20 K
2019-07-16 17:27:04,259.56 M,4.77 G,0.00 B,1.07 K
2019-07-16 17:27:06,259.57 M,4.77 G,0.00 B,984.00 B
2019-07-16 17:27:08,259.57 M,4.77 G,0.00 B,600.00 B
2019-07-16 17:27:10,259.58 M,4.77 G,0.00 B,552.00 B
2019-07-16 17:27:12,259.58 M,4.77 G,0.00 B,492.00 B
2019-07-16 17:27:14,259.58 M,4.77 G,8.28 K,460.70 K
2019-07-16 17:27:16,259.59 M,4.77 G,42.00 B,924.00 B
2019-07-16 17:27:18,259.60 M,4.77 G,8.46 K,460.59 K
2019-07-16 17:27:20,259.60 M,4.77 G,42.00 B,924.00 B
2019-07-16 17:27:22,259.60 M,4.77 G,0.00 B,768.00 B
2019-07-16 17:27:24,259.61 M,4.77 G,0.00 B,432.00 B
2019-07-16 17:27:26,259.61 M,4.77 G,0.00 B,600.00 B
2019-07-16 17:27:28,259.61 M,4.77 G,2.48 K,83.16 K
2019-07-16 17:27:30,259.61 M,4.77 G,0.00 B,888.00 B
2019-07-16 17:27:32,259.62 M,4.77 G,8.73 K,472.07 K
2019-07-16 17:27:34,259.62 M,4.77 G,0.00 B,648.00 B
2019-07-16 17:27:36,259.62 M,4.77 G,0.00 B,924.00 B
2019-07-16 17:27:38,259.63 M,4.77 G,0.00 B,672.00 B
2019-07-16 17:27:40,259.63 M,4.77 G,0.00 B,1.01 K
2019-07-16 17:27:42,259.64 M,4.77 G,0.00 B,936.00 B
2019-07-16 17:27:44,259.64 M,4.77 G,0.00 B,444.00 B
2019-07-16 17:27:46,259.65 M,4.77 G,8.92 K,470.03 K
2019-07-16 17:27:49,259.65 M,4.77 G,42.00 B,1.08 K
2019-07-16 17:27:51,259.65 M,4.77 G,0.00 B,552.00 B
2019-07-16 17:27:53,259.66 M,4.77 G,0.00 B,384.00 B
2019-07-16 17:27:55,259.66 M,4.77 G,0.00 B,444.00 B
2019-07-16 17:27:57,259.67 M,4.77 G,0.00 B,720.00 B
2019-07-16 17:27:59,259.67 M,4.77 G,0.00 B,660.00 B
2019-07-16 17:28:01,259.67 M,4.77 G,8.28 K,459.79 K
2019-07-16 17:28:03,259.68 M,4.77 G,2.35 K,4.91 K
2019-07-16 17:28:05,259.68 M,4.77 G,0.00 B,816.00 B
2019-07-16 17:28:07,259.68 M,4.77 G,0.00 B,816.00 B
2019-07-16 17:28:09,259.68 M,4.77 G,0.00 B,432.00 B
2019-07-16 17:28:11,259.69 M,4.77 G,0.00 B,564.00 B
2019-07-16 17:28:13,259.69 M,4.77 G,0.00 B,1.75 K
2019-07-16 17:28:15,259.70 M,4.77 G,8.73 K,502.89 K
2019-07-16 17:28:17,259.70 M,4.77 G,0.00 B,660.00 B
2019-07-16 17:28:19,259.70 M,4.77 G,0.00 B,708.00 B
2019-07-16 17:28:21,259.71 M,4.77 G,0.00 B,1.07 K
2019-07-16 17:28:23,259.71 M,4.77 G,0.00 B,492.00 B
2019-07-16 17:28:25,259.72 M,4.77 G,8.54 K,465.33 K
2019-07-16 17:28:27,259.72 M,4.77 G,0.00 B,816.00 B
2019-07-16 17:28:29,259.72 M,4.77 G,5.29 K,276.48 K
2019-07-16 17:28:31,259.73 M,4.77 G,0.00 B,816.00 B
2019-07-16 17:28:33,259.73 M,4.77 G,0.00 B,972.00 B
2019-07-16 17:28:35,259.74 M,4.78 G,0.00 B,708.00 B
2019-07-16 17:28:37,259.74 M,4.78 G,0.00 B,936.00 B
2019-07-16 17:28:39,259.74 M,4.78 G,8.99 K,464.72 K
2019-07-16 17:28:41,259.74 M,4.78 G,0.00 B,1.32 K
2019-07-16 17:28:43,259.75 M,4.78 G,5.67 K,330.37 K
2019-07-16 17:28:45,259.75 M,4.78 G,204.00 B,846.00 B
2019-07-16 17:28:47,259.75 M,4.78 G,0.00 B,660.00 B
2019-07-16 17:28:49,259.76 M,4.78 G,0.00 B,384.00 B
2019-07-16 17:28:51,259.76 M,4.78 G,42.00 B,672.00 B
2019-07-16 17:28:53,259.77 M,4.78 G,9.05 K,465.17 K
2019-07-16 17:28:55,259.77 M,4.78 G,0.00 B,924.00 B
2019-07-16 17:28:57,259.77 M,4.78 G,3.03 K,74.70 K
2019-07-16 17:28:59,259.78 M,4.78 G,0.00 B,924.00 B
2019-07-16 17:29:01,259.78 M,4.78 G,0.00 B,4.90 K
2019-07-16 17:29:03,259.79 M,4.78 G,0.00 B,708.00 B
2019-07-16 17:29:05,259.79 M,4.78 G,0.00 B,540.00 B
2019-07-16 17:29:07,259.80 M,4.78 G,8.47 K,477.02 K
2019-07-16 17:29:09,259.80 M,4.78 G,0.00 B,660.00 B
2019-07-16 17:29:11,259.80 M,4.78 G,0.00 B,1.22 K
2019-07-16 17:29:13,259.81 M,4.78 G,0.00 B,972.00 B
2019-07-16 17:29:15,259.81 M,4.78 G,0.00 B,552.00 B
2019-07-16 17:29:17,259.82 M,4.78 G,9.01 K,475.65 K
2019-07-16 17:29:19,259.82 M,4.78 G,42.00 B,492.00 B
2019-07-16 17:29:21,259.82 M,4.78 G,5.67 K,386.37 K
2019-07-16 17:29:23,259.83 M,4.78 G,0.00 B,624.00 B
2019-07-16 17:29:25,259.83 M,4.78 G,0.00 B,1.08 K
2019-07-16 17:29:27,259.83 M,4.78 G,0.00 B,768.00 B
2019-07-16 17:29:29,259.83 M,4.78 G,0.00 B,1.21 K
2019-07-16 17:29:31,259.84 M,4.78 G,8.54 K,455.64 K
2019-07-16 17:29:33,259.84 M,4.78 G,0.00 B,708.00 B
2019-07-16 17:29:35,259.84 M,4.78 G,0.00 B,324.00 B
2019-07-16 17:29:37,259.85 M,4.78 G,0.00 B,600.00 B
2019-07-16 17:29:39,259.85 M,4.78 G,0.00 B,1.22 K
2019-07-16 17:29:41,259.86 M,4.78 G,8.99 K,465.68 K
2019-07-16 17:29:43,259.86 M,4.78 G,0.00 B,660.00 B
2019-07-16 17:29:45,259.86 M,4.78 G,2.00 K,61.04 K
2019-07-16 17:29:47,259.87 M,4.78 G,0.00 B,492.00 B
2019-07-16 17:29:49,259.87 M,4.78 G,42.00 B,660.00 B
2019-07-16 17:29:51,259.88 M,4.78 G,4.73 K,246.07 K
2019-07-16 17:29:53,259.88 M,4.78 G,0.00 B,432.00 B
2019-07-16 17:29:55,259.89 M,4.78 G,8.21 K,463.04 K
2019-07-16 17:29:57,259.89 M,4.78 G,0.00 B,864.00 B
2019-07-16 17:29:59,259.89 M,4.78 G,0.00 B,876.00 B
2019-07-16 17:30:01,259.89 M,4.78 G,174.00 B,9.44 K
2019-07-16 17:30:03,259.89 M,4.78 G,0.00 B,816.00 B
2019-07-16 17:30:05,259.90 M,4.78 G,8.54 K,462.39 K
2019-07-16 17:30:07,259.90 M,4.78 G,42.00 B,552.00 B
2019-07-16 17:30:09,259.90 M,4.78 G,0.00 B,768.00 B
2019-07-16 17:30:11,259.91 M,4.78 G,54.00 B,1.37 K
2019-07-16 17:30:13,259.91 M,4.78 G,0.00 B,444.00 B
2019-07-16 17:30:15,259.92 M,4.78 G,9.50 K,458.12 K
2019-07-16 17:30:17,259.92 M,4.78 G,0.00 B,168.00 B
2019-07-16 17:30:19,259.92 M,4.78 G,4.07 K,4.61 K
2019-07-16 17:30:21,259.94 M,4.79 G,0.00 B,924.00 B
2019-07-16 17:30:23,259.94 M,4.79 G,0.00 B,612.00 B
2019-07-16 17:30:25,259.95 M,4.79 G,7.35 K,445.95 K
2019-07-16 17:30:27,259.95 M,4.79 G,0.00 B,1.23 K
2019-07-16 17:30:29,259.95 M,4.79 G,0.00 B,999.00 B
2019-07-16 17:30:31,259.96 M,4.79 G,0.00 B,708.00 B
2019-07-16 17:30:33,259.96 M,4.79 G,0.00 B,600.00 B
2019-07-16 17:30:35,259.97 M,4.79 G,8.67 K,458.22 K
2019-07-16 17:30:37,259.97 M,4.79 G,0.00 B,1.05 K
2019-07-16 17:30:39,259.97 M,4.79 G,0.00 B,540.00 B
2019-07-16 17:30:41,259.97 M,4.79 G,0.00 B,672.00 B
2019-07-16 17:30:43,259.97 M,4.79 G,0.00 B,1.12 K
2019-07-16 17:30:46,259.98 M,4.79 G,1.51 K,746.00 B
2019-07-16 17:30:48,259.98 M,4.79 G,204.00 B,738.00 B
2019-07-16 17:30:50,259.99 M,4.79 G,8.41 K,467.38 K
2019-07-16 17:30:52,259.99 M,4.79 G,0.00 B,1.28 K
2019-07-16 17:30:54,259.99 M,4.79 G,84.00 B,828.00 B
2019-07-16 17:30:56,260.00 M,4.79 G,0.00 B,828.00 B
2019-07-16 17:30:58,260.00 M,4.79 G,0.00 B,552.00 B
2019-07-16 17:31:00,260.01 M,4.79 G,8.62 K,460.51 K
2019-07-16 17:31:02,260.01 M,4.79 G,0.00 B,13.95 K
2019-07-16 17:31:04,260.01 M,4.79 G,0.00 B,816.00 B
2019-07-16 17:31:06,260.02 M,4.79 G,0.00 B,864.00 B
2019-07-16 17:31:08,260.02 M,4.79 G,0.00 B,660.00 B
2019-07-16 17:31:10,260.02 M,4.79 G,3.70 K,191.29 K
2019-07-16 17:31:12,260.02 M,4.79 G,0.00 B,708.00 B
2019-07-16 17:31:14,260.03 M,4.79 G,5.61 K,354.05 K
2019-07-16 17:31:16,260.03 M,4.79 G,0.00 B,1.15 K
2019-07-16 17:31:18,260.03 M,4.79 G,0.00 B,168.00 B
2019-07-16 17:31:20,260.04 M,4.79 G,0.00 B,1.51 K
2019-07-16 17:31:22,260.04 M,4.79 G,0.00 B,492.00 B
2019-07-16 17:31:24,260.05 M,4.79 G,9.05 K,467.61 K
2019-07-16 17:31:26,260.05 M,4.79 G,0.00 B,1.15 K
2019-07-16 17:31:28,260.05 M,4.79 G,0.00 B,816.00 B
2019-07-16 17:31:30,260.06 M,4.79 G,0.00 B,1011.00 B
2019-07-16 17:31:32,260.06 M,4.79 G,0.00 B,384.00 B
2019-07-16 17:31:34,260.07 M,4.79 G,8.88 K,466.81 K
2019-07-16 17:31:36,260.07 M,4.79 G,0.00 B,444.00 B
2019-07-16 17:31:38,260.07 M,4.79 G,0.00 B,1.16 K
2019-07-16 17:31:40,260.07 M,4.79 G,0.00 B,384.00 B
2019-07-16 17:31:42,260.07 M,4.79 G,0.00 B,807.00 B
2019-07-16 17:31:44,260.08 M,4.79 G,8.34 K,456.64 K
2019-07-16 17:31:46,260.08 M,4.79 G,0.00 B,492.00 B
2019-07-16 17:31:48,260.09 M,4.79 G,6.57 K,451.62 K
2019-07-16 17:31:50,260.09 M,4.79 G,204.00 B,570.00 B
2019-07-16 17:31:52,260.09 M,4.79 G,0.00 B,972.00 B
2019-07-16 17:31:54,260.10 M,4.79 G,0.00 B,936.00 B
2019-07-16 17:31:56,260.10 M,4.79 G,0.00 B,708.00 B
2019-07-16 17:31:58,260.11 M,4.79 G,8.60 K,451.48 K
2019-07-16 17:32:00,260.11 M,4.79 G,0.00 B,1.14 K
2019-07-16 17:32:02,260.11 M,4.79 G,0.00 B,1.23 K
2019-07-16 17:32:04,260.12 M,4.79 G,0.00 B,795.00 B
2019-07-16 17:32:06,260.12 M,4.79 G,0.00 B,540.00 B
2019-07-16 17:32:08,260.12 M,4.80 G,8.62 K,482.08 K
2019-07-16 17:32:10,260.12 M,4.80 G,0.00 B,1.01 K
2019-07-16 17:32:12,260.12 M,4.80 G,0.00 B,540.00 B
2019-07-16 17:32:14,260.13 M,4.80 G,0.00 B,336.00 B
2019-07-16 17:32:16,260.13 M,4.80 G,0.00 B,168.00 B
2019-07-16 17:32:18,260.14 M,4.80 G,1.58 K,1.06 K
2019-07-16 17:32:20,260.14 M,4.80 G,0.00 B,492.00 B
2019-07-16 17:32:22,260.15 M,4.80 G,8.86 K,456.33 K
2019-07-16 17:32:24,260.15 M,4.80 G,0.00 B,1.11 K
2019-07-16 17:32:26,260.15 M,4.80 G,0.00 B,924.00 B
2019-07-16 17:32:28,260.16 M,4.80 G,0.00 B,600.00 B
2019-07-16 17:32:30,260.16 M,4.80 G,0.00 B,276.00 B
2019-07-16 17:32:32,260.17 M,4.80 G,9.38 K,465.83 K
2019-07-16 17:32:34,260.17 M,4.80 G,0.00 B,1.34 K
2019-07-16 17:32:36,260.17 M,4.80 G,0.00 B,492.00 B
2019-07-16 17:32:38,260.18 M,4.80 G,0.00 B,444.00 B
2019-07-16 17:32:40,260.18 M,4.80 G,0.00 B,600.00 B
2019-07-16 17:32:42,260.19 M,4.80 G,9.33 K,469.34 K
2019-07-16 17:32:44,260.19 M,4.80 G,0.00 B,492.00 B
2019-07-16 17:32:46,260.19 M,4.80 G,0.00 B,540.00 B
2019-07-16 17:32:48,260.20 M,4.80 G,0.00 B,540.00 B
2019-07-16 17:32:50,260.20 M,4.80 G,0.00 B,972.00 B
2019-07-16 17:32:52,260.20 M,4.80 G,8.47 K,463.08 K
2019-07-16 17:32:54,260.20 M,4.80 G,0.00 B,708.00 B
2019-07-16 17:32:56,260.20 M,4.80 G,84.00 B,1.24 K
2019-07-16 17:32:58,260.21 M,4.80 G,0.00 B,720.00 B
2019-07-16 17:33:00,260.21 M,4.80 G,0.00 B,1.50 K
2019-07-16 17:33:02,260.22 M,4.80 G,9.63 K,518.83 K
2019-07-16 17:33:04,260.22 M,4.80 G,0.00 B,540.00 B
2019-07-16 17:33:06,260.22 M,4.80 G,0.00 B,1.11 K
2019-07-16 17:33:08,260.23 M,4.80 G,0.00 B,708.00 B
2019-07-16 17:33:10,260.23 M,4.80 G,0.00 B,657.00 B
2019-07-16 17:33:12,260.24 M,4.80 G,4.77 K,295.25 K
2019-07-16 17:33:14,260.24 M,4.80 G,0.00 B,288.00 B
2019-07-16 17:33:16,260.24 M,4.80 G,0.00 B,396.00 B
2019-07-16 17:33:18,260.25 M,4.80 G,2.41 K,76.71 K
2019-07-16 17:33:20,260.25 M,4.80 G,0.00 B,924.00 B
2019-07-16 17:33:22,260.26 M,4.80 G,7.53 K,455.94 K
2019-07-16 17:33:24,260.26 M,4.80 G,42.00 B,768.00 B
2019-07-16 17:33:26,260.26 M,4.80 G,0.00 B,768.00 B
2019-07-16 17:33:28,260.27 M,4.80 G,0.00 B,0.00 B
2019-07-16 17:33:30,260.27 M,4.80 G,0.00 B,1.22 K
2019-07-16 17:33:32,260.27 M,4.80 G,7.35 K,477.89 K
2019-07-16 17:33:34,260.27 M,4.80 G,0.00 B,540.00 B
2019-07-16 17:33:36,260.27 M,4.80 G,0.00 B,324.00 B
2019-07-16 17:33:38,260.28 M,4.80 G,3.32 K,166.64 K
2019-07-16 17:33:40,260.28 M,4.80 G,0.00 B,492.00 B
2019-07-16 17:33:43,260.29 M,4.80 G,2.71 K,77.81 K
2019-07-16 17:33:45,260.29 M,4.80 G,0.00 B,720.00 B
2019-07-16 17:33:47,260.29 M,4.80 G,0.00 B,600.00 B
2019-07-16 17:33:49,260.30 M,4.80 G,8.41 K,478.34 K
2019-07-16 17:33:51,260.30 M,4.80 G,0.00 B,780.00 B
2019-07-16 17:33:53,260.30 M,4.80 G,204.00 B,1.25 K
2019-07-16 17:33:55,260.31 M,4.80 G,42.00 B,720.00 B
2019-07-16 17:33:57,260.31 M,4.80 G,0.00 B,384.00 B
2019-07-16 17:33:59,260.32 M,4.81 G,8.47 K,467.07 K
2019-07-16 17:34:01,260.32 M,4.81 G,0.00 B,648.00 B
2019-07-16 17:34:03,260.32 M,4.81 G,0.00 B,708.00 B
2019-07-16 17:34:05,260.33 M,4.81 G,0.00 B,1.17 K
2019-07-16 17:34:07,260.33 M,4.81 G,0.00 B,1.23 K
2019-07-16 17:34:09,260.33 M,4.81 G,9.18 K,513.49 K
2019-07-16 17:34:11,260.33 M,4.81 G,0.00 B,660.00 B
2019-07-16 17:34:13,260.33 M,4.81 G,0.00 B,336.00 B
2019-07-16 17:34:15,260.34 M,4.81 G,4.50 K,244.54 K
2019-07-16 17:34:17,260.34 M,4.81 G,0.00 B,660.00 B
2019-07-16 17:34:19,260.35 M,4.81 G,4.06 K,167.41 K
2019-07-16 17:34:21,260.35 M,4.81 G,0.00 B,660.00 B
2019-07-16 17:34:23,260.35 M,4.81 G,0.00 B,768.00 B
2019-07-16 17:34:25,260.36 M,4.81 G,8.67 K,467.98 K
2019-07-16 17:34:27,260.36 M,4.81 G,0.00 B,504.00 B
2019-07-16 17:34:29,260.36 M,4.81 G,0.00 B,228.00 B
2019-07-16 17:34:31,260.37 M,4.81 G,0.00 B,924.00 B
2019-07-16 17:34:33,260.37 M,4.81 G,0.00 B,1.01 K
2019-07-16 17:34:35,260.38 M,4.81 G,8.99 K,493.83 K
2019-07-16 17:34:37,260.38 M,4.81 G,0.00 B,756.00 B
2019-07-16 17:34:39,260.38 M,4.81 G,0.00 B,732.00 B
2019-07-16 17:34:41,260.39 M,4.81 G,0.00 B,228.00 B
2019-07-16 17:34:43,260.39 M,4.81 G,0.00 B,864.00 B
2019-07-16 17:34:45,260.39 M,4.81 G,8.88 K,455.59 K
2019-07-16 17:34:47,260.39 M,4.81 G,0.00 B,1.44 K
2019-07-16 17:34:49,260.39 M,4.81 G,0.00 B,720.00 B
2019-07-16 17:34:51,260.40 M,4.81 G,0.00 B,1.07 K
2019-07-16 17:34:53,260.40 M,4.81 G,0.00 B,828.00 B
2019-07-16 17:34:55,260.41 M,4.81 G,8.34 K,474.09 K
2019-07-16 17:34:57,260.41 M,4.81 G,0.00 B,876.00 B
2019-07-16 17:34:59,260.41 M,4.81 G,84.00 B,876.00 B
2019-07-16 17:35:01,260.42 M,4.81 G,0.00 B,1.17 K
2019-07-16 17:35:03,260.42 M,4.81 G,0.00 B,708.00 B
2019-07-16 17:35:05,260.43 M,4.81 G,8.41 K,463.45 K
2019-07-16 17:35:07,260.43 M,4.81 G,50.00 B,888.00 B
2019-07-16 17:35:09,260.43 M,4.81 G,0.00 B,492.00 B
2019-07-16 17:35:11,260.44 M,4.81 G,0.00 B,324.00 B
2019-07-16 17:35:13,260.44 M,4.81 G,0.00 B,552.00 B
2019-07-16 17:35:15,260.45 M,4.81 G,8.04 K,461.59 K
2019-07-16 17:35:17,260.45 M,4.81 G,0.00 B,552.00 B
2019-07-16 17:35:19,260.45 M,4.81 G,0.00 B,1.16 K
2019-07-16 17:35:21,260.45 M,4.81 G,1.51 K,698.00 B
2019-07-16 17:35:23,260.45 M,4.81 G,0.00 B,564.00 B
2019-07-16 17:35:25,260.46 M,4.81 G,2.71 K,85.16 K
2019-07-16 17:35:27,260.46 M,4.81 G,0.00 B,168.00 B
2019-07-16 17:35:29,260.46 M,4.81 G,0.00 B,1.02 K
2019-07-16 17:35:31,260.47 M,4.81 G,8.34 K,459.77 K
2019-07-16 17:35:33,260.47 M,4.81 G,0.00 B,1.05 K
2019-07-16 17:35:35,260.47 M,4.81 G,0.00 B,540.00 B
2019-07-16 17:35:37,260.48 M,4.81 G,0.00 B,828.00 B
2019-07-16 17:35:39,260.48 M,4.81 G,0.00 B,276.00 B
2019-07-16 17:35:41,260.49 M,4.81 G,8.21 K,452.83 K
2019-07-16 17:35:43,260.49 M,4.81 G,0.00 B,540.00 B
2019-07-16 17:35:45,260.49 M,4.81 G,0.00 B,936.00 B
2019-07-16 17:35:47,260.50 M,4.81 G,0.00 B,828.00 B
2019-07-16 17:35:49,260.50 M,4.81 G,0.00 B,1.51 K
2019-07-16 17:35:51,260.50 M,4.82 G,8.60 K,458.19 K
2019-07-16 17:35:53,260.50 M,4.82 G,0.00 B,1.36 K
2019-07-16 17:35:55,260.50 M,4.82 G,204.00 B,1.01 K
2019-07-16 17:35:57,260.51 M,4.82 G,0.00 B,948.00 B
2019-07-16 17:35:59,260.51 M,4.82 G,0.00 B,1.63 K
2019-07-16 17:36:01,260.52 M,4.82 G,8.92 K,486.29 K
2019-07-16 17:36:03,260.52 M,4.82 G,0.00 B,1.38 K
2019-07-16 17:36:05,260.52 M,4.82 G,0.00 B,576.00 B
2019-07-16 17:36:07,260.53 M,4.82 G,0.00 B,504.00 B
2019-07-16 17:36:09,260.53 M,4.82 G,0.00 B,1008.00 B
2019-07-16 17:36:11,260.53 M,4.82 G,0.00 B,504.00 B
2019-07-16 17:36:13,260.54 M,4.82 G,0.00 B,624.00 B
2019-07-16 17:36:15,260.54 M,4.82 G,0.00 B,972.00 B
2019-07-16 17:36:17,260.55 M,4.82 G,8.75 K,465.22 K
2019-07-16 17:36:19,260.55 M,4.82 G,0.00 B,492.00 B
2019-07-16 17:36:21,260.55 M,4.82 G,0.00 B,600.00 B
2019-07-16 17:36:23,260.55 M,4.82 G,0.00 B,1.01 K
2019-07-16 17:36:25,260.55 M,4.82 G,0.00 B,660.00 B
2019-07-16 17:36:27,260.56 M,4.82 G,8.67 K,451.51 K
2019-07-16 17:36:29,260.56 M,4.82 G,42.00 B,720.00 B
2019-07-16 17:36:31,260.56 M,4.82 G,0.00 B,924.00 B
2019-07-16 17:36:33,260.57 M,4.82 G,0.00 B,1.01 K
2019-07-16 17:36:35,260.57 M,4.82 G,0.00 B,996.00 B
2019-07-16 17:36:37,260.57 M,4.82 G,3.48 K,208.67 K
2019-07-16 17:36:40,260.58 M,4.82 G,0.00 B,540.00 B
2019-07-16 17:36:42,260.58 M,4.82 G,0.00 B,504.00 B
2019-07-16 17:36:44,260.59 M,4.82 G,8.47 K,464.96 K
2019-07-16 17:36:46,260.59 M,4.82 G,0.00 B,648.00 B
2019-07-16 17:36:48,260.59 M,4.82 G,0.00 B,924.00 B
2019-07-16 17:36:50,260.60 M,4.82 G,0.00 B,816.00 B
2019-07-16 17:36:52,260.60 M,4.82 G,0.00 B,324.00 B
2019-07-16 17:36:54,260.60 M,4.82 G,8.09 K,458.76 K
2019-07-16 17:36:56,260.60 M,4.82 G,0.00 B,768.00 B
2019-07-16 17:36:58,260.60 M,4.82 G,42.00 B,396.00 B
2019-07-16 17:37:00,260.61 M,4.82 G,0.00 B,648.00 B
2019-07-16 17:37:02,260.61 M,4.82 G,84.00 B,1.55 K
2019-07-16 17:37:04,260.62 M,4.82 G,8.73 K,462.02 K
2019-07-16 17:37:06,260.62 M,4.82 G,0.00 B,519.00 B
2019-07-16 17:37:08,260.62 M,4.82 G,0.00 B,432.00 B
2019-07-16 17:37:10,260.63 M,4.82 G,6.54 K,405.42 K
2019-07-16 17:37:12,260.63 M,4.82 G,0.00 B,936.00 B
2019-07-16 17:37:14,260.63 M,4.82 G,0.00 B,708.00 B
2019-07-16 17:37:16,260.64 M,4.82 G,0.00 B,1.05 K
2019-07-16 17:37:18,260.64 M,4.82 G,0.00 B,708.00 B
2019-07-16 17:37:20,260.65 M,4.82 G,8.53 K,451.00 K
2019-07-16 17:37:22,260.65 M,4.82 G,0.00 B,864.00 B
2019-07-16 17:37:24,260.65 M,4.82 G,0.00 B,600.00 B
2019-07-16 17:37:26,260.66 M,4.82 G,0.00 B,1.11 K
2019-07-16 17:37:28,260.66 M,4.82 G,0.00 B,708.00 B
2019-07-16 17:37:30,260.66 M,4.82 G,3.35 K,149.94 K
2019-07-16 17:37:32,260.67 M,4.82 G,0.00 B,924.00 B
2019-07-16 17:37:34,260.67 M,4.82 G,0.00 B,384.00 B
2019-07-16 17:37:36,260.68 M,4.82 G,8.60 K,457.16 K
2019-07-16 17:37:38,260.68 M,4.82 G,0.00 B,708.00 B
2019-07-16 17:37:40,260.68 M,4.82 G,0.00 B,540.00 B
2019-07-16 17:37:42,260.69 M,4.82 G,0.00 B,1.23 K
2019-07-16 17:37:44,260.69 M,4.82 G,0.00 B,864.00 B
2019-07-16 17:37:46,260.69 M,4.83 G,8.47 K,458.93 K
2019-07-16 17:37:48,260.69 M,4.83 G,0.00 B,768.00 B
2019-07-16 17:37:50,260.69 M,4.83 G,0.00 B,816.00 B
2019-07-16 17:37:52,260.70 M,4.83 G,2.63 K,87.55 K
2019-07-16 17:37:54,260.70 M,4.83 G,0.00 B,648.00 B
2019-07-16 17:37:56,260.71 M,4.83 G,3.61 K,152.21 K
2019-07-16 17:37:58,260.71 M,4.83 G,204.00 B,906.00 B
2019-07-16 17:38:00,260.71 M,4.83 G,0.00 B,816.00 B
2019-07-16 17:38:02,260.72 M,4.83 G,8.60 K,488.22 K
2019-07-16 17:38:04,260.72 M,4.83 G,0.00 B,780.00 B
2019-07-16 17:38:06,260.72 M,4.83 G,0.00 B,276.00 B
2019-07-16 17:38:08,260.73 M,4.83 G,0.00 B,948.00 B
2019-07-16 17:38:10,260.73 M,4.83 G,0.00 B,876.00 B
2019-07-16 17:38:12,260.74 M,4.83 G,8.34 K,469.10 K
2019-07-16 17:38:14,260.74 M,4.83 G,0.00 B,600.00 B
2019-07-16 17:38:16,260.74 M,4.83 G,0.00 B,936.00 B
2019-07-16 17:38:18,260.75 M,4.83 G,8.09 K,462.76 K
2019-07-16 17:38:20,260.75 M,4.83 G,0.00 B,924.00 B
2019-07-16 17:38:22,260.75 M,4.83 G,0.00 B,816.00 B
2019-07-16 17:38:24,260.75 M,4.83 G,0.00 B,876.00 B
2019-07-16 17:38:26,260.75 M,4.83 G,0.00 B,816.00 B
2019-07-16 17:38:28,260.76 M,4.83 G,8.20 K,467.74 K
2019-07-16 17:38:30,260.76 M,4.83 G,0.00 B,1.11 K
2019-07-16 17:38:32,260.76 M,4.83 G,42.00 B,552.00 B
2019-07-16 17:38:34,260.77 M,4.83 G,3.19 K,130.47 K
2019-07-16 17:38:36,260.77 M,4.83 G,0.00 B,540.00 B
2019-07-16 17:38:38,260.77 M,4.83 G,0.00 B,384.00 B
2019-07-16 17:38:40,260.78 M,4.83 G,0.00 B,1.01 K
2019-07-16 17:38:42,260.78 M,4.83 G,0.00 B,996.00 B
2019-07-16 17:38:44,260.79 M,4.83 G,8.47 K,465.80 K
2019-07-16 17:38:46,260.79 M,4.83 G,0.00 B,924.00 B
2019-07-16 17:38:48,260.79 M,4.83 G,0.00 B,432.00 B
2019-07-16 17:38:50,260.80 M,4.83 G,9.57 K,469.90 K
2019-07-16 17:38:52,260.80 M,4.83 G,0.00 B,492.00 B
2019-07-16 17:38:54,260.80 M,4.83 G,0.00 B,816.00 B
2019-07-16 17:38:56,260.81 M,4.83 G,0.00 B,600.00 B
2019-07-16 17:38:58,260.81 M,4.83 G,0.00 B,432.00 B
2019-07-16 17:39:00,260.81 M,4.83 G,1.74 K,39.67 K
2019-07-16 17:39:02,260.81 M,4.83 G,42.00 B,600.00 B
2019-07-16 17:39:04,260.82 M,4.83 G,42.00 B,396.00 B
2019-07-16 17:39:06,260.82 M,4.83 G,8.28 K,477.48 K
2019-07-16 17:39:08,260.82 M,4.83 G,0.00 B,1.17 K
2019-07-16 17:39:10,260.82 M,4.83 G,0.00 B,540.00 B
2019-07-16 17:39:12,260.83 M,4.83 G,0.00 B,708.00 B
2019-07-16 17:39:14,260.83 M,4.83 G,0.00 B,924.00 B
2019-07-16 17:39:16,260.83 M,4.83 G,0.00 B,564.00 B
2019-07-16 17:39:18,260.84 M,4.83 G,0.00 B,1.11 K
2019-07-16 17:39:20,260.84 M,4.83 G,0.00 B,924.00 B
2019-07-16 17:39:22,260.85 M,4.83 G,8.67 K,478.18 K
2019-07-16 17:39:24,260.85 M,4.83 G,0.00 B,924.00 B
2019-07-16 17:39:26,260.85 M,4.83 G,0.00 B,972.00 B
2019-07-16 17:39:28,260.86 M,4.83 G,1.97 K,17.32 K
2019-07-16 17:39:30,260.86 M,4.83 G,0.00 B,648.00 B
2019-07-16 17:39:32,260.86 M,4.83 G,0.00 B,108.00 B
2019-07-16 17:39:34,260.87 M,4.83 G,42.00 B,768.00 B
2019-07-16 17:39:37,260.87 M,4.83 G,0.00 B,216.00 B
2019-07-16 17:39:39,260.87 M,4.83 G,8.28 K,459.99 K
2019-07-16 17:39:41,260.87 M,4.83 G,0.00 B,2.12 K
2019-07-16 17:39:43,260.87 M,4.83 G,0.00 B,648.00 B
2019-07-16 17:39:45,260.88 M,4.83 G,4.22 K,221.23 K
2019-07-16 17:39:47,260.88 M,4.83 G,0.00 B,936.00 B
2019-07-16 17:39:49,260.88 M,4.83 G,0.00 B,876.00 B
2019-07-16 17:39:51,260.89 M,4.84 G,0.00 B,936.00 B
2019-07-16 17:39:53,260.89 M,4.84 G,0.00 B,1.16 K
2019-07-16 17:39:55,260.90 M,4.84 G,6.25 K,426.67 K
2019-07-16 17:39:57,260.90 M,4.84 G,0.00 B,708.00 B
2019-07-16 17:39:59,260.90 M,4.84 G,0.00 B,816.00 B
2019-07-16 17:40:01,260.91 M,4.84 G,9.66 K,476.71 K
2019-07-16 17:40:03,260.91 M,4.84 G,0.00 B,324.00 B
2019-07-16 17:40:05,260.91 M,4.84 G,0.00 B,384.00 B
2019-07-16 17:40:07,260.92 M,4.84 G,84.00 B,1.24 K
2019-07-16 17:40:09,260.92 M,4.84 G,0.00 B,1.12 K
2019-07-16 17:40:11,260.92 M,4.84 G,54.00 B,600.00 B
2019-07-16 17:40:13,260.93 M,4.84 G,0.00 B,864.00 B
2019-07-16 17:40:15,260.93 M,4.84 G,0.00 B,432.00 B
2019-07-16 17:40:17,260.93 M,4.84 G,0.00 B,984.00 B
2019-07-16 17:40:19,260.94 M,4.84 G,0.00 B,600.00 B
2019-07-16 17:40:21,260.94 M,4.84 G,0.00 B,1.14 K
2019-07-16 17:40:23,260.95 M,4.84 G,11.17 K,460.19 K
2019-07-16 17:40:25,260.95 M,4.84 G,0.00 B,492.00 B
2019-07-16 17:40:27,260.95 M,4.84 G,76.00 B,1.35 K
2019-07-16 17:40:29,260.96 M,4.84 G,7.96 K,485.14 K
2019-07-16 17:40:31,260.96 M,4.84 G,0.00 B,228.00 B
2019-07-16 17:40:33,260.96 M,4.84 G,0.00 B,924.00 B
2019-07-16 17:40:35,260.96 M,4.84 G,0.00 B,660.00 B
2019-07-16 17:40:37,260.96 M,4.84 G,0.00 B,783.00 B
2019-07-16 17:40:39,260.96 M,4.84 G,0.00 B,864.00 B
2019-07-16 17:40:41,260.97 M,4.84 G,0.00 B,648.00 B
2019-07-16 17:40:43,260.97 M,4.84 G,0.00 B,720.00 B
2019-07-16 17:40:45,260.98 M,4.84 G,8.60 K,456.67 K
2019-07-16 17:40:47,260.98 M,4.84 G,0.00 B,648.00 B
2019-07-16 17:40:49,260.98 M,4.84 G,0.00 B,600.00 B
2019-07-16 17:40:51,260.99 M,4.84 G,3.83 K,184.36 K
2019-07-16 17:40:53,260.99 M,4.84 G,0.00 B,1.55 K
2019-07-16 17:40:55,260.99 M,4.84 G,0.00 B,864.00 B
2019-07-16 17:40:57,261.00 M,4.84 G,0.00 B,351.00 B
2019-07-16 17:40:59,261.00 M,4.84 G,0.00 B,756.00 B
2019-07-16 17:41:01,261.01 M,4.84 G,8.54 K,475.91 K
2019-07-16 17:41:03,261.01 M,4.84 G,0.00 B,444.00 B
2019-07-16 17:41:05,261.01 M,4.84 G,0.00 B,648.00 B
2019-07-16 17:41:07,261.02 M,4.84 G,9.24 K,459.41 K
2019-07-16 17:41:09,261.02 M,4.84 G,0.00 B,864.00 B
2019-07-16 17:41:11,261.02 M,4.84 G,0.00 B,648.00 B
2019-07-16 17:41:13,261.02 M,4.84 G,0.00 B,552.00 B
2019-07-16 17:41:15,261.02 M,4.84 G,0.00 B,552.00 B
2019-07-16 17:41:17,261.03 M,4.84 G,1.03 K,10.41 K
2019-07-16 17:41:19,261.03 M,4.84 G,50.00 B,1.02 K
2019-07-16 17:41:21,261.03 M,4.84 G,0.00 B,600.00 B
2019-07-16 17:41:23,261.04 M,4.84 G,8.47 K,455.15 K
2019-07-16 17:41:25,261.04 M,4.84 G,0.00 B,3.30 K
2019-07-16 17:41:27,261.04 M,4.84 G,0.00 B,324.00 B
2019-07-16 17:41:29,261.05 M,4.84 G,1.83 K,21.49 K
2019-07-16 17:41:31,261.05 M,4.84 G,0.00 B,756.00 B
2019-07-16 17:41:33,261.05 M,4.84 G,0.00 B,432.00 B
2019-07-16 17:41:35,261.06 M,4.84 G,0.00 B,648.00 B
2019-07-16 17:41:37,261.06 M,4.84 G,0.00 B,708.00 B
2019-07-16 17:41:39,261.07 M,4.84 G,8.17 K,464.87 K
2019-07-16 17:41:41,261.07 M,4.84 G,0.00 B,936.00 B
2019-07-16 17:41:43,261.07 M,4.84 G,0.00 B,600.00 B
2019-07-16 17:41:45,261.07 M,4.84 G,9.12 K,503.11 K
2019-07-16 17:41:47,261.07 M,4.84 G,0.00 B,1.23 K
2019-07-16 17:41:49,261.07 M,4.84 G,0.00 B,492.00 B
2019-07-16 17:41:51,261.08 M,4.85 G,0.00 B,1.01 K
2019-07-16 17:41:53,261.08 M,4.85 G,0.00 B,816.00 B
2019-07-16 17:41:55,261.08 M,4.85 G,0.00 B,276.00 B
2019-07-16 17:41:57,261.09 M,4.85 G,0.00 B,1.01 K
2019-07-16 17:41:59,261.09 M,4.85 G,0.00 B,540.00 B
2019-07-16 17:42:01,261.09 M,4.85 G,0.00 B,12.86 K
2019-07-16 17:42:03,261.10 M,4.85 G,204.00 B,798.00 B
2019-07-16 17:42:05,261.10 M,4.85 G,42.00 B,600.00 B
2019-07-16 17:42:07,261.11 M,4.85 G,8.34 K,457.92 K
2019-07-16 17:42:09,261.11 M,4.85 G,84.00 B,1.12 K
2019-07-16 17:42:11,261.11 M,4.85 G,0.00 B,600.00 B
2019-07-16 17:42:13,261.12 M,4.85 G,9.01 K,470.40 K
2019-07-16 17:42:15,261.12 M,4.85 G,0.00 B,876.00 B
2019-07-16 17:42:17,261.12 M,4.85 G,0.00 B,1.50 K
2019-07-16 17:42:19,261.13 M,4.85 G,0.00 B,4.83 K
2019-07-16 17:42:21,261.13 M,4.85 G,0.00 B,4.41 K
2019-07-16 17:42:23,261.13 M,4.85 G,0.00 B,1.32 K
2019-07-16 17:42:25,261.13 M,4.85 G,0.00 B,492.00 B
2019-07-16 17:42:27,261.13 M,4.85 G,0.00 B,60.00 B
2019-07-16 17:42:29,261.14 M,4.85 G,8.67 K,480.34 K
2019-07-16 17:42:31,261.14 M,4.85 G,0.00 B,384.00 B
2019-07-16 17:42:34,261.14 M,4.85 G,0.00 B,708.00 B
2019-07-16 17:42:36,261.15 M,4.85 G,8.41 K,490.72 K
2019-07-16 17:42:38,261.15 M,4.85 G,0.00 B,540.00 B
2019-07-16 17:42:40,261.15 M,4.85 G,0.00 B,816.00 B
2019-07-16 17:42:42,261.16 M,4.85 G,6.67 K,422.81 K
2019-07-16 17:42:44,261.16 M,4.85 G,0.00 B,60.00 B
2019-07-16 17:42:46,261.16 M,4.85 G,0.00 B,1.82 K
2019-07-16 17:42:48,261.17 M,4.85 G,0.00 B,1.62 K
2019-07-16 17:42:50,261.17 M,4.85 G,0.00 B,1.22 K
2019-07-16 17:42:52,261.17 M,4.85 G,0.00 B,1.49 K
2019-07-16 17:42:54,261.18 M,4.85 G,0.00 B,60.00 B
2019-07-16 17:42:56,261.18 M,4.85 G,0.00 B,396.00 B
2019-07-16 17:42:58,261.18 M,4.85 G,8.99 K,511.88 K
2019-07-16 17:43:00,261.18 M,4.85 G,0.00 B,687.00 B
2019-07-16 17:43:02,261.18 M,4.85 G,0.00 B,891.00 B
2019-07-16 17:43:04,261.19 M,4.85 G,9.31 K,510.54 K
2019-07-16 17:43:06,261.19 M,4.85 G,204.00 B,1.14 K
2019-07-16 17:43:08,261.19 M,4.85 G,42.00 B,708.00 B
2019-07-16 17:43:10,261.20 M,4.85 G,8.79 K,511.08 K
2019-07-16 17:43:12,261.20 M,4.85 G,0.00 B,1.07 K
2019-07-16 17:43:14,261.21 M,4.85 G,54.00 B,1.03 K
2019-07-16 17:43:16,261.21 M,4.85 G,8.79 K,479.75 K
2019-07-16 17:43:18,261.21 M,4.85 G,193.00 B,1.69 K
2019-07-16 17:43:20,261.21 M,4.85 G,0.00 B,783.00 B
2019-07-16 17:43:22,261.22 M,4.85 G,8.75 K,456.36 K
2019-07-16 17:43:24,261.22 M,4.85 G,0.00 B,768.00 B
2019-07-16 17:43:26,261.22 M,4.85 G,0.00 B,60.00 B
2019-07-16 17:43:28,261.23 M,4.85 G,0.00 B,432.00 B
2019-07-16 17:43:30,261.23 M,4.85 G,0.00 B,228.00 B
2019-07-16 17:43:32,261.23 M,4.85 G,0.00 B,660.00 B
2019-07-16 17:43:34,261.24 M,4.85 G,0.00 B,864.00 B
2019-07-16 17:43:36,261.24 M,4.85 G,0.00 B,600.00 B
2019-07-16 17:43:38,261.24 M,4.85 G,3.29 K,134.19 K
2019-07-16 17:43:40,261.25 M,4.85 G,0.00 B,903.00 B
2019-07-16 17:43:42,261.25 M,4.85 G,0.00 B,828.00 B
2019-07-16 17:43:44,261.26 M,4.85 G,8.60 K,456.29 K
2019-07-16 17:43:46,261.26 M,4.85 G,0.00 B,660.00 B
2019-07-16 17:43:48,261.26 M,4.85 G,0.00 B,864.00 B
2019-07-16 17:43:50,261.27 M,4.86 G,5.19 K,290.44 K
2019-07-16 17:43:52,261.27 M,4.86 G,0.00 B,60.00 B
2019-07-16 17:43:54,261.27 M,4.86 G,0.00 B,951.00 B
2019-07-16 17:43:56,261.27 M,4.86 G,0.00 B,492.00 B
2019-07-16 17:43:58,261.27 M,4.86 G,0.00 B,411.00 B
2019-07-16 17:44:00,261.28 M,4.86 G,3.16 K,93.00 K
2019-07-16 17:44:02,261.28 M,4.86 G,0.00 B,735.00 B
2019-07-16 17:44:04,261.28 M,4.86 G,0.00 B,1.46 K
2019-07-16 17:44:06,261.29 M,4.86 G,8.54 K,466.65 K
2019-07-16 17:44:08,261.29 M,4.86 G,42.00 B,444.00 B
2019-07-16 17:44:10,261.29 M,4.86 G,0.00 B,1.07 K
2019-07-16 17:44:12,261.30 M,4.86 G,9.65 K,473.79 K
2019-07-16 17:44:14,261.30 M,4.86 G,0.00 B,540.00 B
2019-07-16 17:44:16,261.30 M,4.86 G,0.00 B,816.00 B
2019-07-16 17:44:18,261.31 M,4.86 G,4.54 K,270.95 K
2019-07-16 17:44:20,261.31 M,4.86 G,0.00 B,660.00 B
2019-07-16 17:44:22,261.31 M,4.86 G,0.00 B,216.00 B
2019-07-16 17:44:24,261.32 M,4.86 G,0.00 B,735.00 B
2019-07-16 17:44:26,261.32 M,4.86 G,0.00 B,540.00 B
2019-07-16 17:44:28,261.32 M,4.86 G,0.00 B,768.00 B
2019-07-16 17:44:30,261.33 M,4.86 G,0.00 B,600.00 B
2019-07-16 17:44:32,261.33 M,4.86 G,0.00 B,1.32 K
2019-07-16 17:44:34,261.33 M,4.86 G,0.00 B,876.00 B
2019-07-16 17:44:36,261.34 M,4.86 G,0.00 B,324.00 B
2019-07-16 17:44:38,261.34 M,4.86 G,0.00 B,1.25 K
2019-07-16 17:44:40,261.34 M,4.86 G,8.02 K,458.50 K
2019-07-16 17:44:42,261.34 M,4.86 G,42.00 B,1.55 K
2019-07-16 17:44:44,261.34 M,4.86 G,0.00 B,924.00 B
2019-07-16 17:44:46,261.35 M,4.86 G,8.99 K,479.18 K
2019-07-16 17:44:48,261.35 M,4.86 G,0.00 B,1.61 K
2019-07-16 17:44:50,261.35 M,4.86 G,0.00 B,384.00 B
2019-07-16 17:44:52,261.36 M,4.86 G,9.17 K,495.89 K
2019-07-16 17:44:54,261.36 M,4.86 G,0.00 B,612.00 B
2019-07-16 17:44:56,261.36 M,4.86 G,0.00 B,579.00 B
2019-07-16 17:44:58,261.37 M,4.86 G,3.45 K,168.91 K
2019-07-16 17:45:00,261.37 M,4.86 G,0.00 B,768.00 B
2019-07-16 17:45:02,261.37 M,4.86 G,0.00 B,384.00 B
2019-07-16 17:45:04,261.38 M,4.86 G,0.00 B,1.11 K
2019-07-16 17:45:06,261.38 M,4.86 G,0.00 B,324.00 B
2019-07-16 17:45:08,261.38 M,4.86 G,204.00 B,630.00 B
2019-07-16 17:45:10,261.39 M,4.86 G,42.00 B,1.01 K
2019-07-16 17:45:12,261.39 M,4.86 G,0.00 B,552.00 B
2019-07-16 17:45:14,261.39 M,4.86 G,0.00 B,768.00 B
2019-07-16 17:45:16,261.41 M,4.86 G,9.68 K,372.56 K
2019-07-16 17:45:18,261.41 M,4.86 G,0.00 B,936.00 B
2019-07-16 17:45:20,261.41 M,4.86 G,9.12 K,489.27 K
2019-07-16 17:45:22,261.41 M,4.86 G,0.00 B,336.00 B
2019-07-16 17:45:24,261.41 M,4.86 G,0.00 B,924.00 B
2019-07-16 17:45:26,261.42 M,4.86 G,8.67 K,465.08 K
2019-07-16 17:45:28,261.42 M,4.86 G,0.00 B,600.00 B
2019-07-16 17:45:31,261.42 M,4.86 G,0.00 B,1.39 K
2019-07-16 17:45:33,261.43 M,4.86 G,8.54 K,458.40 K
2019-07-16 17:45:35,261.43 M,4.86 G,0.00 B,924.00 B
2019-07-16 17:45:37,261.43 M,4.86 G,0.00 B,600.00 B
2019-07-16 17:45:39,261.44 M,4.86 G,8.56 K,461.10 K
2019-07-16 17:45:41,261.44 M,4.86 G,0.00 B,1.22 K
2019-07-16 17:45:43,261.44 M,4.86 G,42.00 B,828.00 B
2019-07-16 17:45:45,261.45 M,4.86 G,3.51 K,172.82 K
2019-07-16 17:45:47,261.45 M,4.86 G,0.00 B,1.07 K
2019-07-16 17:45:49,261.45 M,4.86 G,0.00 B,432.00 B
2019-07-16 17:45:51,261.46 M,4.86 G,0.00 B,432.00 B
2019-07-16 17:45:53,261.46 M,4.86 G,0.00 B,492.00 B
2019-07-16 17:45:55,261.46 M,4.86 G,0.00 B,444.00 B
2019-07-16 17:45:57,261.47 M,4.87 G,0.00 B,984.00 B
2019-07-16 17:45:59,261.47 M,4.87 G,0.00 B,816.00 B
2019-07-16 17:46:01,261.47 M,4.87 G,0.00 B,540.00 B
2019-07-16 17:46:03,261.47 M,4.87 G,0.00 B,1.01 K
2019-07-16 17:46:05,261.47 M,4.87 G,0.00 B,216.00 B
2019-07-16 17:46:07,261.47 M,4.87 G,0.00 B,492.00 B
2019-07-16 17:46:09,261.48 M,4.87 G,0.00 B,1.16 K
2019-07-16 17:46:11,261.48 M,4.87 G,0.00 B,384.00 B
2019-07-16 17:46:13,261.48 M,4.87 G,42.00 B,1.01 K
2019-07-16 17:46:15,261.49 M,4.87 G,84.00 B,828.00 B
2019-07-16 17:46:17,261.49 M,4.87 G,0.00 B,1.49 K
2019-07-16 17:46:19,261.49 M,4.87 G,0.00 B,648.00 B
2019-07-16 17:46:21,261.50 M,4.87 G,0.00 B,60.00 B
2019-07-16 17:46:23,261.50 M,4.87 G,0.00 B,768.00 B
2019-07-16 17:46:25,261.51 M,4.87 G,8.60 K,465.94 K
2019-07-16 17:46:27,261.51 M,4.87 G,0.00 B,600.00 B
2019-07-16 17:46:29,261.51 M,4.87 G,0.00 B,1.16 K
2019-07-16 17:46:31,261.51 M,4.87 G,8.34 K,473.57 K
2019-07-16 17:46:33,261.51 M,4.87 G,0.00 B,384.00 B
2019-07-16 17:46:35,261.51 M,4.87 G,0.00 B,444.00 B
2019-07-16 17:46:37,261.52 M,4.87 G,8.15 K,457.36 K
2019-07-16 17:46:39,261.52 M,4.87 G,0.00 B,864.00 B
2019-07-16 17:46:41,261.52 M,4.87 G,0.00 B,432.00 B
2019-07-16 17:46:43,261.53 M,4.87 G,8.41 K,469.36 K
2019-07-16 17:46:45,261.53 M,4.87 G,42.00 B,984.00 B
2019-07-16 17:46:47,261.53 M,4.87 G,0.00 B,288.00 B
2019-07-16 17:46:49,261.54 M,4.87 G,3.01 K,111.14 K
2019-07-16 17:46:51,261.54 M,4.87 G,0.00 B,600.00 B
2019-07-16 17:46:53,261.54 M,4.87 G,0.00 B,708.00 B
2019-07-16 17:46:55,261.55 M,4.87 G,0.00 B,540.00 B
2019-07-16 17:46:57,261.55 M,4.87 G,0.00 B,972.00 B
2019-07-16 17:46:59,261.55 M,4.87 G,0.00 B,1.01 K
2019-07-16 17:47:01,261.56 M,4.87 G,0.00 B,3.04 K
2019-07-16 17:47:03,261.56 M,4.87 G,0.00 B,720.00 B
2019-07-16 17:47:05,261.56 M,4.87 G,0.00 B,708.00 B
2019-07-16 17:47:07,261.57 M,4.87 G,0.00 B,876.00 B
2019-07-16 17:47:09,261.57 M,4.87 G,0.00 B,1.12 K
2019-07-16 17:47:11,261.57 M,4.87 G,204.00 B,918.00 B
2019-07-16 17:47:13,261.57 M,4.87 G,0.00 B,948.00 B
2019-07-16 17:47:15,261.58 M,4.87 G,4.20 K,4.52 K
2019-07-16 17:47:17,261.58 M,4.87 G,0.00 B,648.00 B
2019-07-16 17:47:19,261.59 M,4.87 G,0.00 B,444.00 B
2019-07-16 17:47:21,261.59 M,4.87 G,42.00 B,276.00 B
2019-07-16 17:47:23,261.59 M,4.87 G,4.90 K,318.42 K
2019-07-16 17:47:25,261.60 M,4.87 G,0.00 B,708.00 B
2019-07-16 17:47:27,261.60 M,4.87 G,0.00 B,552.00 B
2019-07-16 17:47:29,261.60 M,4.87 G,8.67 K,489.50 K
2019-07-16 17:47:31,261.60 M,4.87 G,0.00 B,351.00 B
2019-07-16 17:47:33,261.60 M,4.87 G,0.00 B,968.00 B
2019-07-16 17:47:35,261.61 M,4.87 G,8.60 K,463.81 K
2019-07-16 17:47:37,261.61 M,4.87 G,0.00 B,1.54 K
2019-07-16 17:47:39,261.61 M,4.87 G,0.00 B,816.00 B
2019-07-16 17:47:41,261.62 M,4.87 G,8.41 K,467.60 K
2019-07-16 17:47:43,261.62 M,4.87 G,0.00 B,1.44 K
2019-07-16 17:47:45,261.62 M,4.87 G,0.00 B,600.00 B
2019-07-16 17:47:47,261.63 M,4.87 G,8.54 K,471.98 K
2019-07-16 17:47:49,261.63 M,4.87 G,42.00 B,924.00 B
2019-07-16 17:47:51,261.63 M,4.87 G,0.00 B,660.00 B
2019-07-16 17:47:53,261.64 M,4.87 G,4.41 K,251.46 K
2019-07-16 17:47:55,261.64 M,4.87 G,0.00 B,864.00 B
2019-07-16 17:47:57,261.64 M,4.87 G,0.00 B,540.00 B
2019-07-16 17:47:59,261.65 M,4.87 G,2.09 K,31.79 K
2019-07-16 17:48:01,261.65 M,4.87 G,0.00 B,13.30 K
2019-07-16 17:48:03,261.65 M,4.87 G,0.00 B,600.00 B
2019-07-16 17:48:05,261.65 M,4.88 G,0.00 B,876.00 B
2019-07-16 17:48:07,261.65 M,4.88 G,0.00 B,600.00 B
2019-07-16 17:48:09,261.65 M,4.88 G,0.00 B,732.00 B
2019-07-16 17:48:11,261.66 M,4.88 G,0.00 B,924.00 B
2019-07-16 17:48:13,261.66 M,4.88 G,0.00 B,768.00 B
2019-07-16 17:48:15,261.67 M,4.88 G,2.51 K,92.27 K
2019-07-16 17:48:17,261.67 M,4.88 G,2.78 K,5.96 K
2019-07-16 17:48:19,261.67 M,4.88 G,0.00 B,600.00 B
2019-07-16 17:48:21,261.68 M,4.88 G,4.51 K,278.96 K
2019-07-16 17:48:23,261.68 M,4.88 G,0.00 B,756.00 B
2019-07-16 17:48:26,261.68 M,4.88 G,0.00 B,228.00 B
2019-07-16 17:48:28,261.69 M,4.88 G,8.99 K,455.30 K
2019-07-16 17:48:30,261.69 M,4.88 G,0.00 B,624.00 B
2019-07-16 17:48:32,261.69 M,4.88 G,0.00 B,768.00 B
2019-07-16 17:48:34,261.70 M,4.88 G,8.68 K,482.19 K
2019-07-16 17:48:36,261.70 M,4.88 G,0.00 B,348.00 B
2019-07-16 17:48:38,261.70 M,4.88 G,0.00 B,1.29 K
2019-07-16 17:48:40,261.71 M,4.88 G,8.41 K,459.86 K
2019-07-16 17:48:42,261.71 M,4.88 G,0.00 B,1.38 K
2019-07-16 17:48:44,261.71 M,4.88 G,0.00 B,432.00 B
2019-07-16 17:48:46,261.72 M,4.88 G,8.28 K,460.45 K
2019-07-16 17:48:48,261.72 M,4.88 G,0.00 B,984.00 B
2019-07-16 17:48:50,261.72 M,4.88 G,0.00 B,492.00 B
2019-07-16 17:48:52,261.72 M,4.88 G,0.00 B,552.00 B
2019-07-16 17:48:54,261.72 M,4.88 G,0.00 B,984.00 B
2019-07-16 17:48:56,261.72 M,4.88 G,0.00 B,384.00 B
2019-07-16 17:48:58,261.73 M,4.88 G,0.00 B,660.00 B
2019-07-16 17:49:00,261.73 M,4.88 G,0.00 B,720.00 B
2019-07-16 17:49:02,261.73 M,4.88 G,0.00 B,12.59 K
2019-07-16 17:49:04,261.74 M,4.88 G,0.00 B,984.00 B
2019-07-16 17:49:06,261.74 M,4.88 G,0.00 B,783.00 B
2019-07-16 17:49:08,261.74 M,4.88 G,0.00 B,972.00 B
2019-07-16 17:49:10,261.75 M,4.88 G,0.00 B,648.00 B
2019-07-16 17:49:12,261.75 M,4.88 G,0.00 B,216.00 B
2019-07-16 17:49:14,261.75 M,4.88 G,204.00 B,894.00 B
2019-07-16 17:49:16,261.76 M,4.88 G,0.00 B,504.00 B
2019-07-16 17:49:18,261.76 M,4.88 G,0.00 B,600.00 B
2019-07-16 17:49:20,261.76 M,4.88 G,0.00 B,540.00 B
2019-07-16 17:49:22,261.77 M,4.88 G,3.06 K,111.30 K
2019-07-16 17:49:24,261.77 M,4.88 G,0.00 B,924.00 B
2019-07-16 17:49:26,261.77 M,4.88 G,0.00 B,1.01 K
2019-07-16 17:49:28,261.78 M,4.88 G,2.48 K,82.55 K
2019-07-16 17:49:30,261.78 M,4.88 G,0.00 B,816.00 B
2019-07-16 17:49:32,261.78 M,4.88 G,0.00 B,492.00 B
2019-07-16 17:49:34,261.78 M,4.88 G,7.83 K,493.68 K
2019-07-16 17:49:36,261.78 M,4.88 G,0.00 B,1.11 K
2019-07-16 17:49:38,261.78 M,4.88 G,0.00 B,648.00 B
2019-07-16 17:49:40,261.79 M,4.88 G,8.81 K,499.36 K
2019-07-16 17:49:42,261.79 M,4.88 G,0.00 B,504.00 B
2019-07-16 17:49:44,261.79 M,4.88 G,0.00 B,216.00 B
2019-07-16 17:49:46,261.80 M,4.88 G,8.28 K,474.10 K
2019-07-16 17:49:48,261.80 M,4.88 G,0.00 B,324.00 B
2019-07-16 17:49:50,261.80 M,4.88 G,0.00 B,864.00 B
2019-07-16 17:49:52,261.81 M,4.88 G,8.47 K,480.87 K
2019-07-16 17:49:54,261.81 M,4.88 G,0.00 B,120.00 B
2019-07-16 17:49:56,261.81 M,4.88 G,0.00 B,924.00 B
2019-07-16 17:49:58,261.82 M,4.88 G,8.28 K,476.00 K
2019-07-16 17:50:00,261.82 M,4.88 G,0.00 B,624.00 B
2019-07-16 17:50:02,261.82 M,4.88 G,228.00 B,13.47 K
2019-07-16 17:50:04,261.83 M,4.88 G,8.27 K,467.36 K
2019-07-16 17:50:06,261.83 M,4.88 G,54.00 B,1.01 K
2019-07-16 17:50:08,261.83 M,4.88 G,0.00 B,660.00 B
2019-07-16 17:50:10,261.84 M,4.89 G,8.68 K,480.53 K
2019-07-16 17:50:12,261.84 M,4.89 G,0.00 B,768.00 B
2019-07-16 17:50:14,261.84 M,4.89 G,0.00 B,600.00 B
2019-07-16 17:50:16,261.84 M,4.89 G,0.00 B,708.00 B
2019-07-16 17:50:18,261.84 M,4.89 G,0.00 B,780.00 B
2019-07-16 17:50:20,261.84 M,4.89 G,42.00 B,840.00 B
2019-07-16 17:50:22,261.84 M,4.89 G,0.00 B,1.32 K
2019-07-16 17:50:24,261.84 M,4.89 G,0.00 B,864.00 B
2019-07-16 17:50:26,261.84 M,4.89 G,76.00 B,744.00 B
2019-07-16 17:50:28,261.85 M,4.89 G,0.00 B,276.00 B
2019-07-16 17:50:30,261.85 M,4.89 G,0.00 B,864.00 B
2019-07-16 17:50:32,261.85 M,4.89 G,0.00 B,756.00 B
2019-07-16 17:50:34,261.86 M,4.89 G,0.00 B,1.05 K
2019-07-16 17:50:36,261.86 M,4.89 G,0.00 B,336.00 B
2019-07-16 17:50:38,261.86 M,4.89 G,0.00 B,648.00 B
2019-07-16 17:50:40,261.87 M,4.89 G,0.00 B,756.00 B
2019-07-16 17:50:42,261.87 M,4.89 G,0.00 B,432.00 B
2019-07-16 17:50:44,261.87 M,4.89 G,0.00 B,660.00 B
2019-07-16 17:50:46,261.88 M,4.89 G,1.92 K,25.49 K
2019-07-16 17:50:48,261.88 M,4.89 G,0.00 B,1.11 K
2019-07-16 17:50:50,261.88 M,4.89 G,0.00 B,552.00 B
2019-07-16 17:50:52,261.89 M,4.89 G,5.64 K,323.62 K
2019-07-16 17:50:54,261.89 M,4.89 G,0.00 B,444.00 B
2019-07-16 17:50:56,261.89 M,4.89 G,42.00 B,1.34 K
2019-07-16 17:50:58,261.90 M,4.89 G,8.73 K,506.68 K
2019-07-16 17:51:00,261.90 M,4.89 G,0.00 B,1.05 K
2019-07-16 17:51:02,261.90 M,4.89 G,0.00 B,552.00 B
2019-07-16 17:51:04,261.91 M,4.89 G,9.57 K,499.36 K
2019-07-16 17:51:06,261.91 M,4.89 G,0.00 B,1.82 K
2019-07-16 17:51:08,261.91 M,4.89 G,0.00 B,336.00 B
2019-07-16 17:51:10,261.91 M,4.89 G,9.05 K,505.30 K
2019-07-16 17:51:12,261.91 M,4.89 G,0.00 B,648.00 B
2019-07-16 17:51:14,261.91 M,4.89 G,0.00 B,540.00 B
2019-07-16 17:51:16,261.91 M,4.89 G,204.00 B,1.41 K
2019-07-16 17:51:18,261.92 M,4.89 G,0.00 B,432.00 B
2019-07-16 17:51:20,261.92 M,4.89 G,0.00 B,768.00 B
2019-07-16 17:51:22,261.92 M,4.89 G,42.00 B,612.00 B
2019-07-16 17:51:24,261.93 M,4.89 G,0.00 B,444.00 B
2019-07-16 17:51:27,261.93 M,4.89 G,0.00 B,216.00 B
2019-07-16 17:51:29,261.93 M,4.89 G,0.00 B,216.00 B
2019-07-16 17:51:31,261.94 M,4.89 G,0.00 B,1.34 K
2019-07-16 17:51:33,261.94 M,4.89 G,0.00 B,1.32 K
2019-07-16 17:51:35,261.94 M,4.89 G,0.00 B,384.00 B
2019-07-16 17:51:37,261.95 M,4.89 G,3.32 K,143.22 K
2019-07-16 17:51:39,261.95 M,4.89 G,0.00 B,768.00 B
2019-07-16 17:51:41,261.95 M,4.89 G,0.00 B,492.00 B
2019-07-16 17:51:43,261.96 M,4.89 G,8.79 K,474.12 K
2019-07-16 17:51:45,261.96 M,4.89 G,0.00 B,276.00 B
2019-07-16 17:51:47,261.96 M,4.89 G,0.00 B,1.59 K
2019-07-16 17:51:49,261.97 M,4.89 G,9.72 K,474.80 K
2019-07-16 17:51:51,261.97 M,4.89 G,0.00 B,552.00 B
2019-07-16 17:51:53,261.97 M,4.89 G,0.00 B,768.00 B
2019-07-16 17:51:55,261.98 M,4.89 G,8.09 K,469.24 K
2019-07-16 17:51:57,261.98 M,4.89 G,0.00 B,444.00 B
2019-07-16 17:51:59,261.98 M,4.89 G,0.00 B,1.28 K
2019-07-16 17:52:01,261.98 M,4.89 G,8.34 K,470.35 K
2019-07-16 17:52:03,261.98 M,4.89 G,0.00 B,828.00 B
2019-07-16 17:52:05,261.98 M,4.89 G,0.00 B,1.69 K
2019-07-16 17:52:07,261.99 M,4.89 G,8.92 K,472.46 K
2019-07-16 17:52:09,261.99 M,4.89 G,0.00 B,60.00 B
2019-07-16 17:52:11,261.99 M,4.89 G,0.00 B,936.00 B
2019-07-16 17:52:13,262.00 M,4.89 G,8.47 K,454.66 K
2019-07-16 17:52:15,262.00 M,4.89 G,0.00 B,972.00 B
2019-07-16 17:52:17,262.00 M,4.89 G,0.00 B,648.00 B
2019-07-16 17:52:19,262.01 M,4.89 G,8.75 K,472.25 K
2019-07-16 17:52:21,262.01 M,4.89 G,42.00 B,1.11 K
2019-07-16 17:52:23,262.01 M,4.89 G,42.00 B,492.00 B
2019-07-16 17:52:25,262.02 M,4.89 G,8.79 K,470.26 K
2019-07-16 17:52:27,262.02 M,4.89 G,0.00 B,1.22 K
2019-07-16 17:52:29,262.02 M,4.89 G,0.00 B,216.00 B
2019-07-16 17:52:31,262.03 M,4.90 G,9.12 K,479.50 K
2019-07-16 17:52:33,262.03 M,4.90 G,0.00 B,288.00 B
2019-07-16 17:52:35,262.03 M,4.90 G,0.00 B,876.00 B
2019-07-16 17:52:37,262.04 M,4.90 G,8.34 K,465.11 K
2019-07-16 17:52:39,262.04 M,4.90 G,0.00 B,324.00 B
2019-07-16 17:52:41,262.04 M,4.90 G,0.00 B,648.00 B
2019-07-16 17:52:43,262.04 M,4.90 G,5.41 K,352.40 K
2019-07-16 17:52:45,262.04 M,4.90 G,0.00 B,648.00 B
2019-07-16 17:52:47,262.04 M,4.90 G,0.00 B,1.17 K
2019-07-16 17:52:49,262.05 M,4.90 G,5.93 K,409.14 K
2019-07-16 17:52:51,262.05 M,4.90 G,0.00 B,780.00 B
2019-07-16 17:52:53,262.05 M,4.90 G,42.00 B,1.01 K
2019-07-16 17:52:55,262.05 M,4.90 G,2.84 K,84.78 K
2019-07-16 17:52:57,262.06 M,4.90 G,0.00 B,1.05 K
2019-07-16 17:52:59,262.06 M,4.90 G,0.00 B,924.00 B
2019-07-16 17:53:01,262.06 M,4.90 G,0.00 B,12.00 K
2019-07-16 17:53:03,262.07 M,4.90 G,0.00 B,1.43 K
2019-07-16 17:53:05,262.07 M,4.90 G,0.00 B,432.00 B
2019-07-16 17:53:07,262.07 M,4.90 G,0.00 B,804.00 B
2019-07-16 17:53:09,262.08 M,4.90 G,0.00 B,984.00 B
2019-07-16 17:53:11,262.08 M,4.90 G,0.00 B,0.00 B
2019-07-16 17:53:13,262.08 M,4.90 G,0.00 B,1.44 K
2019-07-16 17:53:15,262.09 M,4.90 G,0.00 B,756.00 B
2019-07-16 17:53:17,262.09 M,4.90 G,0.00 B,612.00 B
2019-07-16 17:53:19,262.09 M,4.90 G,0.00 B,1.17 K
2019-07-16 17:53:21,262.09 M,4.90 G,0.00 B,324.00 B
2019-07-16 17:53:23,262.10 M,4.90 G,0.00 B,540.00 B
2019-07-16 17:53:25,262.10 M,4.90 G,327.00 B,1.95 K
2019-07-16 17:53:27,262.11 M,4.90 G,0.00 B,432.00 B
2019-07-16 17:53:29,262.11 M,4.90 G,0.00 B,1.93 K
2019-07-16 17:53:31,262.11 M,4.90 G,0.00 B,228.00 B
2019-07-16 17:53:33,262.11 M,4.90 G,0.00 B,540.00 B
2019-07-16 17:53:35,262.11 M,4.90 G,0.00 B,1.07 K
2019-07-16 17:53:37,262.11 M,4.90 G,0.00 B,600.00 B
2019-07-16 17:53:39,262.12 M,4.90 G,0.00 B,1.02 K
2019-07-16 17:53:41,262.12 M,4.90 G,0.00 B,780.00 B
2019-07-16 17:53:43,262.12 M,4.90 G,0.00 B,552.00 B
2019-07-16 17:53:45,262.13 M,4.90 G,0.00 B,1.61 K
2019-07-16 17:53:47,262.13 M,4.90 G,0.00 B,492.00 B
2019-07-16 17:53:49,262.13 M,4.90 G,0.00 B,708.00 B
2019-07-16 17:53:52,262.13 M,4.90 G,0.00 B,492.00 B
2019-07-16 17:53:54,262.13 M,4.90 G,504.00 B,2.61 K
2019-07-16 17:53:57,262.13 M,4.90 G,0.00 B,444.00 B
2019-07-16 17:53:59,262.13 M,4.90 G,0.00 B,1.11 K
2019-07-16 17:54:01,262.14 M,4.90 G,0.00 B,624.00 B
2019-07-16 17:54:03,262.14 M,4.90 G,0.00 B,492.00 B
2019-07-16 17:54:05,262.14 M,4.90 G,0.00 B,648.00 B
2019-07-16 17:54:07,262.15 M,4.90 G,2.26 K,45.86 K
2019-07-16 17:54:09,262.15 M,4.90 G,0.00 B,660.00 B
2019-07-16 17:54:11,262.15 M,4.90 G,0.00 B,1.08 K
2019-07-16 17:54:13,262.16 M,4.90 G,9.14 K,548.55 K
2019-07-16 17:54:15,262.16 M,4.90 G,0.00 B,1.38 K
2019-07-16 17:54:17,262.16 M,4.90 G,0.00 B,1.44 K
2019-07-16 17:54:19,262.17 M,4.90 G,1.54 K,1.14 K
2019-07-16 17:54:21,262.17 M,4.90 G,204.00 B,1.05 K
2019-07-16 17:54:23,262.17 M,4.90 G,50.00 B,444.00 B
2019-07-16 17:54:25,262.18 M,4.90 G,0.00 B,864.00 B
2019-07-16 17:54:27,262.18 M,4.90 G,84.00 B,1.20 K
2019-07-16 17:54:29,262.19 M,4.90 G,6.57 K,435.61 K
2019-07-16 17:54:31,262.19 M,4.90 G,0.00 B,1.70 K
2019-07-16 17:54:33,262.19 M,4.90 G,0.00 B,1.14 K
2019-07-16 17:54:35,262.20 M,4.90 G,10.61 K,588.83 K
2019-07-16 17:54:37,262.20 M,4.90 G,0.00 B,756.00 B
2019-07-16 17:54:39,262.20 M,4.90 G,0.00 B,432.00 B
2019-07-16 17:54:41,262.21 M,4.91 G,0.00 B,600.00 B
2019-07-16 17:54:43,262.21 M,4.91 G,0.00 B,1.05 K
2019-07-16 17:54:45,262.21 M,4.91 G,2.58 K,82.27 K
2019-07-16 17:54:47,262.22 M,4.91 G,0.00 B,999.00 B
2019-07-16 17:54:49,262.22 M,4.91 G,0.00 B,1.07 K
2019-07-16 17:54:51,262.23 M,4.91 G,9.60 K,516.94 K
2019-07-16 17:54:53,262.23 M,4.91 G,0.00 B,1.48 K
2019-07-16 17:54:55,262.23 M,4.91 G,0.00 B,552.00 B
2019-07-16 17:54:57,262.24 M,4.91 G,0.00 B,864.00 B
2019-07-16 17:54:59,262.24 M,4.91 G,0.00 B,1.94 K
2019-07-16 17:55:01,262.25 M,4.91 G,9.22 K,533.65 K
2019-07-16 17:55:03,262.25 M,4.91 G,0.00 B,216.00 B
2019-07-16 17:55:05,262.25 M,4.91 G,0.00 B,756.00 B
2019-07-16 17:55:07,262.26 M,4.91 G,9.26 K,566.78 K
2019-07-16 17:55:09,262.26 M,4.91 G,0.00 B,828.00 B
2019-07-16 17:55:11,262.26 M,4.91 G,0.00 B,720.00 B
2019-07-16 17:55:13,262.27 M,4.91 G,0.00 B,891.00 B
2019-07-16 17:55:15,262.27 M,4.91 G,0.00 B,600.00 B
2019-07-16 17:55:17,262.27 M,4.91 G,2.32 K,114.11 K
2019-07-16 17:55:19,262.28 M,4.91 G,0.00 B,828.00 B
2019-07-16 17:55:21,262.28 M,4.91 G,0.00 B,492.00 B
2019-07-16 17:55:23,262.28 M,4.91 G,9.68 K,575.57 K
2019-07-16 17:55:25,262.28 M,4.91 G,42.00 B,876.00 B
2019-07-16 17:55:27,262.28 M,4.91 G,0.00 B,303.00 B
2019-07-16 17:55:29,262.29 M,4.91 G,0.00 B,492.00 B
2019-07-16 17:55:31,262.29 M,4.91 G,0.00 B,492.00 B
2019-07-16 17:55:33,262.30 M,4.91 G,9.42 K,518.91 K
2019-07-16 17:55:35,262.30 M,4.91 G,0.00 B,600.00 B
2019-07-16 17:55:37,262.30 M,4.91 G,0.00 B,552.00 B
2019-07-16 17:55:39,262.31 M,4.91 G,2.60 K,87.88 K
2019-07-16 17:55:41,262.31 M,4.91 G,0.00 B,1.25 K
2019-07-16 17:55:43,262.31 M,4.91 G,0.00 B,1.27 K
2019-07-16 17:55:45,262.32 M,4.91 G,0.00 B,675.00 B
2019-07-16 17:55:47,262.32 M,4.91 G,0.00 B,720.00 B
2019-07-16 17:55:49,262.33 M,4.91 G,9.53 K,560.89 K
2019-07-16 17:55:51,262.33 M,4.91 G,0.00 B,864.00 B
2019-07-16 17:55:53,262.33 M,4.91 G,0.00 B,660.00 B
2019-07-16 17:55:55,262.34 M,4.91 G,9.92 K,584.94 K
2019-07-16 17:55:57,262.34 M,4.91 G,42.00 B,1.49 K
2019-07-16 17:55:59,262.34 M,4.91 G,0.00 B,492.00 B
2019-07-16 17:56:01,262.35 M,4.91 G,0.00 B,12.59 K
2019-07-16 17:56:03,262.35 M,4.91 G,0.00 B,1.08 K
2019-07-16 17:56:05,262.36 M,4.91 G,10.14 K,572.12 K
2019-07-16 17:56:07,262.36 M,4.91 G,0.00 B,1008.00 B
2019-07-16 17:56:09,262.36 M,4.91 G,0.00 B,492.00 B
2019-07-16 17:56:11,262.37 M,4.91 G,1.82 K,2.85 K
2019-07-16 17:56:13,262.37 M,4.91 G,0.00 B,816.00 B
2019-07-16 17:56:15,262.37 M,4.91 G,4.32 K,269.06 K
2019-07-16 17:56:17,262.38 M,4.91 G,0.00 B,456.00 B
2019-07-16 17:56:19,262.38 M,4.91 G,0.00 B,492.00 B
2019-07-16 17:56:21,262.39 M,4.92 G,8.87 K,522.10 K
2019-07-16 17:56:23,262.39 M,4.92 G,0.00 B,1.17 K
2019-07-16 17:56:25,262.39 M,4.92 G,0.00 B,783.00 B
2019-07-16 17:56:27,262.40 M,4.92 G,0.00 B,864.00 B
2019-07-16 17:56:29,262.40 M,4.92 G,84.00 B,1.18 K
2019-07-16 17:56:31,262.41 M,4.92 G,9.39 K,520.57 K
2019-07-16 17:56:33,262.41 M,4.92 G,0.00 B,276.00 B
2019-07-16 17:56:35,262.41 M,4.92 G,0.00 B,708.00 B
2019-07-16 17:56:37,262.41 M,4.92 G,3.81 K,169.53 K
2019-07-16 17:56:39,262.41 M,4.92 G,0.00 B,432.00 B
2019-07-16 17:56:41,262.41 M,4.92 G,0.00 B,720.00 B
2019-07-16 17:56:43,262.42 M,4.92 G,0.00 B,876.00 B
2019-07-16 17:56:45,262.42 M,4.92 G,0.00 B,552.00 B
2019-07-16 17:56:47,262.43 M,4.92 G,1.42 K,54.77 K
2019-07-16 17:56:50,262.43 M,4.92 G,0.00 B,216.00 B
2019-07-16 17:56:52,262.43 M,4.92 G,0.00 B,648.00 B
2019-07-16 17:56:54,262.44 M,4.92 G,9.97 K,578.18 K
2019-07-16 17:56:56,262.44 M,4.92 G,0.00 B,768.00 B
2019-07-16 17:56:58,262.44 M,4.92 G,42.00 B,768.00 B
2019-07-16 17:57:00,262.45 M,4.92 G,0.00 B,876.00 B
2019-07-16 17:57:02,262.45 M,4.92 G,0.00 B,13.82 K
2019-07-16 17:57:04,262.46 M,4.92 G,7.28 K,551.13 K
2019-07-16 17:57:06,262.46 M,4.92 G,0.00 B,216.00 B
2019-07-16 17:57:08,262.46 M,4.92 G,0.00 B,984.00 B
2019-07-16 17:57:10,262.47 M,4.92 G,5.09 K,309.17 K
2019-07-16 17:57:12,262.47 M,4.92 G,0.00 B,552.00 B
2019-07-16 17:57:14,262.47 M,4.92 G,0.00 B,1.07 K
2019-07-16 17:57:16,262.48 M,4.92 G,576.00 B,984.00 B
2019-07-16 17:57:18,262.48 M,4.92 G,0.00 B,108.00 B
2019-07-16 17:57:20,262.49 M,4.92 G,9.19 K,518.32 K
2019-07-16 17:57:22,262.49 M,4.92 G,0.00 B,888.00 B
2019-07-16 17:57:24,262.49 M,4.92 G,0.00 B,768.00 B
2019-07-16 17:57:26,262.50 M,4.92 G,204.00 B,954.00 B
2019-07-16 17:57:28,262.50 M,4.92 G,0.00 B,648.00 B
2019-07-16 17:57:30,262.51 M,4.92 G,9.49 K,518.51 K
2019-07-16 17:57:32,262.51 M,4.92 G,0.00 B,504.00 B
2019-07-16 17:57:34,262.51 M,4.92 G,0.00 B,600.00 B
2019-07-16 17:57:36,262.52 M,4.92 G,6.27 K,381.26 K
2019-07-16 17:57:38,262.52 M,4.92 G,0.00 B,876.00 B
2019-07-16 17:57:40,262.52 M,4.92 G,0.00 B,228.00 B
2019-07-16 17:57:42,262.53 M,4.92 G,0.00 B,552.00 B
2019-07-16 17:57:44,262.53 M,4.92 G,0.00 B,492.00 B
2019-07-16 17:57:46,262.53 M,4.92 G,0.00 B,972.00 B
2019-07-16 17:57:48,262.54 M,4.92 G,0.00 B,1.01 K
2019-07-16 17:57:50,262.54 M,4.92 G,0.00 B,228.00 B
2019-07-16 17:57:52,262.55 M,4.92 G,9.76 K,590.60 K
2019-07-16 17:57:54,262.55 M,4.92 G,0.00 B,948.00 B
2019-07-16 17:57:56,262.55 M,4.92 G,0.00 B,660.00 B
2019-07-16 17:57:58,262.56 M,4.92 G,1.71 K,2.02 K
2019-07-16 17:58:00,262.56 M,4.92 G,42.00 B,1.08 K
2019-07-16 17:58:02,262.56 M,4.93 G,2.26 K,140.93 K
2019-07-16 17:58:04,262.57 M,4.93 G,0.00 B,492.00 B
2019-07-16 17:58:06,262.57 M,4.93 G,0.00 B,984.00 B
2019-07-16 17:58:08,262.58 M,4.93 G,9.65 K,604.58 K
2019-07-16 17:58:10,262.58 M,4.93 G,0.00 B,384.00 B
2019-07-16 17:58:12,262.58 M,4.93 G,0.00 B,492.00 B
2019-07-16 17:58:14,262.58 M,4.93 G,0.00 B,600.00 B
2019-07-16 17:58:16,262.58 M,4.93 G,0.00 B,1.11 K
2019-07-16 17:58:18,262.59 M,4.93 G,9.20 K,529.20 K
2019-07-16 17:58:20,262.59 M,4.93 G,0.00 B,1.11 K
2019-07-16 17:58:22,262.59 M,4.93 G,0.00 B,972.00 B
2019-07-16 17:58:24,262.60 M,4.93 G,1.59 K,866.00 B
2019-07-16 17:58:26,262.60 M,4.93 G,2.70 K,5.95 K
2019-07-16 17:58:28,262.61 M,4.93 G,0.00 B,600.00 B
2019-07-16 17:58:30,262.61 M,4.93 G,193.00 B,1.19 K
2019-07-16 17:58:32,262.61 M,4.93 G,84.00 B,552.00 B
2019-07-16 17:58:34,262.62 M,4.93 G,8.81 K,529.17 K
2019-07-16 17:58:36,262.62 M,4.93 G,0.00 B,396.00 B
2019-07-16 17:58:38,262.62 M,4.93 G,0.00 B,936.00 B
2019-07-16 17:58:40,262.63 M,4.93 G,0.00 B,1.16 K
2019-07-16 17:58:42,262.63 M,4.93 G,0.00 B,684.00 B
2019-07-16 17:58:44,262.64 M,4.93 G,9.04 K,528.86 K
2019-07-16 17:58:46,262.64 M,4.93 G,0.00 B,492.00 B
2019-07-16 17:58:48,262.64 M,4.93 G,0.00 B,828.00 B
2019-07-16 17:58:50,262.65 M,4.93 G,0.00 B,1.05 K
2019-07-16 17:58:52,262.65 M,4.93 G,0.00 B,492.00 B
2019-07-16 17:58:54,262.66 M,4.93 G,8.89 K,523.28 K
2019-07-16 17:58:56,262.66 M,4.93 G,0.00 B,1.02 K
2019-07-16 17:58:58,262.66 M,4.93 G,0.00 B,708.00 B
2019-07-16 17:59:00,262.67 M,4.93 G,8.86 K,523.14 K
2019-07-16 17:59:02,262.67 M,4.93 G,0.00 B,5.73 K
2019-07-16 17:59:04,262.67 M,4.93 G,0.00 B,1.20 K
2019-07-16 17:59:06,262.68 M,4.93 G,5.96 K,353.61 K
2019-07-16 17:59:08,262.68 M,4.93 G,0.00 B,552.00 B
2019-07-16 17:59:10,262.68 M,4.93 G,0.00 B,1.12 K
2019-07-16 17:59:12,262.69 M,4.93 G,4.13 K,195.97 K
2019-07-16 17:59:14,262.69 M,4.93 G,0.00 B,600.00 B
2019-07-16 17:59:16,262.69 M,4.93 G,0.00 B,1.05 K
2019-07-16 17:59:18,262.70 M,4.93 G,0.00 B,492.00 B
2019-07-16 17:59:20,262.70 M,4.93 G,0.00 B,504.00 B
2019-07-16 17:59:22,262.71 M,4.93 G,9.77 K,600.48 K
2019-07-16 17:59:24,262.71 M,4.93 G,0.00 B,552.00 B
2019-07-16 17:59:26,262.71 M,4.93 G,0.00 B,648.00 B
2019-07-16 17:59:28,262.71 M,4.93 G,2.20 K,31.49 K
2019-07-16 17:59:30,262.71 M,4.93 G,0.00 B,660.00 B
2019-07-16 17:59:32,262.72 M,4.93 G,3.35 K,174.64 K
2019-07-16 17:59:34,262.73 M,4.93 G,0.00 B,600.00 B
2019-07-16 17:59:36,262.73 M,4.93 G,0.00 B,756.00 B
2019-07-16 17:59:38,262.74 M,4.94 G,10.28 K,608.98 K
2019-07-16 17:59:40,262.74 M,4.94 G,0.00 B,840.00 B
2019-07-16 17:59:42,262.74 M,4.94 G,0.00 B,924.00 B
2019-07-16 17:59:44,262.74 M,4.94 G,0.00 B,552.00 B
2019-07-16 17:59:46,262.74 M,4.94 G,0.00 B,924.00 B
2019-07-16 17:59:49,262.75 M,4.94 G,8.97 K,528.76 K
2019-07-16 17:59:51,262.75 M,4.94 G,0.00 B,492.00 B
2019-07-16 17:59:53,262.75 M,4.94 G,0.00 B,432.00 B
2019-07-16 17:59:55,262.76 M,4.94 G,9.36 K,540.85 K
2019-07-16 17:59:57,262.76 M,4.94 G,0.00 B,888.00 B
2019-07-16 17:59:59,262.76 M,4.94 G,0.00 B,492.00 B
2019-07-16 18:00:01,262.77 M,4.94 G,3.07 K,129.65 K
2019-07-16 18:00:03,262.77 M,4.94 G,54.00 B,432.00 B
2019-07-16 18:00:05,262.77 M,4.94 G,0.00 B,648.00 B
2019-07-16 18:00:07,262.78 M,4.94 G,42.00 B,1.17 K
2019-07-16 18:00:09,262.78 M,4.94 G,0.00 B,492.00 B
2019-07-16 18:00:11,262.78 M,4.94 G,54.00 B,492.00 B
2019-07-16 18:00:13,262.79 M,4.94 G,0.00 B,492.00 B
2019-07-16 18:00:15,262.79 M,4.94 G,0.00 B,1.32 K
2019-07-16 18:00:17,262.79 M,4.94 G,0.00 B,552.00 B
2019-07-16 18:00:19,262.80 M,4.94 G,0.00 B,600.00 B
2019-07-16 18:00:21,262.81 M,4.94 G,0.00 B,1.17 K
2019-07-16 18:00:23,262.82 M,4.94 G,7.99 K,352.61 K
2019-07-16 18:00:25,262.83 M,4.94 G,0.00 B,552.00 B
2019-07-16 18:00:27,262.83 M,4.94 G,76.00 B,780.00 B
2019-07-16 18:00:29,262.84 M,4.94 G,9.25 K,537.81 K
2019-07-16 18:00:31,262.84 M,4.94 G,0.00 B,1.07 K
2019-07-16 18:00:33,262.84 M,4.94 G,0.00 B,972.00 B
2019-07-16 18:00:35,262.85 M,4.94 G,9.34 K,552.63 K
2019-07-16 18:00:37,262.85 M,4.94 G,0.00 B,108.00 B
2019-07-16 18:00:39,262.85 M,4.94 G,0.00 B,1.05 K
2019-07-16 18:00:41,262.85 M,4.94 G,0.00 B,648.00 B
2019-07-16 18:00:43,262.85 M,4.94 G,0.00 B,924.00 B
2019-07-16 18:00:45,262.85 M,4.94 G,0.00 B,792.00 B
2019-07-16 18:00:47,262.86 M,4.94 G,0.00 B,1.35 K
2019-07-16 18:00:49,262.86 M,4.94 G,0.00 B,768.00 B
2019-07-16 18:00:51,262.87 M,4.94 G,9.21 K,554.06 K
2019-07-16 18:00:53,262.87 M,4.94 G,0.00 B,648.00 B
2019-07-16 18:00:55,262.87 M,4.94 G,0.00 B,540.00 B
2019-07-16 18:00:57,262.88 M,4.94 G,9.41 K,563.19 K
2019-07-16 18:00:59,262.88 M,4.94 G,0.00 B,1.05 K
2019-07-16 18:01:01,262.88 M,4.94 G,0.00 B,60.00 B
2019-07-16 18:01:03,262.89 M,4.94 G,10.28 K,614.71 K
2019-07-16 18:01:05,262.89 M,4.94 G,0.00 B,924.00 B
2019-07-16 18:01:07,262.89 M,4.94 G,0.00 B,324.00 B
2019-07-16 18:01:09,262.90 M,4.94 G,10.17 K,611.54 K
2019-07-16 18:01:11,262.90 M,4.94 G,0.00 B,276.00 B
2019-07-16 18:01:13,262.90 M,4.94 G,0.00 B,1.37 K
2019-07-16 18:01:15,262.91 M,4.94 G,4.01 K,196.46 K
2019-07-16 18:01:17,262.91 M,4.94 G,0.00 B,276.00 B
2019-07-16 18:01:19,262.91 M,4.94 G,0.00 B,1.64 K
2019-07-16 18:01:21,262.92 M,4.95 G,0.00 B,216.00 B
2019-07-16 18:01:23,262.92 M,4.95 G,0.00 B,492.00 B
2019-07-16 18:01:25,262.93 M,4.95 G,9.59 K,585.81 K
2019-07-16 18:01:27,262.93 M,4.95 G,0.00 B,624.00 B
2019-07-16 18:01:29,262.93 M,4.95 G,0.00 B,984.00 B
2019-07-16 18:01:31,262.94 M,4.95 G,204.00 B,1.08 K
2019-07-16 18:01:33,262.94 M,4.95 G,0.00 B,336.00 B
2019-07-16 18:01:35,262.95 M,4.95 G,7.86 K,578.75 K
2019-07-16 18:01:37,262.95 M,4.95 G,0.00 B,984.00 B
2019-07-16 18:01:39,262.95 M,4.95 G,0.00 B,672.00 B
2019-07-16 18:01:41,262.96 M,4.95 G,4.00 K,217.89 K
2019-07-16 18:01:43,262.96 M,4.95 G,0.00 B,60.00 B
2019-07-16 18:01:45,262.96 M,4.95 G,0.00 B,1.48 K
2019-07-16 18:01:47,262.97 M,4.95 G,0.00 B,216.00 B
2019-07-16 18:01:49,262.97 M,4.95 G,0.00 B,552.00 B
2019-07-16 18:01:51,262.98 M,4.95 G,8.90 K,531.56 K
2019-07-16 18:01:53,262.98 M,4.95 G,0.00 B,864.00 B
2019-07-16 18:01:55,262.98 M,4.95 G,0.00 B,384.00 B
2019-07-16 18:01:57,262.99 M,4.95 G,5.22 K,300.32 K
2019-07-16 18:01:59,262.99 M,4.95 G,0.00 B,216.00 B
2019-07-16 18:02:01,262.99 M,4.95 G,0.00 B,13.34 K
2019-07-16 18:02:03,263.00 M,4.95 G,0.00 B,984.00 B
2019-07-16 18:02:05,263.00 M,4.95 G,0.00 B,60.00 B
2019-07-16 18:02:07,263.00 M,4.95 G,9.12 K,536.26 K
2019-07-16 18:02:09,263.00 M,4.95 G,0.00 B,336.00 B
2019-07-16 18:02:11,263.00 M,4.95 G,0.00 B,1.38 K
2019-07-16 18:02:13,263.01 M,4.95 G,9.36 K,545.38 K
2019-07-16 18:02:15,263.01 M,4.95 G,0.00 B,492.00 B
2019-07-16 18:02:17,263.01 M,4.95 G,0.00 B,972.00 B
2019-07-16 18:02:19,263.02 M,4.95 G,1.76 K,5.25 K
2019-07-16 18:02:21,263.02 M,4.95 G,0.00 B,600.00 B
2019-07-16 18:02:23,263.02 M,4.95 G,0.00 B,660.00 B
2019-07-16 18:02:25,263.03 M,4.95 G,0.00 B,492.00 B
2019-07-16 18:02:27,263.03 M,4.95 G,0.00 B,648.00 B
2019-07-16 18:02:29,263.03 M,4.95 G,0.00 B,924.00 B
2019-07-16 18:02:31,263.04 M,4.95 G,0.00 B,816.00 B
2019-07-16 18:02:33,263.04 M,4.95 G,0.00 B,384.00 B
2019-07-16 18:02:35,263.05 M,4.95 G,9.38 K,540.54 K
2019-07-16 18:02:37,263.05 M,4.95 G,42.00 B,336.00 B
2019-07-16 18:02:39,263.05 M,4.95 G,0.00 B,1.11 K
2019-07-16 18:02:41,263.06 M,4.95 G,8.83 K,552.44 K
2019-07-16 18:02:43,263.06 M,4.95 G,0.00 B,648.00 B
2019-07-16 18:02:46,263.06 M,4.95 G,0.00 B,924.00 B
2019-07-16 18:02:48,263.07 M,4.95 G,0.00 B,240.00 B
2019-07-16 18:02:50,263.07 M,4.95 G,0.00 B,816.00 B
2019-07-16 18:02:52,263.07 M,4.95 G,0.00 B,1.01 K
2019-07-16 18:02:54,263.08 M,4.95 G,0.00 B,228.00 B
2019-07-16 18:02:56,263.08 M,4.95 G,0.00 B,444.00 B
2019-07-16 18:02:58,263.08 M,4.95 G,5.41 K,340.11 K
2019-07-16 18:03:00,263.09 M,4.95 G,0.00 B,996.00 B
2019-07-16 18:03:02,263.09 M,4.95 G,0.00 B,9.42 K
2019-07-16 18:03:04,263.10 M,4.96 G,9.79 K,566.68 K
2019-07-16 18:03:06,263.10 M,4.96 G,0.00 B,816.00 B
2019-07-16 18:03:08,263.10 M,4.96 G,42.00 B,1.28 K
2019-07-16 18:03:10,263.11 M,4.96 G,7.27 K,457.56 K
2019-07-16 18:03:12,263.11 M,4.96 G,0.00 B,840.00 B
2019-07-16 18:03:14,263.11 M,4.96 G,0.00 B,552.00 B
2019-07-16 18:03:16,263.11 M,4.96 G,0.00 B,552.00 B
2019-07-16 18:03:18,263.11 M,4.96 G,0.00 B,660.00 B
2019-07-16 18:03:20,263.12 M,4.96 G,9.30 K,573.02 K
2019-07-16 18:03:22,263.12 M,4.96 G,0.00 B,492.00 B
2019-07-16 18:03:24,263.12 M,4.96 G,0.00 B,816.00 B
2019-07-16 18:03:26,263.13 M,4.96 G,8.96 K,530.38 K
2019-07-16 18:03:28,263.13 M,4.96 G,0.00 B,1.07 K
2019-07-16 18:03:30,263.14 M,4.96 G,2.70 K,5.58 K
2019-07-16 18:03:32,263.14 M,4.96 G,0.00 B,276.00 B
2019-07-16 18:03:34,263.14 M,4.96 G,204.00 B,1.26 K
2019-07-16 18:03:36,263.15 M,4.96 G,3.35 K,189.79 K
2019-07-16 18:03:38,263.15 M,4.96 G,0.00 B,1.27 K
2019-07-16 18:03:40,263.15 M,4.96 G,42.00 B,492.00 B
2019-07-16 18:03:42,263.15 M,4.96 G,0.00 B,876.00 B
2019-07-16 18:03:44,263.16 M,4.96 G,0.00 B,1.32 K
2019-07-16 18:03:46,263.16 M,4.96 G,193.00 B,573.00 B
2019-07-16 18:03:48,263.16 M,4.96 G,0.00 B,876.00 B
2019-07-16 18:03:50,263.17 M,4.96 G,0.00 B,756.00 B
2019-07-16 18:03:52,263.17 M,4.96 G,0.00 B,60.00 B
2019-07-16 18:03:54,263.17 M,4.96 G,0.00 B,1.05 K
2019-07-16 18:03:56,263.18 M,4.96 G,0.00 B,1.02 K
2019-07-16 18:03:58,263.18 M,4.96 G,0.00 B,216.00 B
2019-07-16 18:04:00,263.18 M,4.96 G,1.16 K,33.04 K
2019-07-16 18:04:02,263.19 M,4.96 G,0.00 B,2.61 K
2019-07-16 18:04:04,263.19 M,4.96 G,0.00 B,492.00 B
2019-07-16 18:04:06,263.20 M,4.96 G,9.69 K,596.04 K
2019-07-16 18:04:08,263.20 M,4.96 G,0.00 B,756.00 B
2019-07-16 18:04:10,263.20 M,4.96 G,0.00 B,816.00 B
2019-07-16 18:04:12,263.21 M,4.96 G,0.00 B,540.00 B
2019-07-16 18:04:14,263.21 M,4.96 G,0.00 B,1.38 K
2019-07-16 18:04:16,263.21 M,4.96 G,2.19 K,85.13 K
2019-07-16 18:04:18,263.22 M,4.96 G,0.00 B,336.00 B
2019-07-16 18:04:20,263.22 M,4.96 G,0.00 B,1.02 K
2019-07-16 18:04:22,263.23 M,4.96 G,10.50 K,571.72 K
2019-07-16 18:04:24,263.23 M,4.96 G,0.00 B,384.00 B
2019-07-16 18:04:26,263.23 M,4.96 G,0.00 B,1.29 K
2019-07-16 18:04:28,263.24 M,4.96 G,0.00 B,672.00 B
2019-07-16 18:04:30,263.24 M,4.96 G,0.00 B,432.00 B
2019-07-16 18:04:32,263.25 M,4.96 G,10.96 K,597.44 K
2019-07-16 18:04:34,263.25 M,4.96 G,0.00 B,639.00 B
2019-07-16 18:04:36,263.25 M,4.96 G,0.00 B,1.22 K
2019-07-16 18:04:38,263.26 M,4.96 G,0.00 B,492.00 B
2019-07-16 18:04:40,263.26 M,4.96 G,42.00 B,504.00 B
2019-07-16 18:04:42,263.27 M,4.97 G,5.48 K,381.83 K
2019-07-16 18:04:44,263.27 M,4.97 G,0.00 B,492.00 B
2019-07-16 18:04:46,263.27 M,4.97 G,0.00 B,504.00 B
2019-07-16 18:04:48,263.28 M,4.97 G,10.03 K,610.62 K
2019-07-16 18:04:50,263.28 M,4.97 G,0.00 B,324.00 B
2019-07-16 18:04:52,263.28 M,4.97 G,0.00 B,648.00 B
2019-07-16 18:04:54,263.29 M,4.97 G,0.00 B,951.00 B
2019-07-16 18:04:56,263.29 M,4.97 G,0.00 B,624.00 B
2019-07-16 18:04:58,263.30 M,4.97 G,9.52 K,544.39 K
2019-07-16 18:05:00,263.30 M,4.97 G,0.00 B,600.00 B
2019-07-16 18:05:02,263.30 M,4.97 G,0.00 B,720.00 B
2019-07-16 18:05:04,263.31 M,4.97 G,0.00 B,816.00 B
2019-07-16 18:05:06,263.31 M,4.97 G,0.00 B,660.00 B
2019-07-16 18:05:08,263.31 M,4.97 G,0.00 B,2.00 K
2019-07-16 18:05:10,263.32 M,4.97 G,0.00 B,396.00 B
2019-07-16 18:05:12,263.32 M,4.97 G,0.00 B,0.00 B
2019-07-16 18:05:14,263.33 M,4.97 G,5.20 K,369.35 K
2019-07-16 18:05:16,263.33 M,4.97 G,0.00 B,984.00 B
2019-07-16 18:05:18,263.33 M,4.97 G,0.00 B,228.00 B
2019-07-16 18:05:20,263.34 M,4.97 G,9.39 K,547.47 K
2019-07-16 18:05:22,263.34 M,4.97 G,0.00 B,216.00 B
2019-07-16 18:05:24,263.34 M,4.97 G,0.00 B,120.00 B
2019-07-16 18:05:26,263.35 M,4.97 G,0.00 B,720.00 B
2019-07-16 18:05:28,263.35 M,4.97 G,0.00 B,228.00 B
2019-07-16 18:05:30,263.36 M,4.97 G,9.20 K,573.48 K
2019-07-16 18:05:32,263.36 M,4.97 G,0.00 B,444.00 B
2019-07-16 18:05:34,263.36 M,4.97 G,0.00 B,1.11 K
2019-07-16 18:05:36,263.37 M,4.97 G,9.37 K,554.06 K
2019-07-16 18:05:38,263.37 M,4.97 G,0.00 B,876.00 B
2019-07-16 18:05:40,263.37 M,4.97 G,0.00 B,864.00 B
2019-07-16 18:05:43,263.38 M,4.97 G,9.32 K,542.26 K
2019-07-16 18:05:45,263.38 M,4.97 G,0.00 B,120.00 B
2019-07-16 18:05:47,263.38 M,4.97 G,0.00 B,1.24 K
2019-07-16 18:05:49,263.38 M,4.97 G,0.00 B,516.00 B
2019-07-16 18:05:51,263.38 M,4.97 G,0.00 B,888.00 B
2019-07-16 18:05:53,263.39 M,4.97 G,6.96 K,482.42 K
2019-07-16 18:05:55,263.39 M,4.97 G,0.00 B,540.00 B
2019-07-16 18:05:57,263.39 M,4.97 G,0.00 B,1.14 K
2019-07-16 18:05:59,263.40 M,4.97 G,9.16 K,574.96 K
2019-07-16 18:06:01,263.40 M,4.97 G,0.00 B,552.00 B
2019-07-16 18:06:03,263.40 M,4.97 G,0.00 B,1.30 K
2019-07-16 18:06:05,263.41 M,4.97 G,9.51 K,536.03 K
2019-07-16 18:06:07,263.41 M,4.97 G,0.00 B,1.27 K
2019-07-16 18:06:09,263.41 M,4.97 G,0.00 B,987.00 B
2019-07-16 18:06:11,263.42 M,4.97 G,42.00 B,1.75 K
2019-07-16 18:06:13,263.42 M,4.97 G,0.00 B,324.00 B
2019-07-16 18:06:15,263.43 M,4.97 G,9.53 K,566.86 K
2019-07-16 18:06:17,263.43 M,4.97 G,0.00 B,120.00 B
2019-07-16 18:06:19,263.43 M,4.97 G,0.00 B,1.27 K
2019-07-16 18:06:21,263.44 M,4.98 G,0.00 B,324.00 B
2019-07-16 18:06:23,263.44 M,4.98 G,0.00 B,216.00 B
2019-07-16 18:06:25,263.44 M,4.98 G,0.00 B,1.22 K
2019-07-16 18:06:27,263.45 M,4.98 G,0.00 B,324.00 B
2019-07-16 18:06:29,263.45 M,4.98 G,0.00 B,972.00 B
2019-07-16 18:06:31,263.45 M,4.98 G,0.00 B,519.00 B
2019-07-16 18:06:33,263.46 M,4.98 G,0.00 B,843.00 B
2019-07-16 18:06:35,263.46 M,4.98 G,0.00 B,1.21 K
2019-07-16 18:06:37,263.47 M,4.98 G,9.23 K,551.31 K
2019-07-16 18:06:39,263.47 M,4.98 G,204.00 B,1.19 K
2019-07-16 18:06:41,263.47 M,4.98 G,42.00 B,720.00 B
2019-07-16 18:06:43,263.48 M,4.98 G,0.00 B,735.00 B
2019-07-16 18:06:45,263.48 M,4.98 G,0.00 B,720.00 B
2019-07-16 18:06:47,263.48 M,4.98 G,9.46 K,562.55 K
2019-07-16 18:06:49,263.48 M,4.98 G,0.00 B,1.32 K
2019-07-16 18:06:51,263.48 M,4.98 G,0.00 B,1.46 K
2019-07-16 18:06:53,263.49 M,4.98 G,9.16 K,569.82 K
2019-07-16 18:06:55,263.49 M,4.98 G,0.00 B,648.00 B
2019-07-16 18:06:57,263.49 M,4.98 G,0.00 B,756.00 B
2019-07-16 18:06:59,263.50 M,4.98 G,9.79 K,535.24 K
2019-07-16 18:07:01,263.50 M,4.98 G,0.00 B,13.38 K
2019-07-16 18:07:03,263.50 M,4.98 G,0.00 B,276.00 B
2019-07-16 18:07:05,263.51 M,4.98 G,0.00 B,735.00 B
2019-07-16 18:07:07,263.51 M,4.98 G,0.00 B,984.00 B
2019-07-16 18:07:09,263.52 M,4.98 G,4.90 K,279.75 K
2019-07-16 18:07:11,263.52 M,4.98 G,0.00 B,324.00 B
2019-07-16 18:07:13,263.52 M,4.98 G,0.00 B,903.00 B
2019-07-16 18:07:15,263.54 M,4.98 G,14.79 K,561.94 K
2019-07-16 18:07:17,263.54 M,4.98 G,0.00 B,1.01 K
2019-07-16 18:07:19,263.54 M,4.98 G,0.00 B,600.00 B
2019-07-16 18:07:21,263.55 M,4.98 G,2.62 K,78.04 K
2019-07-16 18:07:23,263.55 M,4.98 G,0.00 B,1.22 K
2019-07-16 18:07:25,263.55 M,4.98 G,0.00 B,567.00 B
2019-07-16 18:07:27,263.55 M,4.98 G,2.09 K,42.74 K
2019-07-16 18:07:29,263.55 M,4.98 G,0.00 B,432.00 B
2019-07-16 18:07:31,263.55 M,4.98 G,0.00 B,1.28 K
2019-07-16 18:07:33,263.56 M,4.98 G,0.00 B,1.01 K
2019-07-16 18:07:35,263.56 M,4.98 G,0.00 B,552.00 B
2019-07-16 18:07:37,263.57 M,4.98 G,9.20 K,547.79 K
2019-07-16 18:07:39,263.57 M,4.98 G,0.00 B,708.00 B
2019-07-16 18:07:41,263.57 M,4.98 G,42.00 B,876.00 B
2019-07-16 18:07:43,263.58 M,4.98 G,0.00 B,1.08 K
2019-07-16 18:07:45,263.58 M,4.98 G,84.00 B,1.07 K
2019-07-16 18:07:47,263.59 M,4.98 G,9.24 K,552.25 K
2019-07-16 18:07:49,263.59 M,4.98 G,0.00 B,756.00 B
2019-07-16 18:07:51,263.59 M,4.98 G,0.00 B,216.00 B
2019-07-16 18:07:53,263.60 M,4.98 G,9.90 K,595.49 K
2019-07-16 18:07:55,263.60 M,4.98 G,0.00 B,1.14 K
2019-07-16 18:07:57,263.60 M,4.98 G,0.00 B,984.00 B
2019-07-16 18:07:59,263.61 M,4.98 G,9.52 K,555.57 K
2019-07-16 18:08:01,263.61 M,4.98 G,0.00 B,12.75 K
2019-07-16 18:08:03,263.61 M,4.98 G,0.00 B,780.00 B
2019-07-16 18:08:05,263.62 M,4.99 G,6.70 K,430.46 K
2019-07-16 18:08:07,263.62 M,4.99 G,0.00 B,756.00 B
2019-07-16 18:08:09,263.62 M,4.99 G,0.00 B,444.00 B
2019-07-16 18:08:11,263.63 M,4.99 G,9.56 K,561.42 K
2019-07-16 18:08:13,263.63 M,4.99 G,0.00 B,276.00 B
2019-07-16 18:08:15,263.63 M,4.99 G,0.00 B,1.11 K
2019-07-16 18:08:17,263.64 M,4.99 G,0.00 B,276.00 B
2019-07-16 18:08:19,263.64 M,4.99 G,0.00 B,612.00 B
2019-07-16 18:08:21,263.65 M,4.99 G,9.19 K,570.62 K
2019-07-16 18:08:23,263.65 M,4.99 G,0.00 B,540.00 B
2019-07-16 18:08:25,263.65 M,4.99 G,0.00 B,492.00 B
2019-07-16 18:08:27,263.66 M,4.99 G,3.38 K,158.20 K
2019-07-16 18:08:29,263.66 M,4.99 G,0.00 B,1.16 K
2019-07-16 18:08:31,263.66 M,4.99 G,0.00 B,180.00 B
2019-07-16 18:08:33,263.67 M,4.99 G,0.00 B,708.00 B
2019-07-16 18:08:36,263.67 M,4.99 G,0.00 B,1.08 K
2019-07-16 18:08:38,263.67 M,4.99 G,0.00 B,492.00 B
2019-07-16 18:08:40,263.68 M,4.99 G,9.61 K,565.84 K
2019-07-16 18:08:42,263.68 M,4.99 G,204.00 B,1.39 K
2019-07-16 18:08:44,263.68 M,4.99 G,0.00 B,228.00 B
2019-07-16 18:08:46,263.69 M,4.99 G,11.77 K,551.26 K
2019-07-16 18:08:48,263.69 M,4.99 G,0.00 B,1.18 K
2019-07-16 18:08:50,263.69 M,4.99 G,0.00 B,456.00 B
2019-07-16 18:08:52,263.70 M,4.99 G,9.66 K,566.94 K
2019-07-16 18:08:54,263.70 M,4.99 G,0.00 B,600.00 B
2019-07-16 18:08:56,263.70 M,4.99 G,0.00 B,600.00 B
2019-07-16 18:08:58,263.71 M,4.99 G,0.00 B,228.00 B
2019-07-16 18:09:00,263.71 M,4.99 G,0.00 B,816.00 B
2019-07-16 18:09:02,263.72 M,4.99 G,9.43 K,574.47 K
2019-07-16 18:09:04,263.72 M,4.99 G,0.00 B,552.00 B
2019-07-16 18:09:06,263.72 M,4.99 G,0.00 B,876.00 B
2019-07-16 18:09:08,263.72 M,4.99 G,0.00 B,432.00 B
2019-07-16 18:09:10,263.72 M,4.99 G,0.00 B,876.00 B
2019-07-16 18:09:12,263.73 M,4.99 G,10.04 K,583.77 K
2019-07-16 18:09:14,263.73 M,4.99 G,0.00 B,600.00 B
2019-07-16 18:09:16,263.73 M,4.99 G,0.00 B,972.00 B
2019-07-16 18:09:18,263.73 M,4.99 G,0.00 B,456.00 B
2019-07-16 18:09:20,263.74 M,4.99 G,0.00 B,1.02 K
2019-07-16 18:09:22,263.74 M,4.99 G,0.00 B,816.00 B
2019-07-16 18:09:24,263.74 M,4.99 G,0.00 B,600.00 B
2019-07-16 18:09:26,263.75 M,4.99 G,9.42 K,572.06 K
2019-07-16 18:09:28,263.75 M,4.99 G,0.00 B,756.00 B
2019-07-16 18:09:30,263.75 M,4.99 G,0.00 B,432.00 B
2019-07-16 18:09:32,263.76 M,4.99 G,9.47 K,556.96 K
2019-07-16 18:09:34,263.76 M,4.99 G,0.00 B,768.00 B
2019-07-16 18:09:36,263.76 M,4.99 G,0.00 B,768.00 B
2019-07-16 18:09:38,263.77 M,4.99 G,0.00 B,816.00 B
2019-07-16 18:09:40,263.77 M,4.99 G,0.00 B,1.02 K
2019-07-16 18:09:42,263.78 M,4.99 G,9.54 K,540.49 K
2019-07-16 18:09:44,263.78 M,4.99 G,0.00 B,492.00 B
2019-07-16 18:09:46,263.78 M,4.99 G,42.00 B,504.00 B
2019-07-16 18:09:48,263.79 M,4.99 G,84.00 B,1.02 K
2019-07-16 18:09:50,263.79 M,4.99 G,0.00 B,276.00 B
2019-07-16 18:09:52,263.80 M,5.00 G,6.51 K,451.97 K
2019-07-16 18:09:54,263.80 M,5.00 G,0.00 B,324.00 B
2019-07-16 18:09:56,263.80 M,5.00 G,0.00 B,324.00 B
2019-07-16 18:09:58,263.81 M,5.00 G,10.25 K,569.67 K
2019-07-16 18:10:00,263.81 M,5.00 G,0.00 B,1.32 K
2019-07-16 18:10:02,263.81 M,5.00 G,54.00 B,384.00 B
2019-07-16 18:10:04,263.82 M,5.00 G,9.42 K,583.96 K
2019-07-16 18:10:06,263.82 M,5.00 G,84.00 B,720.00 B
2019-07-16 18:10:08,263.82 M,5.00 G,0.00 B,600.00 B
2019-07-16 18:10:10,263.82 M,5.00 G,54.00 B,432.00 B
2019-07-16 18:10:12,263.83 M,5.00 G,5.56 K,267.57 K
2019-07-16 18:10:14,263.83 M,5.00 G,0.00 B,1.29 K
2019-07-16 18:10:16,263.83 M,5.00 G,0.00 B,612.00 B
2019-07-16 18:10:18,263.83 M,5.00 G,0.00 B,600.00 B
2019-07-16 18:10:20,263.84 M,5.00 G,54.00 B,984.00 B
2019-07-16 18:10:22,263.84 M,5.00 G,0.00 B,540.00 B
2019-07-16 18:10:24,263.84 M,5.00 G,0.00 B,552.00 B
2019-07-16 18:10:26,263.85 M,5.00 G,13.66 K,624.53 K
2019-07-16 18:10:28,263.85 M,5.00 G,0.00 B,228.00 B
2019-07-16 18:10:30,263.85 M,5.00 G,0.00 B,1.27 K
2019-07-16 18:10:32,263.86 M,5.00 G,10.11 K,621.64 K
2019-07-16 18:10:34,263.86 M,5.00 G,0.00 B,648.00 B
2019-07-16 18:10:36,263.86 M,5.00 G,0.00 B,648.00 B
2019-07-16 18:10:38,263.87 M,5.00 G,5.67 K,391.80 K
2019-07-16 18:10:40,263.87 M,5.00 G,0.00 B,1.12 K
2019-07-16 18:10:42,263.87 M,5.00 G,0.00 B,708.00 B
2019-07-16 18:10:44,263.88 M,5.00 G,8.06 K,590.50 K
2019-07-16 18:10:46,263.88 M,5.00 G,0.00 B,924.00 B
2019-07-16 18:10:48,263.88 M,5.00 G,0.00 B,984.00 B
2019-07-16 18:10:50,263.89 M,5.00 G,4.96 K,282.90 K
2019-07-16 18:10:52,263.89 M,5.00 G,0.00 B,492.00 B
2019-07-16 18:10:54,263.89 M,5.00 G,0.00 B,768.00 B
2019-07-16 18:10:56,263.90 M,5.00 G,0.00 B,984.00 B
2019-07-16 18:10:58,263.90 M,5.00 G,0.00 B,972.00 B
2019-07-16 18:11:00,263.91 M,5.00 G,5.48 K,350.47 K
2019-07-16 18:11:02,263.91 M,5.00 G,0.00 B,924.00 B
2019-07-16 18:11:04,263.91 M,5.00 G,0.00 B,540.00 B
2019-07-16 18:11:06,263.92 M,5.00 G,10.30 K,622.96 K
2019-07-16 18:11:08,263.92 M,5.00 G,0.00 B,276.00 B
2019-07-16 18:11:10,263.92 M,5.00 G,0.00 B,924.00 B
2019-07-16 18:11:12,263.93 M,5.00 G,0.00 B,924.00 B
2019-07-16 18:11:14,263.93 M,5.00 G,0.00 B,432.00 B
2019-07-16 18:11:16,263.94 M,5.00 G,9.59 K,575.76 K
2019-07-16 18:11:18,263.94 M,5.00 G,42.00 B,828.00 B
2019-07-16 18:11:20,263.94 M,5.00 G,0.00 B,600.00 B
2019-07-16 18:11:22,263.95 M,5.00 G,0.00 B,216.00 B
2019-07-16 18:11:24,263.95 M,5.00 G,0.00 B,924.00 B
2019-07-16 18:11:26,263.96 M,5.00 G,9.73 K,583.53 K
2019-07-16 18:11:28,263.96 M,5.00 G,0.00 B,1.29 K
2019-07-16 18:11:30,263.96 M,5.00 G,0.00 B,1.20 K
2019-07-16 18:11:33,263.97 M,5.01 G,5.30 K,303.67 K
2019-07-16 18:11:35,263.97 M,5.01 G,0.00 B,216.00 B
2019-07-16 18:11:37,263.97 M,5.01 G,0.00 B,492.00 B
2019-07-16 18:11:39,263.98 M,5.01 G,0.00 B,828.00 B
2019-07-16 18:11:41,263.98 M,5.01 G,0.00 B,756.00 B
2019-07-16 18:11:43,263.99 M,5.01 G,9.62 K,585.84 K
2019-07-16 18:11:45,263.99 M,5.01 G,0.00 B,384.00 B
2019-07-16 18:11:47,263.99 M,5.01 G,0.00 B,924.00 B
2019-07-16 18:11:49,264.00 M,5.01 G,9.76 K,598.85 K
2019-07-16 18:11:51,264.00 M,5.01 G,84.00 B,1.03 K
2019-07-16 18:11:53,264.00 M,5.01 G,0.00 B,1.01 K
2019-07-16 18:11:55,264.01 M,5.01 G,2.73 K,70.30 K
2019-07-16 18:11:57,264.01 M,5.01 G,0.00 B,720.00 B
2019-07-16 18:11:59,264.01 M,5.01 G,0.00 B,1.91 K
2019-07-16 18:12:01,264.01 M,5.01 G,0.00 B,780.00 B
2019-07-16 18:12:03,264.01 M,5.01 G,0.00 B,360.00 B
2019-07-16 18:12:05,264.02 M,5.01 G,10.43 K,570.62 K
2019-07-16 18:12:07,264.02 M,5.01 G,0.00 B,756.00 B
2019-07-16 18:12:09,264.02 M,5.01 G,0.00 B,648.00 B
2019-07-16 18:12:11,264.03 M,5.01 G,0.00 B,1.12 K
2019-07-16 18:12:13,264.03 M,5.01 G,0.00 B,756.00 B
2019-07-16 18:12:15,264.04 M,5.01 G,9.12 K,544.13 K
2019-07-16 18:12:17,264.04 M,5.01 G,0.00 B,612.00 B
2019-07-16 18:12:19,264.04 M,5.01 G,0.00 B,600.00 B
2019-07-16 18:12:21,264.05 M,5.01 G,5.28 K,280.19 K
2019-07-16 18:12:23,264.05 M,5.01 G,0.00 B,540.00 B
2019-07-16 18:12:25,264.05 M,5.01 G,0.00 B,972.00 B
2019-07-16 18:12:27,264.06 M,5.01 G,0.00 B,936.00 B
2019-07-16 18:12:29,264.06 M,5.01 G,0.00 B,768.00 B
2019-07-16 18:12:31,264.06 M,5.01 G,2.77 K,158.98 K
2019-07-16 18:12:33,264.07 M,5.01 G,0.00 B,384.00 B
2019-07-16 18:12:35,264.07 M,5.01 G,0.00 B,816.00 B
2019-07-16 18:12:37,264.07 M,5.01 G,0.00 B,540.00 B
2019-07-16 18:12:39,264.08 M,5.01 G,2.20 K,37.56 K
2019-07-16 18:12:41,264.08 M,5.01 G,0.00 B,552.00 B
2019-07-16 18:12:43,264.08 M,5.01 G,0.00 B,108.00 B
2019-07-16 18:12:45,264.08 M,5.01 G,0.00 B,756.00 B
2019-07-16 18:12:47,264.09 M,5.01 G,204.00 B,798.00 B
2019-07-16 18:12:49,264.09 M,5.01 G,42.00 B,612.00 B
2019-07-16 18:12:51,264.09 M,5.01 G,0.00 B,492.00 B
2019-07-16 18:12:53,264.10 M,5.01 G,9.94 K,594.19 K
2019-07-16 18:12:55,264.10 M,5.01 G,0.00 B,612.00 B
2019-07-16 18:12:57,264.10 M,5.01 G,0.00 B,756.00 B
2019-07-16 18:12:59,264.10 M,5.01 G,0.00 B,516.00 B
2019-07-16 18:13:01,264.11 M,5.01 G,0.00 B,540.00 B
2019-07-16 18:13:03,264.11 M,5.01 G,0.00 B,1.39 K
2019-07-16 18:13:05,264.11 M,5.01 G,0.00 B,384.00 B
2019-07-16 18:13:07,264.12 M,5.01 G,0.00 B,1.01 K
2019-07-16 18:13:09,264.12 M,5.01 G,0.00 B,843.00 B
2019-07-16 18:13:11,264.13 M,5.01 G,9.19 K,563.51 K
2019-07-16 18:13:13,264.13 M,5.01 G,0.00 B,924.00 B
2019-07-16 18:13:15,264.13 M,5.01 G,0.00 B,612.00 B
2019-07-16 18:13:17,264.14 M,5.02 G,0.00 B,540.00 B
2019-07-16 18:13:19,264.14 M,5.02 G,0.00 B,1.22 K
2019-07-16 18:13:21,264.15 M,5.02 G,9.16 K,544.62 K
2019-07-16 18:13:23,264.15 M,5.02 G,0.00 B,600.00 B
2019-07-16 18:13:25,264.15 M,5.02 G,0.00 B,228.00 B
2019-07-16 18:13:27,264.16 M,5.02 G,0.00 B,1.43 K
2019-07-16 18:13:29,264.16 M,5.02 G,0.00 B,984.00 B
2019-07-16 18:13:31,264.16 M,5.02 G,9.29 K,550.42 K
2019-07-16 18:13:33,264.16 M,5.02 G,0.00 B,444.00 B
2019-07-16 18:13:35,264.16 M,5.02 G,0.00 B,552.00 B
2019-07-16 18:13:37,264.17 M,5.02 G,5.64 K,327.38 K
2019-07-16 18:13:39,264.17 M,5.02 G,0.00 B,384.00 B
2019-07-16 18:13:41,264.17 M,5.02 G,0.00 B,288.00 B
2019-07-16 18:13:43,264.18 M,5.02 G,1.98 K,22.97 K
2019-07-16 18:13:45,264.18 M,5.02 G,0.00 B,540.00 B
2019-07-16 18:13:47,264.19 M,5.02 G,2.70 K,5.90 K
2019-07-16 18:13:49,264.20 M,5.02 G,9.83 K,584.81 K
2019-07-16 18:13:51,264.20 M,5.02 G,42.00 B,1.02 K
2019-07-16 18:13:53,264.20 M,5.02 G,42.00 B,996.00 B
2019-07-16 18:13:55,264.20 M,5.02 G,0.00 B,660.00 B
2019-07-16 18:13:57,264.21 M,5.02 G,5.49 K,319.74 K
2019-07-16 18:13:59,264.21 M,5.02 G,0.00 B,612.00 B
2019-07-16 18:14:01,264.21 M,5.02 G,0.00 B,11.07 K
2019-07-16 18:14:03,264.21 M,5.02 G,0.00 B,492.00 B
2019-07-16 18:14:05,264.21 M,5.02 G,0.00 B,924.00 B
2019-07-16 18:14:07,264.21 M,5.02 G,0.00 B,552.00 B
2019-07-16 18:14:09,264.21 M,5.02 G,0.00 B,768.00 B
2019-07-16 18:14:11,264.22 M,5.02 G,10.04 K,586.96 K
2019-07-16 18:14:13,264.22 M,5.02 G,0.00 B,1.01 K
2019-07-16 18:14:15,264.22 M,5.02 G,0.00 B,216.00 B
2019-07-16 18:14:17,264.23 M,5.02 G,9.37 K,546.35 K
2019-07-16 18:14:19,264.23 M,5.02 G,0.00 B,828.00 B
2019-07-16 18:14:21,264.23 M,5.02 G,0.00 B,540.00 B
2019-07-16 18:14:23,264.24 M,5.02 G,6.74 K,428.03 K
2019-07-16 18:14:25,264.24 M,5.02 G,0.00 B,708.00 B
2019-07-16 18:14:27,264.24 M,5.02 G,0.00 B,1.04 K
2019-07-16 18:14:29,264.25 M,5.02 G,0.00 B,600.00 B
2019-07-16 18:14:32,264.25 M,5.02 G,0.00 B,1.05 K
2019-07-16 18:14:34,264.26 M,5.02 G,9.33 K,541.01 K
2019-07-16 18:14:36,264.26 M,5.02 G,0.00 B,780.00 B
2019-07-16 18:14:38,264.26 M,5.02 G,0.00 B,1.22 K
2019-07-16 18:14:40,264.27 M,5.02 G,0.00 B,276.00 B
2019-07-16 18:14:42,264.27 M,5.02 G,0.00 B,552.00 B
2019-07-16 18:14:44,264.28 M,5.02 G,9.07 K,564.19 K
2019-07-16 18:14:46,264.28 M,5.02 G,0.00 B,564.00 B
2019-07-16 18:14:48,264.28 M,5.02 G,0.00 B,720.00 B
2019-07-16 18:14:50,264.29 M,5.02 G,204.00 B,1.47 K
2019-07-16 18:14:52,264.29 M,5.02 G,42.00 B,984.00 B
2019-07-16 18:14:54,264.29 M,5.02 G,2.13 K,93.35 K
2019-07-16 18:14:56,264.30 M,5.02 G,42.00 B,936.00 B
2019-07-16 18:14:58,264.30 M,5.02 G,0.00 B,624.00 B
2019-07-16 18:15:00,264.30 M,5.02 G,0.00 B,444.00 B
2019-07-16 18:15:02,264.31 M,5.03 G,0.00 B,3.62 K
2019-07-16 18:15:04,264.31 M,5.03 G,0.00 B,720.00 B
2019-07-16 18:15:06,264.31 M,5.03 G,0.00 B,924.00 B
2019-07-16 18:15:08,264.32 M,5.03 G,9.64 K,591.80 K
2019-07-16 18:15:10,264.32 M,5.03 G,0.00 B,708.00 B
2019-07-16 18:15:12,264.32 M,5.03 G,0.00 B,660.00 B
2019-07-16 18:15:14,264.32 M,5.03 G,0.00 B,612.00 B
2019-07-16 18:15:16,264.34 M,5.03 G,10.91 K,372.56 K
2019-07-16 18:15:18,264.34 M,5.03 G,0.00 B,552.00 B
2019-07-16 18:15:20,264.34 M,5.03 G,0.00 B,1.29 K
2019-07-16 18:15:22,264.34 M,5.03 G,5.93 K,414.84 K
2019-07-16 18:15:24,264.35 M,5.03 G,0.00 B,924.00 B
2019-07-16 18:15:26,264.35 M,5.03 G,0.00 B,972.00 B
2019-07-16 18:15:28,264.35 M,5.03 G,0.00 B,432.00 B
2019-07-16 18:15:30,264.36 M,5.03 G,5.97 K,348.85 K
2019-07-16 18:15:32,264.36 M,5.03 G,0.00 B,888.00 B
2019-07-16 18:15:34,264.36 M,5.03 G,0.00 B,924.00 B
2019-07-16 18:15:36,264.36 M,5.03 G,5.74 K,391.23 K
2019-07-16 18:15:38,264.37 M,5.03 G,0.00 B,720.00 B
2019-07-16 18:15:40,264.37 M,5.03 G,0.00 B,564.00 B
2019-07-16 18:15:42,264.38 M,5.03 G,9.13 K,542.16 K
2019-07-16 18:15:44,264.38 M,5.03 G,0.00 B,1.01 K
2019-07-16 18:15:46,264.38 M,5.03 G,0.00 B,708.00 B
2019-07-16 18:15:48,264.38 M,5.03 G,2.98 K,106.79 K
2019-07-16 18:15:50,264.38 M,5.03 G,0.00 B,168.00 B
2019-07-16 18:15:52,264.38 M,5.03 G,0.00 B,1.05 K
2019-07-16 18:15:54,264.39 M,5.03 G,0.00 B,1.07 K
2019-07-16 18:15:56,264.39 M,5.03 G,42.00 B,288.00 B
2019-07-16 18:15:58,264.40 M,5.03 G,9.12 K,547.36 K
2019-07-16 18:16:00,264.40 M,5.03 G,0.00 B,648.00 B
2019-07-16 18:16:02,264.40 M,5.03 G,0.00 B,648.00 B
2019-07-16 18:16:04,264.41 M,5.03 G,0.00 B,664.00 B
2019-07-16 18:16:06,264.41 M,5.03 G,0.00 B,324.00 B
2019-07-16 18:16:08,264.42 M,5.03 G,8.99 K,564.67 K
2019-07-16 18:16:10,264.42 M,5.03 G,0.00 B,864.00 B
2019-07-16 18:16:12,264.42 M,5.03 G,0.00 B,216.00 B
2019-07-16 18:16:14,264.43 M,5.03 G,0.00 B,540.00 B
2019-07-16 18:16:16,264.43 M,5.03 G,0.00 B,1.55 K
2019-07-16 18:16:18,264.43 M,5.03 G,0.00 B,1.16 K
2019-07-16 18:16:20,264.44 M,5.03 G,0.00 B,864.00 B
2019-07-16 18:16:22,264.44 M,5.03 G,0.00 B,384.00 B
2019-07-16 18:16:24,264.44 M,5.03 G,0.00 B,924.00 B
2019-07-16 18:16:26,264.45 M,5.03 G,42.00 B,600.00 B
2019-07-16 18:16:28,264.45 M,5.03 G,0.00 B,540.00 B
2019-07-16 18:16:30,264.45 M,5.03 G,0.00 B,432.00 B
2019-07-16 18:16:32,264.46 M,5.03 G,10.34 K,608.04 K
2019-07-16 18:16:34,264.46 M,5.03 G,0.00 B,1.08 K
2019-07-16 18:16:36,264.46 M,5.03 G,0.00 B,384.00 B
2019-07-16 18:16:38,264.46 M,5.03 G,0.00 B,660.00 B
2019-07-16 18:16:40,264.47 M,5.03 G,0.00 B,540.00 B
2019-07-16 18:16:42,264.47 M,5.03 G,0.00 B,816.00 B
2019-07-16 18:16:44,264.47 M,5.03 G,0.00 B,924.00 B
2019-07-16 18:16:46,264.47 M,5.03 G,6.70 K,497.93 K
2019-07-16 18:16:48,264.48 M,5.03 G,0.00 B,768.00 B
2019-07-16 18:16:50,264.48 M,5.03 G,0.00 B,1.28 K
2019-07-16 18:16:52,264.48 M,5.03 G,204.00 B,522.00 B
2019-07-16 18:16:54,264.49 M,5.04 G,10.35 K,571.43 K
2019-07-16 18:16:56,264.49 M,5.04 G,42.00 B,1.12 K
2019-07-16 18:16:58,264.49 M,5.04 G,84.00 B,552.00 B
2019-07-16 18:17:00,264.49 M,5.04 G,0.00 B,864.00 B
2019-07-16 18:17:02,264.50 M,5.04 G,0.00 B,384.00 B
2019-07-16 18:17:04,264.50 M,5.04 G,0.00 B,276.00 B
2019-07-16 18:17:06,264.50 M,5.04 G,0.00 B,540.00 B
2019-07-16 18:17:08,264.51 M,5.04 G,9.53 K,568.95 K
2019-07-16 18:17:10,264.51 M,5.04 G,0.00 B,504.00 B
2019-07-16 18:17:12,264.51 M,5.04 G,0.00 B,660.00 B
2019-07-16 18:17:14,264.52 M,5.04 G,8.33 K,237.72 K
2019-07-16 18:17:16,264.52 M,5.04 G,0.00 B,1.11 K
2019-07-16 18:17:18,264.52 M,5.04 G,0.00 B,1.17 K
2019-07-16 18:17:20,264.53 M,5.04 G,0.00 B,552.00 B
2019-07-16 18:17:22,264.53 M,5.04 G,0.00 B,1.12 K
2019-07-16 18:17:24,264.54 M,5.04 G,9.01 K,558.11 K
2019-07-16 18:17:26,264.54 M,5.04 G,0.00 B,540.00 B
2019-07-16 18:17:29,264.54 M,5.04 G,0.00 B,1.01 K
2019-07-16 18:17:31,264.55 M,5.04 G,0.00 B,600.00 B
2019-07-16 18:17:33,264.55 M,5.04 G,0.00 B,768.00 B
2019-07-16 18:17:35,264.56 M,5.04 G,9.14 K,550.79 K
2019-07-16 18:17:37,264.56 M,5.04 G,0.00 B,384.00 B
2019-07-16 18:17:39,264.56 M,5.04 G,0.00 B,924.00 B
2019-07-16 18:17:41,264.56 M,5.04 G,0.00 B,1.07 K
2019-07-16 18:17:43,264.56 M,5.04 G,0.00 B,432.00 B
2019-07-16 18:17:45,264.57 M,5.04 G,6.32 K,462.63 K
2019-07-16 18:17:47,264.57 M,5.04 G,0.00 B,924.00 B
2019-07-16 18:17:49,264.57 M,5.04 G,0.00 B,972.00 B
2019-07-16 18:17:51,264.58 M,5.04 G,9.25 K,552.51 K
2019-07-16 18:17:53,264.58 M,5.04 G,0.00 B,648.00 B
2019-07-16 18:17:55,264.58 M,5.04 G,204.00 B,1.10 K
2019-07-16 18:17:57,264.59 M,5.04 G,42.00 B,180.00 B
2019-07-16 18:17:59,264.59 M,5.04 G,0.00 B,1.29 K
2019-07-16 18:18:01,264.59 M,5.04 G,0.00 B,324.00 B
2019-07-16 18:18:03,264.60 M,5.04 G,0.00 B,384.00 B
2019-07-16 18:18:05,264.60 M,5.04 G,0.00 B,936.00 B
2019-07-16 18:18:07,264.60 M,5.04 G,0.00 B,999.00 B
2019-07-16 18:18:09,264.61 M,5.04 G,9.71 K,583.64 K
2019-07-16 18:18:11,264.61 M,5.04 G,0.00 B,432.00 B
2019-07-16 18:18:13,264.61 M,5.04 G,0.00 B,972.00 B
2019-07-16 18:18:15,264.61 M,5.04 G,0.00 B,1.32 K
2019-07-16 18:18:17,264.62 M,5.04 G,0.00 B,1.27 K
2019-07-16 18:18:19,264.62 M,5.04 G,0.00 B,876.00 B
2019-07-16 18:18:21,264.62 M,5.04 G,0.00 B,876.00 B
2019-07-16 18:18:23,264.63 M,5.04 G,9.69 K,595.45 K
2019-07-16 18:18:25,264.63 M,5.04 G,0.00 B,1.22 K
2019-07-16 18:18:27,264.63 M,5.04 G,0.00 B,924.00 B
2019-07-16 18:18:29,264.63 M,5.04 G,42.00 B,936.00 B
2019-07-16 18:18:31,264.64 M,5.04 G,3.71 K,180.91 K
2019-07-16 18:18:33,264.64 M,5.04 G,0.00 B,876.00 B
2019-07-16 18:18:35,264.64 M,5.04 G,0.00 B,492.00 B
2019-07-16 18:18:37,264.65 M,5.04 G,10.49 K,623.51 K
2019-07-16 18:18:39,264.65 M,5.04 G,0.00 B,1008.00 B
2019-07-16 18:18:41,264.65 M,5.04 G,0.00 B,1.17 K
2019-07-16 18:18:43,264.65 M,5.04 G,0.00 B,1.32 K
2019-07-16 18:18:45,264.66 M,5.05 G,0.00 B,1.09 K
2019-07-16 18:18:47,264.66 M,5.05 G,0.00 B,660.00 B
2019-07-16 18:18:49,264.66 M,5.05 G,0.00 B,1.01 K
2019-07-16 18:18:51,264.67 M,5.05 G,9.56 K,586.07 K
2019-07-16 18:18:53,264.67 M,5.05 G,0.00 B,876.00 B
2019-07-16 18:18:55,264.67 M,5.05 G,2.69 K,5.84 K
2019-07-16 18:18:57,264.68 M,5.05 G,9.14 K,551.53 K
2019-07-16 18:18:59,264.68 M,5.05 G,42.00 B,876.00 B
2019-07-16 18:19:01,264.68 M,5.05 G,84.00 B,660.00 B
2019-07-16 18:19:03,264.69 M,5.05 G,9.98 K,573.01 K
2019-07-16 18:19:05,264.69 M,5.05 G,0.00 B,876.00 B
2019-07-16 18:19:07,264.69 M,5.05 G,0.00 B,624.00 B
2019-07-16 18:19:09,264.70 M,5.05 G,0.00 B,732.00 B
2019-07-16 18:19:11,264.70 M,5.05 G,0.00 B,903.00 B
2019-07-16 18:19:13,264.71 M,5.05 G,9.31 K,560.56 K
2019-07-16 18:19:15,264.71 M,5.05 G,0.00 B,1.64 K
2019-07-16 18:19:17,264.71 M,5.05 G,0.00 B,627.00 B
2019-07-16 18:19:19,264.72 M,5.05 G,0.00 B,720.00 B
2019-07-16 18:19:21,264.72 M,5.05 G,0.00 B,1.14 K
2019-07-16 18:19:23,264.72 M,5.05 G,6.12 K,393.32 K
2019-07-16 18:19:25,264.73 M,5.05 G,0.00 B,984.00 B
2019-07-16 18:19:27,264.73 M,5.05 G,0.00 B,951.00 B
2019-07-16 18:19:29,264.73 M,5.05 G,9.08 K,545.93 K
2019-07-16 18:19:31,264.73 M,5.05 G,42.00 B,276.00 B
2019-07-16 18:19:33,264.73 M,5.05 G,0.00 B,600.00 B
2019-07-16 18:19:35,264.74 M,5.05 G,0.00 B,471.00 B
2019-07-16 18:19:37,264.74 M,5.05 G,0.00 B,756.00 B
2019-07-16 18:19:39,264.75 M,5.05 G,9.65 K,559.73 K
2019-07-16 18:19:41,264.75 M,5.05 G,0.00 B,552.00 B
2019-07-16 18:19:43,264.75 M,5.05 G,0.00 B,812.00 B
2019-07-16 18:19:45,264.76 M,5.05 G,3.77 K,202.83 K
2019-07-16 18:19:47,264.76 M,5.05 G,0.00 B,540.00 B
2019-07-16 18:19:49,264.76 M,5.05 G,0.00 B,876.00 B
2019-07-16 18:19:51,264.77 M,5.05 G,0.00 B,828.00 B
2019-07-16 18:19:53,264.77 M,5.05 G,0.00 B,924.00 B
2019-07-16 18:19:55,264.78 M,5.05 G,6.19 K,410.06 K
2019-07-16 18:19:57,264.78 M,5.05 G,204.00 B,1.17 K
2019-07-16 18:19:59,264.78 M,5.05 G,42.00 B,780.00 B
2019-07-16 18:20:01,264.78 M,5.05 G,108.00 B,8.30 K
2019-07-16 18:20:03,264.79 M,5.05 G,54.00 B,432.00 B
2019-07-16 18:20:05,264.79 M,5.05 G,96.00 B,600.00 B
2019-07-16 18:20:07,264.79 M,5.05 G,0.00 B,816.00 B
2019-07-16 18:20:09,264.79 M,5.05 G,0.00 B,1.22 K
2019-07-16 18:20:11,264.80 M,5.05 G,0.00 B,384.00 B
2019-07-16 18:20:13,264.80 M,5.05 G,0.00 B,972.00 B
2019-07-16 18:20:15,264.80 M,5.05 G,0.00 B,516.00 B
2019-07-16 18:20:17,264.81 M,5.05 G,12.27 K,587.74 K
2019-07-16 18:20:19,264.81 M,5.05 G,54.00 B,432.00 B
2019-07-16 18:20:21,264.81 M,5.05 G,0.00 B,492.00 B
2019-07-16 18:20:24,264.81 M,5.05 G,0.00 B,1.69 K
2019-07-16 18:20:26,264.83 M,5.05 G,13.11 K,582.48 K
2019-07-16 18:20:28,264.83 M,5.05 G,0.00 B,432.00 B
2019-07-16 18:20:30,264.83 M,5.05 G,0.00 B,324.00 B
2019-07-16 18:20:32,264.83 M,5.05 G,0.00 B,708.00 B
2019-07-16 18:20:34,264.84 M,5.06 G,0.00 B,708.00 B
2019-07-16 18:20:36,264.84 M,5.06 G,0.00 B,384.00 B
2019-07-16 18:20:38,264.84 M,5.06 G,0.00 B,876.00 B
2019-07-16 18:20:40,264.85 M,5.06 G,10.09 K,588.56 K
2019-07-16 18:20:42,264.85 M,5.06 G,0.00 B,840.00 B
2019-07-16 18:20:44,264.85 M,5.06 G,0.00 B,816.00 B
2019-07-16 18:20:46,264.85 M,5.06 G,0.00 B,864.00 B
2019-07-16 18:20:48,264.86 M,5.06 G,1.84 K,3.99 K
2019-07-16 18:20:50,264.86 M,5.06 G,0.00 B,432.00 B
2019-07-16 18:20:52,264.86 M,5.06 G,0.00 B,1.23 K
2019-07-16 18:20:54,264.86 M,5.06 G,42.00 B,912.00 B
2019-07-16 18:20:56,264.87 M,5.06 G,0.00 B,552.00 B
2019-07-16 18:20:58,264.87 M,5.06 G,0.00 B,708.00 B
2019-07-16 18:21:00,264.87 M,5.06 G,0.00 B,492.00 B
2019-07-16 18:21:02,264.88 M,5.06 G,7.08 K,433.48 K
2019-07-16 18:21:04,264.88 M,5.06 G,84.00 B,720.00 B
2019-07-16 18:21:06,264.88 M,5.06 G,0.00 B,540.00 B
2019-07-16 18:21:08,264.89 M,5.06 G,9.98 K,583.88 K
2019-07-16 18:21:10,264.89 M,5.06 G,0.00 B,1.55 K
2019-07-16 18:21:12,264.89 M,5.06 G,0.00 B,936.00 B
2019-07-16 18:21:14,264.90 M,5.06 G,0.00 B,540.00 B
2019-07-16 18:21:16,264.90 M,5.06 G,0.00 B,864.00 B
2019-07-16 18:21:18,264.90 M,5.06 G,3.80 K,214.82 K
2019-07-16 18:21:20,264.90 M,5.06 G,0.00 B,600.00 B
2019-07-16 18:21:22,264.90 M,5.06 G,0.00 B,984.00 B
2019-07-16 18:21:24,264.91 M,5.06 G,9.27 K,556.66 K
2019-07-16 18:21:26,264.91 M,5.06 G,0.00 B,768.00 B
2019-07-16 18:21:28,264.91 M,5.06 G,0.00 B,444.00 B
2019-07-16 18:21:30,264.92 M,5.06 G,0.00 B,924.00 B
2019-07-16 18:21:32,264.92 M,5.06 G,0.00 B,828.00 B
2019-07-16 18:21:34,264.93 M,5.06 G,8.87 K,547.14 K
2019-07-16 18:21:36,264.93 M,5.06 G,0.00 B,1.16 K
2019-07-16 18:21:38,264.93 M,5.06 G,0.00 B,708.00 B
2019-07-16 18:21:40,264.94 M,5.06 G,5.35 K,319.19 K
2019-07-16 18:21:42,264.94 M,5.06 G,0.00 B,996.00 B
2019-07-16 18:21:44,264.94 M,5.06 G,0.00 B,432.00 B
2019-07-16 18:21:46,264.95 M,5.06 G,0.00 B,276.00 B
2019-07-16 18:21:48,264.95 M,5.06 G,0.00 B,600.00 B
2019-07-16 18:21:50,264.96 M,5.06 G,9.62 K,558.22 K
2019-07-16 18:21:52,264.96 M,5.06 G,0.00 B,600.00 B
2019-07-16 18:21:54,264.96 M,5.06 G,0.00 B,432.00 B
2019-07-16 18:21:56,264.97 M,5.06 G,0.00 B,540.00 B
2019-07-16 18:21:58,264.97 M,5.06 G,0.00 B,1.02 K
2019-07-16 18:22:00,264.97 M,5.06 G,3.42 K,152.02 K
2019-07-16 18:22:02,264.98 M,5.06 G,42.00 B,1.02 K
2019-07-16 18:22:04,264.98 M,5.06 G,0.00 B,972.00 B
2019-07-16 18:22:06,264.99 M,5.06 G,9.08 K,554.99 K
2019-07-16 18:22:08,264.99 M,5.06 G,0.00 B,540.00 B
2019-07-16 18:22:10,264.99 M,5.06 G,0.00 B,1.32 K
2019-07-16 18:22:12,265.00 M,5.06 G,0.00 B,336.00 B
2019-07-16 18:22:14,265.00 M,5.06 G,0.00 B,996.00 B
2019-07-16 18:22:16,265.00 M,5.06 G,0.00 B,972.00 B
2019-07-16 18:22:18,265.01 M,5.07 G,0.00 B,384.00 B
2019-07-16 18:22:20,265.01 M,5.07 G,0.00 B,612.00 B
2019-07-16 18:22:22,265.01 M,5.07 G,0.00 B,924.00 B
2019-07-16 18:22:24,265.02 M,5.07 G,0.00 B,660.00 B
2019-07-16 18:22:26,265.02 M,5.07 G,0.00 B,816.00 B
2019-07-16 18:22:28,265.02 M,5.07 G,0.00 B,276.00 B
2019-07-16 18:22:30,265.02 M,5.07 G,7.28 K,488.83 K
2019-07-16 18:22:32,265.03 M,5.07 G,0.00 B,492.00 B
2019-07-16 18:22:34,265.03 M,5.07 G,0.00 B,432.00 B
2019-07-16 18:22:36,265.03 M,5.07 G,0.00 B,1.54 K
2019-07-16 18:22:38,265.04 M,5.07 G,9.90 K,595.64 K
2019-07-16 18:22:40,265.04 M,5.07 G,0.00 B,828.00 B
2019-07-16 18:22:42,265.04 M,5.07 G,0.00 B,984.00 B
2019-07-16 18:22:44,265.04 M,5.07 G,0.00 B,384.00 B
2019-07-16 18:22:46,265.05 M,5.07 G,0.00 B,216.00 B
2019-07-16 18:22:48,265.05 M,5.07 G,0.00 B,1.22 K
2019-07-16 18:22:50,265.05 M,5.07 G,0.00 B,708.00 B
2019-07-16 18:22:52,265.05 M,5.07 G,10.01 K,594.88 K
2019-07-16 18:22:54,265.05 M,5.07 G,0.00 B,600.00 B
2019-07-16 18:22:56,265.05 M,5.07 G,0.00 B,648.00 B
2019-07-16 18:22:58,265.05 M,5.07 G,0.00 B,648.00 B
2019-07-16 18:23:00,265.06 M,5.07 G,7.69 K,480.26 K
2019-07-16 18:23:02,265.07 M,5.07 G,0.00 B,768.00 B
2019-07-16 18:23:04,265.07 M,5.07 G,0.00 B,396.00 B
2019-07-16 18:23:06,265.07 M,5.07 G,84.00 B,855.00 B
2019-07-16 18:23:08,265.08 M,5.07 G,0.00 B,1.27 K
2019-07-16 18:23:10,265.08 M,5.07 G,0.00 B,720.00 B
2019-07-16 18:23:12,265.08 M,5.07 G,0.00 B,708.00 B
2019-07-16 18:23:14,265.09 M,5.07 G,10.03 K,596.87 K
2019-07-16 18:23:16,265.09 M,5.07 G,0.00 B,600.00 B
2019-07-16 18:23:18,265.09 M,5.07 G,0.00 B,600.00 B
2019-07-16 18:23:20,265.09 M,5.07 G,0.00 B,600.00 B
2019-07-16 18:23:23,265.09 M,5.07 G,0.00 B,720.00 B
2019-07-16 18:23:25,265.09 M,5.07 G,0.00 B,600.00 B
2019-07-16 18:23:27,265.09 M,5.07 G,0.00 B,612.00 B
2019-07-16 18:23:29,265.10 M,5.07 G,6.64 K,458.06 K
2019-07-16 18:23:31,265.10 M,5.07 G,0.00 B,384.00 B
2019-07-16 18:23:33,265.10 M,5.07 G,0.00 B,432.00 B
2019-07-16 18:23:35,265.10 M,5.07 G,0.00 B,1.28 K
2019-07-16 18:23:37,265.11 M,5.07 G,7.68 K,521.45 K
2019-07-16 18:23:39,265.11 M,5.07 G,0.00 B,1.02 K
2019-07-16 18:23:41,265.11 M,5.07 G,0.00 B,816.00 B
2019-07-16 18:23:43,265.12 M,5.07 G,5.35 K,370.43 K
2019-07-16 18:23:45,265.12 M,5.07 G,0.00 B,504.00 B
2019-07-16 18:23:47,265.12 M,5.07 G,0.00 B,864.00 B
2019-07-16 18:23:49,265.13 M,5.07 G,9.45 K,539.11 K
2019-07-16 18:23:51,265.13 M,5.07 G,0.00 B,876.00 B
2019-07-16 18:23:53,265.13 M,5.07 G,0.00 B,384.00 B
2019-07-16 18:23:55,265.14 M,5.07 G,0.00 B,828.00 B
2019-07-16 18:23:58,265.15 M,5.07 G,0.00 B,672.00 B
2019-07-16 18:24:00,265.15 M,5.07 G,0.00 B,564.00 B
2019-07-16 18:24:02,265.15 M,5.07 G,0.00 B,432.00 B
2019-07-16 18:24:05,265.15 M,5.07 G,0.00 B,984.00 B
2019-07-16 18:24:07,265.15 M,5.07 G,0.00 B,1.82 K
2019-07-16 18:24:09,265.15 M,5.07 G,0.00 B,1.16 K
2019-07-16 18:24:11,265.16 M,5.07 G,7.94 K,491.23 K
2019-07-16 18:24:13,265.16 M,5.07 G,0.00 B,444.00 B
2019-07-16 18:24:15,265.16 M,5.07 G,0.00 B,756.00 B
2019-07-16 18:24:17,265.16 M,5.07 G,0.00 B,600.00 B
2019-07-16 18:24:19,265.17 M,5.07 G,0.00 B,780.00 B
2019-07-16 18:24:21,265.17 M,5.07 G,0.00 B,228.00 B
2019-07-16 18:24:23,265.17 M,5.07 G,0.00 B,708.00 B
2019-07-16 18:24:25,265.17 M,5.07 G,0.00 B,936.00 B
2019-07-16 18:24:27,265.18 M,5.07 G,0.00 B,552.00 B
2019-07-16 18:24:29,265.18 M,5.07 G,0.00 B,1008.00 B
2019-07-16 18:24:31,265.18 M,5.07 G,0.00 B,552.00 B
2019-07-16 18:24:33,265.19 M,5.08 G,4.90 K,330.41 K
2019-07-16 18:24:35,265.19 M,5.08 G,0.00 B,1.37 K
2019-07-16 18:24:37,265.19 M,5.08 G,42.00 B,1.02 K
2019-07-16 18:24:39,265.19 M,5.08 G,0.00 B,720.00 B
2019-07-16 18:24:41,265.20 M,5.08 G,9.30 K,510.67 K
2019-07-16 18:24:43,265.20 M,5.08 G,0.00 B,384.00 B
2019-07-16 18:24:45,265.20 M,5.08 G,0.00 B,756.00 B
2019-07-16 18:24:47,265.20 M,5.08 G,0.00 B,1.01 K
2019-07-16 18:24:49,265.21 M,5.08 G,7.03 K,427.32 K
2019-07-16 18:24:51,265.21 M,5.08 G,0.00 B,384.00 B
2019-07-16 18:24:53,265.21 M,5.08 G,0.00 B,648.00 B
2019-07-16 18:24:55,265.21 M,5.08 G,0.00 B,216.00 B
2019-07-16 18:24:57,265.22 M,5.08 G,0.00 B,1.17 K
2019-07-16 18:24:59,265.22 M,5.08 G,0.00 B,1.35 K
2019-07-16 18:25:01,265.22 M,5.08 G,0.00 B,13.01 K
2019-07-16 18:25:03,265.22 M,5.08 G,0.00 B,648.00 B
2019-07-16 18:25:05,265.23 M,5.08 G,0.00 B,1.28 K
2019-07-16 18:25:07,265.23 M,5.08 G,0.00 B,1.15 K
2019-07-16 18:25:09,265.23 M,5.08 G,84.00 B,1.08 K
2019-07-16 18:25:11,265.23 M,5.08 G,0.00 B,552.00 B
2019-07-16 18:25:13,265.23 M,5.08 G,0.00 B,984.00 B
2019-07-16 18:25:15,265.23 M,5.08 G,0.00 B,660.00 B
2019-07-16 18:25:17,265.23 M,5.08 G,0.00 B,492.00 B
2019-07-16 18:25:19,265.23 M,5.08 G,0.00 B,432.00 B
2019-07-16 18:25:21,265.24 M,5.08 G,0.00 B,876.00 B
2019-07-16 18:25:23,265.24 M,5.08 G,0.00 B,816.00 B
2019-07-16 18:25:25,265.24 M,5.08 G,0.00 B,924.00 B
2019-07-16 18:25:27,265.25 M,5.08 G,8.58 K,518.34 K
2019-07-16 18:25:29,265.25 M,5.08 G,0.00 B,600.00 B
2019-07-16 18:25:31,265.25 M,5.08 G,0.00 B,816.00 B
2019-07-16 18:25:33,265.25 M,5.08 G,0.00 B,1.11 K
2019-07-16 18:25:35,265.26 M,5.08 G,8.91 K,515.04 K
2019-07-16 18:25:37,265.26 M,5.08 G,0.00 B,648.00 B
2019-07-16 18:25:39,265.26 M,5.08 G,42.00 B,1.11 K
2019-07-16 18:25:41,265.26 M,5.08 G,0.00 B,732.00 B
2019-07-16 18:25:43,265.27 M,5.08 G,8.93 K,519.95 K
2019-07-16 18:25:45,265.27 M,5.08 G,0.00 B,816.00 B
2019-07-16 18:25:47,265.27 M,5.08 G,0.00 B,600.00 B
2019-07-16 18:25:50,265.27 M,5.08 G,0.00 B,600.00 B
2019-07-16 18:25:52,265.28 M,5.08 G,1.56 K,1.36 K
2019-07-16 18:25:54,265.28 M,5.08 G,0.00 B,552.00 B
2019-07-16 18:25:56,265.28 M,5.08 G,0.00 B,60.00 B
2019-07-16 18:25:58,265.28 M,5.08 G,0.00 B,108.00 B
2019-07-16 18:26:00,265.29 M,5.08 G,0.00 B,864.00 B
2019-07-16 18:26:02,265.29 M,5.08 G,0.00 B,13.44 K
2019-07-16 18:26:04,265.29 M,5.08 G,0.00 B,708.00 B
2019-07-16 18:26:06,265.29 M,5.08 G,204.00 B,1.15 K
2019-07-16 18:26:08,265.30 M,5.08 G,42.00 B,1.12 K
2019-07-16 18:26:10,265.30 M,5.08 G,0.00 B,660.00 B
2019-07-16 18:26:12,265.30 M,5.08 G,0.00 B,552.00 B
2019-07-16 18:26:14,265.30 M,5.08 G,4.77 K,307.70 K
2019-07-16 18:26:16,265.31 M,5.08 G,0.00 B,816.00 B
2019-07-16 18:26:18,265.31 M,5.08 G,0.00 B,492.00 B
2019-07-16 18:26:20,265.31 M,5.08 G,0.00 B,924.00 B
2019-07-16 18:26:22,265.31 M,5.08 G,7.80 K,516.06 K
2019-07-16 18:26:24,265.31 M,5.08 G,0.00 B,432.00 B
2019-07-16 18:26:26,265.31 M,5.08 G,0.00 B,600.00 B
2019-07-16 18:26:28,265.31 M,5.08 G,0.00 B,708.00 B
2019-07-16 18:26:30,265.32 M,5.08 G,8.71 K,514.58 K
2019-07-16 18:26:32,265.32 M,5.08 G,0.00 B,384.00 B
2019-07-16 18:26:34,265.32 M,5.08 G,0.00 B,1.07 K
2019-07-16 18:26:36,265.32 M,5.08 G,0.00 B,384.00 B
2019-07-16 18:26:38,265.33 M,5.08 G,8.97 K,513.83 K
2019-07-16 18:26:40,265.33 M,5.08 G,0.00 B,864.00 B
2019-07-16 18:26:42,265.33 M,5.08 G,0.00 B,660.00 B
2019-07-16 18:26:44,265.33 M,5.08 G,0.00 B,492.00 B
2019-07-16 18:26:46,265.34 M,5.08 G,8.60 K,513.62 K
2019-07-16 18:26:48,265.34 M,5.08 G,0.00 B,540.00 B
2019-07-16 18:26:50,265.34 M,5.08 G,0.00 B,876.00 B
2019-07-16 18:26:52,265.34 M,5.08 G,0.00 B,648.00 B
2019-07-16 18:26:54,265.35 M,5.08 G,8.96 K,514.97 K
2019-07-16 18:26:56,265.35 M,5.08 G,0.00 B,924.00 B
2019-07-16 18:26:58,265.35 M,5.08 G,0.00 B,552.00 B
2019-07-16 18:27:00,265.35 M,5.08 G,0.00 B,924.00 B
2019-07-16 18:27:02,265.36 M,5.08 G,9.29 K,525.62 K
2019-07-16 18:27:04,265.36 M,5.08 G,0.00 B,708.00 B
2019-07-16 18:27:06,265.36 M,5.08 G,0.00 B,756.00 B
2019-07-16 18:27:08,265.36 M,5.08 G,0.00 B,432.00 B
2019-07-16 18:27:10,265.37 M,5.09 G,1.62 K,1.18 K
2019-07-16 18:27:12,265.37 M,5.09 G,42.00 B,1.08 K
2019-07-16 18:27:14,265.37 M,5.09 G,0.00 B,864.00 B
2019-07-16 18:27:16,265.37 M,5.09 G,0.00 B,948.00 B
2019-07-16 18:27:18,265.38 M,5.09 G,0.00 B,600.00 B
2019-07-16 18:27:20,265.38 M,5.09 G,42.00 B,720.00 B
2019-07-16 18:27:22,265.38 M,5.09 G,0.00 B,612.00 B
2019-07-16 18:27:24,265.38 M,5.09 G,0.00 B,276.00 B
2019-07-16 18:27:26,265.39 M,5.09 G,0.00 B,816.00 B
2019-07-16 18:27:28,265.39 M,5.09 G,0.00 B,1.54 K
2019-07-16 18:27:30,265.39 M,5.09 G,0.00 B,1.37 K
2019-07-16 18:27:32,265.39 M,5.09 G,0.00 B,708.00 B
2019-07-16 18:27:34,265.40 M,5.09 G,0.00 B,168.00 B
2019-07-16 18:27:36,265.40 M,5.09 G,0.00 B,384.00 B
2019-07-16 18:27:38,265.40 M,5.09 G,0.00 B,1.11 K
2019-07-16 18:27:40,265.40 M,5.09 G,0.00 B,648.00 B
2019-07-16 18:27:42,265.41 M,5.09 G,0.00 B,720.00 B
2019-07-16 18:27:44,265.41 M,5.09 G,0.00 B,108.00 B
2019-07-16 18:27:46,265.41 M,5.09 G,0.00 B,348.00 B
2019-07-16 18:27:48,265.41 M,5.09 G,0.00 B,444.00 B
2019-07-16 18:27:50,265.42 M,5.09 G,0.00 B,552.00 B
2019-07-16 18:27:52,265.42 M,5.09 G,0.00 B,720.00 B
2019-07-16 18:27:54,265.42 M,5.09 G,0.00 B,1.22 K
2019-07-16 18:27:56,265.42 M,5.09 G,0.00 B,1.88 K
2019-07-16 18:27:58,265.43 M,5.09 G,0.00 B,552.00 B
2019-07-16 18:28:00,265.43 M,5.09 G,0.00 B,1.08 K
2019-07-16 18:28:02,265.43 M,5.09 G,50.00 B,768.00 B
2019-07-16 18:28:04,265.43 M,5.09 G,0.00 B,708.00 B
2019-07-16 18:28:06,265.43 M,5.09 G,0.00 B,228.00 B
2019-07-16 18:28:08,265.44 M,5.09 G,204.00 B,798.00 B
2019-07-16 18:28:10,265.44 M,5.09 G,0.00 B,984.00 B
2019-07-16 18:28:12,265.44 M,5.09 G,0.00 B,228.00 B
2019-07-16 18:28:14,265.44 M,5.09 G,42.00 B,228.00 B
2019-07-16 18:28:16,265.44 M,5.09 G,0.00 B,876.00 B
2019-07-16 18:28:18,265.44 M,5.09 G,0.00 B,600.00 B
2019-07-16 18:28:20,265.44 M,5.09 G,0.00 B,432.00 B
2019-07-16 18:28:22,265.45 M,5.09 G,0.00 B,660.00 B
2019-07-16 18:28:24,265.45 M,5.09 G,0.00 B,552.00 B
2019-07-16 18:28:26,265.45 M,5.09 G,0.00 B,756.00 B
2019-07-16 18:28:28,265.45 M,5.09 G,0.00 B,1.43 K
2019-07-16 18:28:30,265.46 M,5.09 G,0.00 B,972.00 B
2019-07-16 18:28:32,265.46 M,5.09 G,0.00 B,444.00 B
2019-07-16 18:28:34,265.46 M,5.09 G,0.00 B,1023.00 B
2019-07-16 18:28:36,265.46 M,5.09 G,0.00 B,1.34 K
2019-07-16 18:28:38,265.47 M,5.09 G,0.00 B,924.00 B
2019-07-16 18:28:40,265.47 M,5.09 G,0.00 B,540.00 B
2019-07-16 18:28:42,265.47 M,5.09 G,0.00 B,624.00 B
2019-07-16 18:28:45,265.47 M,5.09 G,0.00 B,1.11 K
2019-07-16 18:28:47,265.48 M,5.09 G,0.00 B,768.00 B
2019-07-16 18:28:49,265.48 M,5.09 G,0.00 B,276.00 B
2019-07-16 18:28:51,265.48 M,5.09 G,0.00 B,168.00 B
2019-07-16 18:28:53,265.48 M,5.09 G,0.00 B,1.28 K
2019-07-16 18:28:55,265.49 M,5.09 G,0.00 B,972.00 B
2019-07-16 18:28:57,265.49 M,5.09 G,2.64 K,5.59 K
2019-07-16 18:28:59,265.49 M,5.09 G,0.00 B,1.01 K
2019-07-16 18:29:01,265.49 M,5.09 G,0.00 B,492.00 B
2019-07-16 18:29:03,265.50 M,5.09 G,0.00 B,492.00 B
2019-07-16 18:29:05,265.50 M,5.09 G,0.00 B,708.00 B
2019-07-16 18:29:07,265.50 M,5.09 G,0.00 B,1.01 K
2019-07-16 18:29:09,265.50 M,5.09 G,0.00 B,552.00 B
2019-07-16 18:29:11,265.51 M,5.09 G,4.19 K,205.47 K
2019-07-16 18:29:13,265.51 M,5.09 G,42.00 B,492.00 B
2019-07-16 18:29:15,265.51 M,5.09 G,42.00 B,720.00 B
2019-07-16 18:29:17,265.51 M,5.09 G,0.00 B,612.00 B
2019-07-16 18:29:19,265.52 M,5.09 G,6.83 K,431.37 K
2019-07-16 18:29:21,265.52 M,5.09 G,0.00 B,168.00 B
2019-07-16 18:29:23,265.52 M,5.09 G,0.00 B,996.00 B
2019-07-16 18:29:25,265.52 M,5.09 G,0.00 B,1.29 K
2019-07-16 18:29:27,265.53 M,5.09 G,9.39 K,513.07 K
2019-07-16 18:29:29,265.53 M,5.09 G,0.00 B,708.00 B
2019-07-16 18:29:31,265.53 M,5.09 G,0.00 B,600.00 B
2019-07-16 18:29:33,265.53 M,5.09 G,0.00 B,432.00 B
2019-07-16 18:29:35,265.54 M,5.09 G,9.04 K,523.10 K
2019-07-16 18:29:37,265.54 M,5.09 G,0.00 B,1.28 K
2019-07-16 18:29:39,265.54 M,5.09 G,0.00 B,708.00 B
2019-07-16 18:29:41,265.54 M,5.09 G,0.00 B,876.00 B
2019-07-16 18:29:43,265.55 M,5.09 G,9.23 K,512.66 K
2019-07-16 18:29:45,265.55 M,5.09 G,0.00 B,732.00 B
2019-07-16 18:29:47,265.55 M,5.09 G,0.00 B,720.00 B
2019-07-16 18:29:49,265.55 M,5.09 G,0.00 B,540.00 B
2019-07-16 18:29:51,265.55 M,5.10 G,9.21 K,516.70 K
2019-07-16 18:29:53,265.55 M,5.10 G,0.00 B,1.32 K
2019-07-16 18:29:55,265.55 M,5.10 G,0.00 B,1.01 K
2019-07-16 18:29:57,265.55 M,5.10 G,0.00 B,828.00 B
2019-07-16 18:29:59,265.56 M,5.10 G,5.16 K,317.46 K
2019-07-16 18:30:01,265.56 M,5.10 G,0.00 B,1.15 K
2019-07-16 18:30:03,265.56 M,5.10 G,54.00 B,924.00 B
2019-07-16 18:30:05,265.56 M,5.10 G,0.00 B,600.00 B
2019-07-16 18:30:07,265.56 M,5.10 G,84.00 B,444.00 B
2019-07-16 18:30:09,265.57 M,5.10 G,0.00 B,708.00 B
2019-07-16 18:30:11,265.58 M,5.10 G,258.00 B,582.00 B
2019-07-16 18:30:13,265.58 M,5.10 G,0.00 B,276.00 B
2019-07-16 18:30:15,265.58 M,5.10 G,0.00 B,816.00 B
2019-07-16 18:30:17,265.59 M,5.10 G,84.00 B,444.00 B
2019-07-16 18:30:19,265.59 M,5.10 G,0.00 B,1.45 K
2019-07-16 18:30:21,265.59 M,5.10 G,0.00 B,996.00 B
2019-07-16 18:30:23,265.59 M,5.10 G,0.00 B,768.00 B
2019-07-16 18:30:25,265.60 M,5.10 G,5.37 K,254.28 K
2019-07-16 18:30:27,265.60 M,5.10 G,0.00 B,648.00 B
2019-07-16 18:30:29,265.60 M,5.10 G,0.00 B,1.03 K
2019-07-16 18:30:31,265.60 M,5.10 G,0.00 B,795.00 B
2019-07-16 18:30:33,265.61 M,5.10 G,8.58 K,511.48 K
2019-07-16 18:30:35,265.61 M,5.10 G,0.00 B,1.21 K
2019-07-16 18:30:37,265.61 M,5.10 G,0.00 B,411.00 B
2019-07-16 18:30:39,265.61 M,5.10 G,0.00 B,1011.00 B
2019-07-16 18:30:41,265.62 M,5.10 G,8.59 K,513.76 K
2019-07-16 18:30:43,265.62 M,5.10 G,0.00 B,672.00 B
2019-07-16 18:30:45,265.62 M,5.10 G,0.00 B,660.00 B
2019-07-16 18:30:47,265.62 M,5.10 G,0.00 B,492.00 B
2019-07-16 18:30:49,265.63 M,5.10 G,8.65 K,517.54 K
2019-07-16 18:30:51,265.63 M,5.10 G,0.00 B,843.00 B
2019-07-16 18:30:53,265.63 M,5.10 G,0.00 B,648.00 B
2019-07-16 18:30:55,265.63 M,5.10 G,0.00 B,783.00 B
2019-07-16 18:30:57,265.63 M,5.10 G,3.93 K,192.97 K
2019-07-16 18:30:59,265.64 M,5.10 G,0.00 B,672.00 B
2019-07-16 18:31:01,265.64 M,5.10 G,0.00 B,12.80 K
2019-07-16 18:31:03,265.64 M,5.10 G,0.00 B,1.01 K
2019-07-16 18:31:05,265.64 M,5.10 G,0.00 B,324.00 B
2019-07-16 18:31:07,265.65 M,5.10 G,0.00 B,816.00 B
2019-07-16 18:31:09,265.65 M,5.10 G,0.00 B,999.00 B
2019-07-16 18:31:11,265.65 M,5.10 G,0.00 B,432.00 B
2019-07-16 18:31:13,265.65 M,5.10 G,204.00 B,630.00 B
2019-07-16 18:31:15,265.66 M,5.10 G,0.00 B,540.00 B
2019-07-16 18:31:17,265.66 M,5.10 G,0.00 B,924.00 B
2019-07-16 18:31:19,265.66 M,5.10 G,0.00 B,756.00 B
2019-07-16 18:31:21,265.66 M,5.10 G,0.00 B,756.00 B
2019-07-16 18:31:23,265.66 M,5.10 G,5.57 K,345.40 K
2019-07-16 18:31:25,265.66 M,5.10 G,0.00 B,951.00 B
2019-07-16 18:31:27,265.66 M,5.10 G,0.00 B,843.00 B
2019-07-16 18:31:29,265.66 M,5.10 G,0.00 B,492.00 B
2019-07-16 18:31:31,265.67 M,5.10 G,9.42 K,514.57 K
2019-07-16 18:31:33,265.67 M,5.10 G,0.00 B,1.17 K
2019-07-16 18:31:35,265.67 M,5.10 G,0.00 B,324.00 B
2019-07-16 18:31:37,265.67 M,5.10 G,0.00 B,735.00 B
2019-07-16 18:31:39,265.68 M,5.10 G,8.71 K,513.86 K
2019-07-16 18:31:42,265.68 M,5.10 G,0.00 B,552.00 B
2019-07-16 18:31:44,265.68 M,5.10 G,0.00 B,843.00 B
2019-07-16 18:31:46,265.68 M,5.10 G,0.00 B,600.00 B
2019-07-16 18:31:48,265.69 M,5.10 G,5.58 K,357.75 K
2019-07-16 18:31:50,265.69 M,5.10 G,0.00 B,1.16 K
2019-07-16 18:31:52,265.69 M,5.10 G,0.00 B,1.14 K
2019-07-16 18:31:54,265.69 M,5.10 G,0.00 B,660.00 B
2019-07-16 18:31:56,265.69 M,5.10 G,0.00 B,648.00 B
2019-07-16 18:31:58,265.70 M,5.10 G,0.00 B,795.00 B
2019-07-16 18:32:00,265.70 M,5.10 G,0.00 B,579.00 B
2019-07-16 18:32:02,265.70 M,5.10 G,0.00 B,9.49 K
2019-07-16 18:32:04,265.70 M,5.10 G,0.00 B,660.00 B
2019-07-16 18:32:06,265.71 M,5.10 G,1.82 K,16.81 K
2019-07-16 18:32:08,265.71 M,5.10 G,0.00 B,384.00 B
2019-07-16 18:32:10,265.71 M,5.10 G,0.00 B,324.00 B
2019-07-16 18:32:12,265.71 M,5.10 G,0.00 B,396.00 B
2019-07-16 18:32:14,265.72 M,5.10 G,9.62 K,509.36 K
2019-07-16 18:32:16,265.72 M,5.10 G,42.00 B,1.08 K
2019-07-16 18:32:18,265.72 M,5.10 G,0.00 B,384.00 B
2019-07-16 18:32:20,265.72 M,5.10 G,84.00 B,984.00 B
2019-07-16 18:32:22,265.73 M,5.10 G,8.71 K,515.30 K
2019-07-16 18:32:24,265.73 M,5.10 G,0.00 B,324.00 B
2019-07-16 18:32:26,265.73 M,5.10 G,0.00 B,579.00 B
2019-07-16 18:32:28,265.73 M,5.10 G,0.00 B,708.00 B
2019-07-16 18:32:30,265.73 M,5.10 G,0.00 B,768.00 B
2019-07-16 18:32:32,265.74 M,5.11 G,0.00 B,600.00 B
2019-07-16 18:32:34,265.74 M,5.11 G,0.00 B,432.00 B
2019-07-16 18:32:36,265.74 M,5.11 G,0.00 B,756.00 B
2019-07-16 18:32:38,265.74 M,5.11 G,0.00 B,540.00 B
2019-07-16 18:32:40,265.74 M,5.11 G,0.00 B,384.00 B
2019-07-16 18:32:42,265.74 M,5.11 G,0.00 B,768.00 B
2019-07-16 18:32:44,265.74 M,5.11 G,0.00 B,492.00 B
2019-07-16 18:32:46,265.74 M,5.11 G,0.00 B,540.00 B
2019-07-16 18:32:48,265.75 M,5.11 G,9.63 K,515.72 K
2019-07-16 18:32:50,265.75 M,5.11 G,0.00 B,492.00 B
2019-07-16 18:32:52,265.75 M,5.11 G,0.00 B,816.00 B
2019-07-16 18:32:54,265.75 M,5.11 G,0.00 B,1.07 K
2019-07-16 18:32:56,265.76 M,5.11 G,7.73 K,511.98 K
2019-07-16 18:32:58,265.76 M,5.11 G,0.00 B,396.00 B
2019-07-16 18:33:00,265.76 M,5.11 G,0.00 B,888.00 B
2019-07-16 18:33:02,265.76 M,5.11 G,0.00 B,2.87 K
2019-07-16 18:33:04,265.76 M,5.11 G,0.00 B,1011.00 B
2019-07-16 18:33:06,265.77 M,5.11 G,0.00 B,444.00 B
2019-07-16 18:33:08,265.77 M,5.11 G,0.00 B,1.17 K
2019-07-16 18:33:10,265.77 M,5.11 G,0.00 B,768.00 B
2019-07-16 18:33:12,265.77 M,5.11 G,0.00 B,552.00 B
2019-07-16 18:33:14,265.78 M,5.11 G,4.70 K,287.64 K
2019-07-16 18:33:16,265.78 M,5.11 G,204.00 B,582.00 B
2019-07-16 18:33:18,265.78 M,5.11 G,42.00 B,780.00 B
2019-07-16 18:33:20,265.78 M,5.11 G,0.00 B,972.00 B
2019-07-16 18:33:22,265.79 M,5.11 G,9.39 K,519.54 K
2019-07-16 18:33:24,265.79 M,5.11 G,0.00 B,432.00 B
2019-07-16 18:33:26,265.79 M,5.11 G,0.00 B,708.00 B
2019-07-16 18:33:28,265.79 M,5.11 G,0.00 B,540.00 B
2019-07-16 18:33:30,265.79 M,5.11 G,1.48 K,23.27 K
2019-07-16 18:33:32,265.80 M,5.11 G,0.00 B,540.00 B
2019-07-16 18:33:34,265.80 M,5.11 G,0.00 B,660.00 B
2019-07-16 18:33:36,265.80 M,5.11 G,0.00 B,924.00 B
2019-07-16 18:33:38,265.80 M,5.11 G,0.00 B,540.00 B
2019-07-16 18:33:40,265.81 M,5.11 G,0.00 B,540.00 B
2019-07-16 18:33:42,265.81 M,5.11 G,0.00 B,1.30 K
2019-07-16 18:33:44,265.81 M,5.11 G,0.00 B,336.00 B
2019-07-16 18:33:46,265.81 M,5.11 G,0.00 B,1.97 K
2019-07-16 18:33:48,265.82 M,5.11 G,9.03 K,514.13 K
2019-07-16 18:33:50,265.82 M,5.11 G,42.00 B,1.23 K
2019-07-16 18:33:52,265.82 M,5.11 G,0.00 B,1.27 K
2019-07-16 18:33:54,265.82 M,5.11 G,0.00 B,984.00 B
2019-07-16 18:33:56,265.82 M,5.11 G,7.09 K,510.73 K
2019-07-16 18:33:58,265.83 M,5.11 G,2.70 K,5.93 K
2019-07-16 18:34:00,265.83 M,5.11 G,0.00 B,1.07 K
2019-07-16 18:34:02,265.83 M,5.11 G,0.00 B,768.00 B
2019-07-16 18:34:04,265.83 M,5.11 G,0.00 B,672.00 B
2019-07-16 18:34:06,265.84 M,5.11 G,0.00 B,816.00 B
2019-07-16 18:34:08,265.84 M,5.11 G,0.00 B,336.00 B
2019-07-16 18:34:10,265.84 M,5.11 G,0.00 B,876.00 B
2019-07-16 18:34:12,265.84 M,5.11 G,0.00 B,1.76 K
2019-07-16 18:34:14,265.84 M,5.11 G,1.55 K,1.15 K
2019-07-16 18:34:16,265.84 M,5.11 G,0.00 B,648.00 B
2019-07-16 18:34:18,265.84 M,5.11 G,0.00 B,1.32 K
2019-07-16 18:34:20,265.84 M,5.11 G,0.00 B,600.00 B
2019-07-16 18:34:22,265.85 M,5.11 G,8.79 K,509.64 K
2019-07-16 18:34:24,265.85 M,5.11 G,0.00 B,828.00 B
2019-07-16 18:34:26,265.85 M,5.11 G,0.00 B,768.00 B
2019-07-16 18:34:28,265.85 M,5.11 G,0.00 B,492.00 B
2019-07-16 18:34:30,265.85 M,5.11 G,0.00 B,384.00 B
2019-07-16 18:34:32,265.86 M,5.11 G,0.00 B,168.00 B
2019-07-16 18:34:34,265.86 M,5.11 G,0.00 B,768.00 B
2019-07-16 18:34:36,265.86 M,5.11 G,0.00 B,168.00 B
2019-07-16 18:34:38,265.86 M,5.11 G,0.00 B,756.00 B
2019-07-16 18:34:41,265.87 M,5.11 G,8.77 K,514.80 K
2019-07-16 18:34:43,265.87 M,5.11 G,0.00 B,432.00 B
2019-07-16 18:34:45,265.87 M,5.11 G,0.00 B,756.00 B
2019-07-16 18:34:47,265.87 M,5.11 G,0.00 B,1.23 K
2019-07-16 18:34:49,265.88 M,5.11 G,9.36 K,517.47 K
2019-07-16 18:34:51,265.88 M,5.11 G,0.00 B,552.00 B
2019-07-16 18:34:53,265.88 M,5.11 G,0.00 B,540.00 B
2019-07-16 18:34:55,265.88 M,5.11 G,0.00 B,816.00 B
2019-07-16 18:34:57,265.88 M,5.11 G,0.00 B,336.00 B
2019-07-16 18:34:59,265.89 M,5.11 G,0.00 B,768.00 B
2019-07-16 18:35:01,265.89 M,5.11 G,0.00 B,13.39 K
2019-07-16 18:35:03,265.89 M,5.11 G,0.00 B,348.00 B
2019-07-16 18:35:05,265.89 M,5.11 G,0.00 B,1.36 K
2019-07-16 18:35:07,265.90 M,5.11 G,9.12 K,515.52 K
2019-07-16 18:35:09,265.90 M,5.11 G,0.00 B,276.00 B
2019-07-16 18:35:11,265.90 M,5.11 G,0.00 B,1.12 K
2019-07-16 18:35:13,265.90 M,5.11 G,0.00 B,1.65 K
2019-07-16 18:35:15,265.90 M,5.11 G,0.00 B,708.00 B
2019-07-16 18:35:17,265.91 M,5.11 G,0.00 B,228.00 B
2019-07-16 18:35:19,265.91 M,5.11 G,204.00 B,570.00 B
2019-07-16 18:35:21,265.91 M,5.11 G,0.00 B,756.00 B
2019-07-16 18:35:23,265.91 M,5.11 G,0.00 B,492.00 B
2019-07-16 18:35:25,265.92 M,5.12 G,1.55 K,854.00 B
2019-07-16 18:35:27,265.92 M,5.12 G,0.00 B,720.00 B
2019-07-16 18:35:29,265.92 M,5.12 G,0.00 B,660.00 B
2019-07-16 18:35:31,265.92 M,5.12 G,0.00 B,903.00 B
2019-07-16 18:35:33,265.92 M,5.12 G,8.92 K,523.07 K
2019-07-16 18:35:35,265.92 M,5.12 G,0.00 B,780.00 B
2019-07-16 18:35:37,265.92 M,5.12 G,0.00 B,768.00 B
2019-07-16 18:35:39,265.92 M,5.12 G,0.00 B,1.01 K
2019-07-16 18:35:41,265.92 M,5.12 G,0.00 B,336.00 B
2019-07-16 18:35:43,265.93 M,5.12 G,0.00 B,1.07 K
2019-07-16 18:35:45,265.93 M,5.12 G,0.00 B,768.00 B
2019-07-16 18:35:47,265.93 M,5.12 G,0.00 B,1.72 K
2019-07-16 18:35:49,265.93 M,5.12 G,0.00 B,900.00 B
2019-07-16 18:35:51,265.94 M,5.12 G,9.81 K,515.30 K
2019-07-16 18:35:53,265.94 M,5.12 G,42.00 B,564.00 B
2019-07-16 18:35:55,265.94 M,5.12 G,0.00 B,756.00 B
2019-07-16 18:35:57,265.94 M,5.12 G,0.00 B,1.35 K
2019-07-16 18:35:59,265.94 M,5.12 G,0.00 B,804.00 B
2019-07-16 18:36:01,265.95 M,5.12 G,0.00 B,13.93 K
2019-07-16 18:36:03,265.95 M,5.12 G,0.00 B,1.01 K
2019-07-16 18:36:05,265.95 M,5.12 G,0.00 B,912.00 B
2019-07-16 18:36:07,265.95 M,5.12 G,0.00 B,1.27 K
2019-07-16 18:36:09,265.96 M,5.12 G,8.90 K,514.18 K
2019-07-16 18:36:11,265.96 M,5.12 G,0.00 B,1.24 K
2019-07-16 18:36:13,265.96 M,5.12 G,0.00 B,1.34 K
2019-07-16 18:36:15,265.96 M,5.12 G,0.00 B,324.00 B
2019-07-16 18:36:17,265.96 M,5.12 G,0.00 B,504.00 B
2019-07-16 18:36:19,265.97 M,5.12 G,0.00 B,1.05 K
2019-07-16 18:36:21,265.97 M,5.12 G,0.00 B,384.00 B
2019-07-16 18:36:23,265.97 M,5.12 G,0.00 B,768.00 B
2019-07-16 18:36:25,265.97 M,5.12 G,84.00 B,444.00 B
2019-07-16 18:36:27,265.98 M,5.12 G,7.71 K,499.73 K
2019-07-16 18:36:29,265.98 M,5.12 G,0.00 B,336.00 B
2019-07-16 18:36:31,265.98 M,5.12 G,0.00 B,276.00 B
2019-07-16 18:36:33,265.98 M,5.12 G,0.00 B,972.00 B
2019-07-16 18:36:35,265.98 M,5.12 G,396.00 B,2.82 K
2019-07-16 18:36:37,265.99 M,5.12 G,0.00 B,816.00 B
2019-07-16 18:36:39,265.99 M,5.12 G,0.00 B,1.16 K
2019-07-16 18:36:41,265.99 M,5.12 G,0.00 B,1.02 K
2019-07-16 18:36:43,265.99 M,5.12 G,0.00 B,876.00 B
2019-07-16 18:36:45,266.00 M,5.12 G,5.61 K,358.96 K
2019-07-16 18:36:47,266.00 M,5.12 G,0.00 B,288.00 B
2019-07-16 18:36:49,266.00 M,5.12 G,0.00 B,336.00 B
2019-07-16 18:36:51,266.00 M,5.12 G,0.00 B,180.00 B
2019-07-16 18:36:53,266.00 M,5.12 G,2.26 K,93.92 K
2019-07-16 18:36:55,266.00 M,5.12 G,42.00 B,768.00 B
2019-07-16 18:36:57,266.00 M,5.12 G,0.00 B,108.00 B
2019-07-16 18:36:59,266.00 M,5.12 G,0.00 B,1.05 K
2019-07-16 18:37:01,266.00 M,5.12 G,0.00 B,12.86 K
2019-07-16 18:37:03,266.01 M,5.12 G,2.45 K,64.68 K
2019-07-16 18:37:05,266.01 M,5.12 G,0.00 B,708.00 B
2019-07-16 18:37:07,266.01 M,5.12 G,0.00 B,708.00 B
2019-07-16 18:37:09,266.01 M,5.12 G,0.00 B,660.00 B
2019-07-16 18:37:11,266.02 M,5.12 G,8.90 K,516.65 K
2019-07-16 18:37:13,266.02 M,5.12 G,0.00 B,816.00 B
2019-07-16 18:37:15,266.03 M,5.12 G,4.55 K,5.28 K
2019-07-16 18:37:17,266.03 M,5.12 G,0.00 B,816.00 B
2019-07-16 18:37:19,266.03 M,5.12 G,0.00 B,552.00 B
2019-07-16 18:37:21,266.04 M,5.12 G,2.36 K,41.40 K
2019-07-16 18:37:23,266.04 M,5.12 G,0.00 B,276.00 B
2019-07-16 18:37:25,266.04 M,5.12 G,0.00 B,1.28 K
2019-07-16 18:37:27,266.04 M,5.12 G,42.00 B,552.00 B
2019-07-16 18:37:29,266.04 M,5.12 G,5.80 K,321.58 K
2019-07-16 18:37:31,266.05 M,5.12 G,0.00 B,1.12 K
2019-07-16 18:37:33,266.05 M,5.12 G,0.00 B,780.00 B
2019-07-16 18:37:35,266.05 M,5.12 G,0.00 B,552.00 B
2019-07-16 18:37:38,266.05 M,5.12 G,0.00 B,816.00 B
2019-07-16 18:37:40,266.05 M,5.12 G,5.37 K,316.66 K
2019-07-16 18:37:42,266.05 M,5.12 G,50.00 B,612.00 B
2019-07-16 18:37:44,266.06 M,5.12 G,3.12 K,8.69 K
2019-07-16 18:37:46,266.06 M,5.12 G,0.00 B,972.00 B
2019-07-16 18:37:48,266.06 M,5.12 G,4.45 K,258.92 K
2019-07-16 18:37:50,266.07 M,5.12 G,0.00 B,756.00 B
2019-07-16 18:37:52,266.07 M,5.12 G,0.00 B,432.00 B
2019-07-16 18:37:54,266.07 M,5.12 G,0.00 B,756.00 B
2019-07-16 18:37:56,266.07 M,5.12 G,0.00 B,336.00 B
2019-07-16 18:37:58,266.08 M,5.12 G,5.54 K,326.81 K
2019-07-16 18:38:00,266.08 M,5.12 G,0.00 B,1.17 K
2019-07-16 18:38:02,266.08 M,5.12 G,0.00 B,756.00 B
2019-07-16 18:38:04,266.08 M,5.12 G,0.00 B,708.00 B
2019-07-16 18:38:06,266.08 M,5.12 G,0.00 B,432.00 B
2019-07-16 18:38:08,266.08 M,5.12 G,0.00 B,972.00 B
2019-07-16 18:38:10,266.08 M,5.12 G,0.00 B,1.11 K
2019-07-16 18:38:12,266.08 M,5.12 G,0.00 B,936.00 B
2019-07-16 18:38:14,266.08 M,5.12 G,0.00 B,816.00 B
2019-07-16 18:38:16,266.09 M,5.12 G,8.45 K,512.16 K
2019-07-16 18:38:18,266.09 M,5.12 G,0.00 B,336.00 B
2019-07-16 18:38:20,266.09 M,5.12 G,0.00 B,768.00 B
2019-07-16 18:38:22,266.09 M,5.12 G,0.00 B,1.08 K
2019-07-16 18:38:24,266.09 M,5.12 G,0.00 B,168.00 B
2019-07-16 18:38:26,266.10 M,5.13 G,42.00 B,1.38 K
2019-07-16 18:38:28,266.10 M,5.13 G,42.00 B,228.00 B
2019-07-16 18:38:30,266.10 M,5.13 G,0.00 B,384.00 B
2019-07-16 18:38:32,266.10 M,5.13 G,0.00 B,660.00 B
2019-07-16 18:38:34,266.11 M,5.13 G,8.89 K,511.76 K
2019-07-16 18:38:36,266.11 M,5.13 G,0.00 B,1.35 K
2019-07-16 18:38:38,266.11 M,5.13 G,0.00 B,780.00 B
2019-07-16 18:38:40,266.11 M,5.13 G,0.00 B,1.32 K
2019-07-16 18:38:42,266.11 M,5.13 G,0.00 B,1.08 K
2019-07-16 18:38:44,266.12 M,5.13 G,0.00 B,648.00 B
2019-07-16 18:38:46,266.12 M,5.13 G,0.00 B,1.22 K
2019-07-16 18:38:48,266.12 M,5.13 G,0.00 B,540.00 B
2019-07-16 18:38:50,266.12 M,5.13 G,0.00 B,564.00 B
2019-07-16 18:38:52,266.12 M,5.13 G,4.64 K,263.35 K
2019-07-16 18:38:54,266.13 M,5.13 G,0.00 B,228.00 B
2019-07-16 18:38:56,266.13 M,5.13 G,0.00 B,384.00 B
2019-07-16 18:38:58,266.13 M,5.13 G,42.00 B,1.02 K
2019-07-16 18:39:00,266.13 M,5.13 G,0.00 B,540.00 B
2019-07-16 18:39:02,266.14 M,5.13 G,6.59 K,401.24 K
2019-07-16 18:39:04,266.14 M,5.13 G,0.00 B,648.00 B
2019-07-16 18:39:06,266.14 M,5.13 G,0.00 B,1.01 K
2019-07-16 18:39:08,266.14 M,5.13 G,0.00 B,1.22 K
2019-07-16 18:39:10,266.14 M,5.13 G,0.00 B,648.00 B
2019-07-16 18:39:12,266.15 M,5.13 G,0.00 B,924.00 B
2019-07-16 18:39:14,266.15 M,5.13 G,0.00 B,996.00 B
2019-07-16 18:39:16,266.15 M,5.13 G,0.00 B,444.00 B
2019-07-16 18:39:18,266.15 M,5.13 G,0.00 B,924.00 B
2019-07-16 18:39:20,266.16 M,5.13 G,8.78 K,510.50 K
2019-07-16 18:39:22,266.16 M,5.13 G,0.00 B,612.00 B
2019-07-16 18:39:24,266.16 M,5.13 G,204.00 B,1.35 K
2019-07-16 18:39:26,266.16 M,5.13 G,0.00 B,432.00 B
2019-07-16 18:39:28,266.16 M,5.13 G,0.00 B,492.00 B
2019-07-16 18:39:30,266.16 M,5.13 G,42.00 B,924.00 B
2019-07-16 18:39:32,266.16 M,5.13 G,0.00 B,708.00 B
2019-07-16 18:39:34,266.16 M,5.13 G,0.00 B,648.00 B
2019-07-16 18:39:36,266.16 M,5.13 G,0.00 B,1.28 K
2019-07-16 18:39:38,266.17 M,5.13 G,9.41 K,516.56 K
2019-07-16 18:39:40,266.17 M,5.13 G,0.00 B,924.00 B
2019-07-16 18:39:42,266.17 M,5.13 G,0.00 B,1.09 K
2019-07-16 18:39:44,266.17 M,5.13 G,0.00 B,600.00 B
2019-07-16 18:39:46,266.17 M,5.13 G,0.00 B,720.00 B
2019-07-16 18:39:48,266.18 M,5.13 G,5.04 K,313.92 K
2019-07-16 18:39:50,266.18 M,5.13 G,0.00 B,768.00 B
2019-07-16 18:39:52,266.18 M,5.13 G,0.00 B,288.00 B
2019-07-16 18:39:54,266.18 M,5.13 G,0.00 B,816.00 B
2019-07-16 18:39:56,266.18 M,5.13 G,0.00 B,816.00 B
2019-07-16 18:39:58,266.19 M,5.13 G,42.00 B,720.00 B
2019-07-16 18:40:00,266.19 M,5.13 G,0.00 B,564.00 B
2019-07-16 18:40:02,266.19 M,5.13 G,54.00 B,432.00 B
2019-07-16 18:40:04,266.19 M,5.13 G,0.00 B,600.00 B
2019-07-16 18:40:06,266.20 M,5.13 G,10.32 K,518.29 K
2019-07-16 18:40:08,266.20 M,5.13 G,0.00 B,600.00 B
2019-07-16 18:40:10,266.20 M,5.13 G,54.00 B,540.00 B
2019-07-16 18:40:12,266.20 M,5.13 G,0.00 B,756.00 B
2019-07-16 18:40:14,266.20 M,5.13 G,0.00 B,720.00 B
2019-07-16 18:40:16,266.21 M,5.13 G,1.56 K,1.06 K
2019-07-16 18:40:18,266.21 M,5.13 G,0.00 B,648.00 B
2019-07-16 18:40:20,266.21 M,5.13 G,54.00 B,444.00 B
2019-07-16 18:40:22,266.21 M,5.13 G,0.00 B,984.00 B
2019-07-16 18:40:24,266.21 M,5.13 G,0.00 B,648.00 B
2019-07-16 18:40:26,266.22 M,5.13 G,76.00 B,780.00 B
2019-07-16 18:40:28,266.22 M,5.13 G,0.00 B,1.02 K
2019-07-16 18:40:30,266.22 M,5.13 G,0.00 B,936.00 B
2019-07-16 18:40:32,266.22 M,5.13 G,0.00 B,816.00 B
2019-07-16 18:40:34,266.23 M,5.13 G,9.21 K,512.19 K
2019-07-16 18:40:37,266.23 M,5.13 G,0.00 B,864.00 B
2019-07-16 18:40:39,266.23 M,5.13 G,0.00 B,660.00 B
2019-07-16 18:40:41,266.23 M,5.13 G,0.00 B,1.49 K
2019-07-16 18:40:43,266.23 M,5.13 G,0.00 B,660.00 B
2019-07-16 18:40:45,266.24 M,5.13 G,7.31 K,487.77 K
2019-07-16 18:40:47,266.24 M,5.13 G,0.00 B,600.00 B
2019-07-16 18:40:49,266.24 M,5.13 G,0.00 B,600.00 B
2019-07-16 18:40:51,266.24 M,5.13 G,0.00 B,780.00 B
2019-07-16 18:40:53,266.24 M,5.13 G,0.00 B,384.00 B
2019-07-16 18:40:55,266.25 M,5.13 G,0.00 B,876.00 B
2019-07-16 18:40:57,266.25 M,5.13 G,0.00 B,876.00 B
2019-07-16 18:40:59,266.25 M,5.13 G,0.00 B,600.00 B
2019-07-16 18:41:01,266.25 M,5.13 G,42.00 B,660.00 B
2019-07-16 18:41:03,266.26 M,5.13 G,6.45 K,469.79 K
2019-07-16 18:41:05,266.26 M,5.13 G,0.00 B,864.00 B
2019-07-16 18:41:07,266.26 M,5.13 G,0.00 B,648.00 B
2019-07-16 18:41:09,266.26 M,5.13 G,0.00 B,1.12 K
2019-07-16 18:41:11,266.26 M,5.13 G,0.00 B,708.00 B
2019-07-16 18:41:13,266.27 M,5.13 G,8.93 K,515.50 K
2019-07-16 18:41:15,266.27 M,5.13 G,0.00 B,924.00 B
2019-07-16 18:41:17,266.27 M,5.13 G,0.00 B,600.00 B
2019-07-16 18:41:19,266.27 M,5.13 G,0.00 B,504.00 B
2019-07-16 18:41:21,266.27 M,5.13 G,0.00 B,708.00 B
2019-07-16 18:41:23,266.27 M,5.13 G,3.42 K,165.06 K
2019-07-16 18:41:25,266.27 M,5.13 G,0.00 B,864.00 B
2019-07-16 18:41:27,266.27 M,5.13 G,0.00 B,732.00 B
2019-07-16 18:41:29,266.27 M,5.13 G,0.00 B,984.00 B
2019-07-16 18:41:31,266.27 M,5.13 G,0.00 B,924.00 B
2019-07-16 18:41:33,266.28 M,5.14 G,84.00 B,780.00 B
2019-07-16 18:41:35,266.28 M,5.14 G,0.00 B,1.05 K
2019-07-16 18:41:37,266.28 M,5.14 G,0.00 B,864.00 B
2019-07-16 18:41:39,266.28 M,5.14 G,0.00 B,600.00 B
2019-07-16 18:41:41,266.29 M,5.14 G,4.00 K,265.11 K
2019-07-16 18:41:43,266.29 M,5.14 G,0.00 B,324.00 B
2019-07-16 18:41:45,266.29 M,5.14 G,0.00 B,336.00 B
2019-07-16 18:41:47,266.29 M,5.14 G,0.00 B,444.00 B
2019-07-16 18:41:49,266.29 M,5.14 G,0.00 B,1.02 K
2019-07-16 18:41:51,266.30 M,5.14 G,9.25 K,511.18 K
2019-07-16 18:41:53,266.30 M,5.14 G,0.00 B,816.00 B
2019-07-16 18:41:55,266.30 M,5.14 G,0.00 B,984.00 B
2019-07-16 18:41:57,266.30 M,5.14 G,0.00 B,540.00 B
2019-07-16 18:41:59,266.30 M,5.14 G,0.00 B,324.00 B
2019-07-16 18:42:01,266.31 M,5.14 G,3.22 K,143.89 K
2019-07-16 18:42:03,266.31 M,5.14 G,42.00 B,1.18 K
2019-07-16 18:42:05,266.31 M,5.14 G,0.00 B,660.00 B
2019-07-16 18:42:07,266.31 M,5.14 G,0.00 B,504.00 B
2019-07-16 18:42:09,266.31 M,5.14 G,0.00 B,999.00 B
2019-07-16 18:42:11,266.32 M,5.14 G,0.00 B,324.00 B
2019-07-16 18:42:13,266.32 M,5.14 G,0.00 B,924.00 B
2019-07-16 18:42:15,266.32 M,5.14 G,0.00 B,720.00 B
2019-07-16 18:42:17,266.32 M,5.14 G,0.00 B,504.00 B
2019-07-16 18:42:19,266.32 M,5.14 G,0.00 B,216.00 B
2019-07-16 18:42:21,266.33 M,5.14 G,0.00 B,1.07 K
2019-07-16 18:42:23,266.33 M,5.14 G,0.00 B,1.07 K
2019-07-16 18:42:25,266.33 M,5.14 G,0.00 B,1.34 K
2019-07-16 18:42:27,266.33 M,5.14 G,0.00 B,747.00 B
2019-07-16 18:42:29,266.34 M,5.14 G,9.83 K,514.93 K
2019-07-16 18:42:31,266.34 M,5.14 G,0.00 B,432.00 B
2019-07-16 18:42:33,266.34 M,5.14 G,0.00 B,915.00 B
2019-07-16 18:42:35,266.34 M,5.14 G,0.00 B,972.00 B
2019-07-16 18:42:37,266.34 M,5.14 G,0.00 B,708.00 B
2019-07-16 18:42:39,266.35 M,5.14 G,4.83 K,279.46 K
2019-07-16 18:42:41,266.35 M,5.14 G,0.00 B,1.02 K
2019-07-16 18:42:43,266.35 M,5.14 G,0.00 B,648.00 B
2019-07-16 18:42:45,266.35 M,5.14 G,0.00 B,612.00 B
2019-07-16 18:42:47,266.35 M,5.14 G,0.00 B,768.00 B
2019-07-16 18:42:49,266.36 M,5.14 G,1.58 K,1.27 K
2019-07-16 18:42:51,266.36 M,5.14 G,0.00 B,324.00 B
2019-07-16 18:42:53,266.36 M,5.14 G,0.00 B,492.00 B
2019-07-16 18:42:55,266.36 M,5.14 G,0.00 B,492.00 B
2019-07-16 18:42:57,266.36 M,5.14 G,0.00 B,324.00 B
2019-07-16 18:42:59,266.36 M,5.14 G,0.00 B,1.30 K
2019-07-16 18:43:01,266.36 M,5.14 G,0.00 B,13.22 K
2019-07-16 18:43:03,266.36 M,5.14 G,42.00 B,552.00 B
2019-07-16 18:43:05,266.36 M,5.14 G,0.00 B,1.30 K
2019-07-16 18:43:07,266.37 M,5.14 G,5.35 K,337.47 K
2019-07-16 18:43:09,266.37 M,5.14 G,0.00 B,396.00 B
2019-07-16 18:43:11,266.37 M,5.14 G,0.00 B,519.00 B
2019-07-16 18:43:13,266.37 M,5.14 G,0.00 B,864.00 B
2019-07-16 18:43:15,266.37 M,5.14 G,0.00 B,1.07 K
2019-07-16 18:43:17,266.38 M,5.14 G,9.05 K,522.07 K
2019-07-16 18:43:19,266.38 M,5.14 G,0.00 B,540.00 B
2019-07-16 18:43:21,266.38 M,5.14 G,0.00 B,891.00 B
2019-07-16 18:43:23,266.38 M,5.14 G,0.00 B,612.00 B
2019-07-16 18:43:25,266.38 M,5.14 G,0.00 B,660.00 B
2019-07-16 18:43:27,266.39 M,5.14 G,8.97 K,517.89 K
2019-07-16 18:43:29,266.39 M,5.14 G,0.00 B,1.51 K
2019-07-16 18:43:32,266.39 M,5.14 G,0.00 B,1.71 K
2019-07-16 18:43:34,266.39 M,5.14 G,0.00 B,1.05 K
2019-07-16 18:43:36,266.39 M,5.14 G,84.00 B,795.00 B
2019-07-16 18:43:38,266.40 M,5.14 G,7.98 K,493.38 K
2019-07-16 18:43:40,266.40 M,5.14 G,0.00 B,600.00 B
2019-07-16 18:43:42,266.40 M,5.14 G,0.00 B,396.00 B
2019-07-16 18:43:44,266.40 M,5.14 G,0.00 B,843.00 B
2019-07-16 18:43:46,266.40 M,5.14 G,0.00 B,492.00 B
2019-07-16 18:43:48,266.41 M,5.14 G,0.00 B,924.00 B
2019-07-16 18:43:50,266.41 M,5.14 G,0.00 B,228.00 B
2019-07-16 18:43:52,266.41 M,5.14 G,0.00 B,876.00 B
2019-07-16 18:43:54,266.41 M,5.14 G,0.00 B,504.00 B
2019-07-16 18:43:56,266.41 M,5.14 G,0.00 B,1.03 K
2019-07-16 18:43:58,266.42 M,5.14 G,0.00 B,648.00 B
2019-07-16 18:44:00,266.42 M,5.14 G,0.00 B,1.17 K
2019-07-16 18:44:02,266.42 M,5.14 G,193.00 B,9.72 K
2019-07-16 18:44:04,266.42 M,5.14 G,0.00 B,1.22 K
2019-07-16 18:44:06,266.43 M,5.14 G,5.00 K,311.77 K
2019-07-16 18:44:08,266.43 M,5.14 G,0.00 B,456.00 B
2019-07-16 18:44:10,266.43 M,5.14 G,0.00 B,600.00 B
2019-07-16 18:44:12,266.43 M,5.14 G,0.00 B,384.00 B
2019-07-16 18:44:14,266.43 M,5.14 G,0.00 B,1.01 K
2019-07-16 18:44:16,266.44 M,5.14 G,9.47 K,511.51 K
2019-07-16 18:44:18,266.44 M,5.14 G,0.00 B,324.00 B
2019-07-16 18:44:20,266.44 M,5.14 G,0.00 B,1.18 K
2019-07-16 18:44:22,266.44 M,5.14 G,0.00 B,540.00 B
2019-07-16 18:44:24,266.44 M,5.14 G,0.00 B,795.00 B
2019-07-16 18:44:26,266.45 M,5.14 G,9.76 K,513.55 K
2019-07-16 18:44:28,266.45 M,5.14 G,0.00 B,1.31 K
2019-07-16 18:44:30,266.45 M,5.14 G,0.00 B,660.00 B
2019-07-16 18:44:32,266.45 M,5.14 G,204.00 B,1.19 K
2019-07-16 18:44:34,266.45 M,5.14 G,42.00 B,228.00 B
2019-07-16 18:44:36,266.46 M,5.14 G,3.37 K,134.40 K
2019-07-16 18:44:38,266.46 M,5.14 G,0.00 B,708.00 B
2019-07-16 18:44:40,266.46 M,5.14 G,0.00 B,492.00 B
2019-07-16 18:44:42,266.46 M,5.14 G,0.00 B,444.00 B
2019-07-16 18:44:44,266.46 M,5.14 G,0.00 B,1.01 K
2019-07-16 18:44:46,266.47 M,5.15 G,0.00 B,936.00 B
2019-07-16 18:44:48,266.47 M,5.15 G,0.00 B,504.00 B
2019-07-16 18:44:50,266.47 M,5.15 G,0.00 B,816.00 B
2019-07-16 18:44:52,266.47 M,5.15 G,0.00 B,828.00 B
2019-07-16 18:44:54,266.47 M,5.15 G,0.00 B,876.00 B
2019-07-16 18:44:56,266.48 M,5.15 G,0.00 B,1.17 K
2019-07-16 18:44:58,266.48 M,5.15 G,0.00 B,648.00 B
2019-07-16 18:45:00,266.48 M,5.15 G,0.00 B,720.00 B
2019-07-16 18:45:02,266.48 M,5.15 G,0.00 B,3.22 K
2019-07-16 18:45:04,266.48 M,5.15 G,0.00 B,924.00 B
2019-07-16 18:45:06,266.48 M,5.15 G,0.00 B,708.00 B
2019-07-16 18:45:08,266.48 M,5.15 G,0.00 B,600.00 B
2019-07-16 18:45:10,266.48 M,5.15 G,0.00 B,432.00 B
2019-07-16 18:45:12,266.48 M,5.15 G,0.00 B,1.17 K
2019-07-16 18:45:14,266.49 M,5.15 G,8.91 K,511.23 K
2019-07-16 18:45:16,266.50 M,5.15 G,3.00 K,4.07 K
2019-07-16 18:45:18,266.50 M,5.15 G,0.00 B,648.00 B
2019-07-16 18:45:20,266.50 M,5.15 G,0.00 B,876.00 B
2019-07-16 18:45:22,266.50 M,5.15 G,42.00 B,1.29 K
2019-07-16 18:45:24,266.51 M,5.15 G,8.97 K,515.00 K
2019-07-16 18:45:26,266.51 M,5.15 G,0.00 B,816.00 B
2019-07-16 18:45:28,266.51 M,5.15 G,0.00 B,816.00 B
2019-07-16 18:45:30,266.51 M,5.15 G,0.00 B,1.50 K
2019-07-16 18:45:32,266.51 M,5.15 G,0.00 B,648.00 B
2019-07-16 18:45:34,266.52 M,5.15 G,9.02 K,510.66 K
2019-07-16 18:45:36,266.52 M,5.15 G,0.00 B,1.04 K
2019-07-16 18:45:38,266.52 M,5.15 G,84.00 B,840.00 B
2019-07-16 18:45:40,266.52 M,5.15 G,0.00 B,396.00 B
2019-07-16 18:45:42,266.52 M,5.15 G,0.00 B,228.00 B
2019-07-16 18:45:44,266.53 M,5.15 G,5.18 K,323.24 K
2019-07-16 18:45:46,266.53 M,5.15 G,0.00 B,276.00 B
2019-07-16 18:45:48,266.53 M,5.15 G,0.00 B,540.00 B
2019-07-16 18:45:50,266.53 M,5.15 G,0.00 B,756.00 B
2019-07-16 18:45:52,266.53 M,5.15 G,0.00 B,648.00 B
2019-07-16 18:45:54,266.54 M,5.15 G,0.00 B,1.11 K
2019-07-16 18:45:56,266.54 M,5.15 G,0.00 B,756.00 B
2019-07-16 18:45:58,266.54 M,5.15 G,0.00 B,600.00 B
2019-07-16 18:46:00,266.54 M,5.15 G,0.00 B,972.00 B
2019-07-16 18:46:02,266.54 M,5.15 G,0.00 B,972.00 B
2019-07-16 18:46:04,266.55 M,5.15 G,0.00 B,600.00 B
2019-07-16 18:46:06,266.55 M,5.15 G,0.00 B,1.01 K
2019-07-16 18:46:08,266.55 M,5.15 G,42.00 B,276.00 B
2019-07-16 18:46:10,266.55 M,5.15 G,0.00 B,660.00 B
2019-07-16 18:46:12,266.55 M,5.15 G,0.00 B,600.00 B
2019-07-16 18:46:14,266.56 M,5.15 G,0.00 B,432.00 B
2019-07-16 18:46:16,266.56 M,5.15 G,0.00 B,972.00 B
2019-07-16 18:46:18,266.56 M,5.15 G,0.00 B,324.00 B
2019-07-16 18:46:20,266.56 M,5.15 G,0.00 B,1.11 K
2019-07-16 18:46:22,266.56 M,5.15 G,0.00 B,816.00 B
2019-07-16 18:46:24,266.57 M,5.15 G,0.00 B,1.07 K
2019-07-16 18:46:26,266.57 M,5.15 G,0.00 B,648.00 B
2019-07-16 18:46:29,266.57 M,5.15 G,0.00 B,276.00 B
2019-07-16 18:46:31,266.57 M,5.15 G,0.00 B,540.00 B
2019-07-16 18:46:33,266.57 M,5.15 G,0.00 B,540.00 B
2019-07-16 18:46:35,266.57 M,5.15 G,204.00 B,954.00 B
2019-07-16 18:46:37,266.57 M,5.15 G,0.00 B,600.00 B
2019-07-16 18:46:39,266.57 M,5.15 G,0.00 B,924.00 B
2019-07-16 18:46:41,266.57 M,5.15 G,0.00 B,324.00 B
2019-07-16 18:46:43,266.57 M,5.15 G,0.00 B,432.00 B
2019-07-16 18:46:45,266.58 M,5.15 G,0.00 B,660.00 B
2019-07-16 18:46:47,266.58 M,5.15 G,0.00 B,1.11 K
2019-07-16 18:46:49,266.58 M,5.15 G,0.00 B,384.00 B
2019-07-16 18:46:51,266.58 M,5.15 G,0.00 B,492.00 B
2019-07-16 18:46:53,266.58 M,5.15 G,0.00 B,1.01 K
2019-07-16 18:46:55,266.59 M,5.15 G,0.00 B,708.00 B
2019-07-16 18:46:57,266.59 M,5.15 G,0.00 B,216.00 B
2019-07-16 18:46:59,266.59 M,5.15 G,0.00 B,816.00 B
2019-07-16 18:47:01,266.59 M,5.15 G,0.00 B,13.28 K
2019-07-16 18:47:03,266.59 M,5.15 G,0.00 B,756.00 B
2019-07-16 18:47:05,266.60 M,5.15 G,0.00 B,432.00 B
2019-07-16 18:47:07,266.60 M,5.15 G,0.00 B,687.00 B
2019-07-16 18:47:09,266.60 M,5.15 G,0.00 B,864.00 B
2019-07-16 18:47:11,266.60 M,5.15 G,0.00 B,492.00 B
2019-07-16 18:47:13,266.60 M,5.15 G,0.00 B,444.00 B
2019-07-16 18:47:15,266.61 M,5.15 G,4.55 K,5.58 K
2019-07-16 18:47:17,266.61 M,5.15 G,0.00 B,504.00 B
2019-07-16 18:47:19,266.61 M,5.15 G,0.00 B,816.00 B
2019-07-16 18:47:21,266.61 M,5.15 G,0.00 B,876.00 B
2019-07-16 18:47:23,266.61 M,5.15 G,0.00 B,1.02 K
2019-07-16 18:47:25,266.62 M,5.15 G,0.00 B,936.00 B
2019-07-16 18:47:27,266.62 M,5.15 G,0.00 B,780.00 B
2019-07-16 18:47:29,266.62 M,5.15 G,0.00 B,1.39 K
2019-07-16 18:47:31,266.62 M,5.15 G,0.00 B,903.00 B
2019-07-16 18:47:33,266.62 M,5.15 G,0.00 B,536.00 B
2019-07-16 18:47:35,266.63 M,5.15 G,0.00 B,432.00 B
2019-07-16 18:47:37,266.63 M,5.15 G,0.00 B,492.00 B
2019-07-16 18:47:39,266.63 M,5.15 G,42.00 B,444.00 B
2019-07-16 18:47:41,266.63 M,5.15 G,84.00 B,876.00 B
2019-07-16 18:47:43,266.63 M,5.15 G,1.48 K,28.64 K
2019-07-16 18:47:45,266.64 M,5.15 G,0.00 B,708.00 B
2019-07-16 18:47:47,266.64 M,5.15 G,0.00 B,876.00 B
2019-07-16 18:47:49,266.64 M,5.15 G,0.00 B,324.00 B
2019-07-16 18:47:51,266.64 M,5.15 G,0.00 B,1.01 K
2019-07-16 18:47:53,266.64 M,5.15 G,0.00 B,972.00 B
2019-07-16 18:47:55,266.65 M,5.15 G,0.00 B,648.00 B
2019-07-16 18:47:57,266.65 M,5.15 G,0.00 B,648.00 B
2019-07-16 18:47:59,266.65 M,5.15 G,0.00 B,720.00 B
2019-07-16 18:48:01,266.65 M,5.15 G,0.00 B,6.14 K
2019-07-16 18:48:03,266.65 M,5.15 G,0.00 B,924.00 B
2019-07-16 18:48:05,266.66 M,5.16 G,0.00 B,168.00 B
2019-07-16 18:48:07,266.66 M,5.16 G,0.00 B,864.00 B
2019-07-16 18:48:09,266.66 M,5.16 G,0.00 B,660.00 B
2019-07-16 18:48:11,266.66 M,5.16 G,0.00 B,336.00 B
2019-07-16 18:48:13,266.66 M,5.16 G,0.00 B,816.00 B
2019-07-16 18:48:15,266.67 M,5.16 G,0.00 B,660.00 B
2019-07-16 18:48:17,266.67 M,5.16 G,0.00 B,816.00 B
2019-07-16 18:48:19,266.67 M,5.16 G,0.00 B,864.00 B
2019-07-16 18:48:21,266.67 M,5.16 G,0.00 B,984.00 B
2019-07-16 18:48:23,266.67 M,5.16 G,0.00 B,888.00 B
2019-07-16 18:48:25,266.68 M,5.16 G,0.00 B,600.00 B
2019-07-16 18:48:27,266.68 M,5.16 G,0.00 B,1.28 K
2019-07-16 18:48:29,266.68 M,5.16 G,0.00 B,540.00 B
2019-07-16 18:48:31,266.68 M,5.16 G,0.00 B,780.00 B
2019-07-16 18:48:33,266.68 M,5.16 G,0.00 B,708.00 B
2019-07-16 18:48:35,266.68 M,5.16 G,3.31 K,125.83 K
2019-07-16 18:48:37,266.68 M,5.16 G,204.00 B,354.00 B
2019-07-16 18:48:39,266.68 M,5.16 G,42.00 B,1.23 K
2019-07-16 18:48:41,266.68 M,5.16 G,0.00 B,288.00 B
2019-07-16 18:48:43,266.68 M,5.16 G,42.00 B,600.00 B
2019-07-16 18:48:45,266.69 M,5.16 G,6.39 K,393.95 K
2019-07-16 18:48:47,266.69 M,5.16 G,0.00 B,1.18 K
2019-07-16 18:48:49,266.69 M,5.16 G,0.00 B,972.00 B
2019-07-16 18:48:51,266.69 M,5.16 G,0.00 B,816.00 B
2019-07-16 18:48:53,266.69 M,5.16 G,0.00 B,1.65 K
2019-07-16 18:48:55,266.70 M,5.16 G,9.04 K,515.09 K
2019-07-16 18:48:57,266.70 M,5.16 G,0.00 B,756.00 B
2019-07-16 18:48:59,266.70 M,5.16 G,0.00 B,864.00 B
2019-07-16 18:49:01,266.71 M,5.16 G,2.70 K,18.26 K
2019-07-16 18:49:03,266.71 M,5.16 G,0.00 B,432.00 B
2019-07-16 18:49:05,266.71 M,5.16 G,9.50 K,512.61 K
2019-07-16 18:49:07,266.71 M,5.16 G,0.00 B,1.12 K
2019-07-16 18:49:09,266.71 M,5.16 G,0.00 B,444.00 B
2019-07-16 18:49:11,266.71 M,5.16 G,0.00 B,1.34 K
2019-07-16 18:49:13,266.71 M,5.16 G,0.00 B,1.02 K
2019-07-16 18:49:15,266.72 M,5.16 G,8.90 K,513.24 K
2019-07-16 18:49:17,266.72 M,5.16 G,0.00 B,648.00 B
2019-07-16 18:49:19,266.72 M,5.16 G,0.00 B,816.00 B
2019-07-16 18:49:21,266.72 M,5.16 G,0.00 B,648.00 B
2019-07-16 18:49:23,266.72 M,5.16 G,0.00 B,708.00 B
2019-07-16 18:49:26,266.73 M,5.16 G,9.75 K,511.50 K
2019-07-16 18:49:28,266.73 M,5.16 G,0.00 B,600.00 B
2019-07-16 18:49:30,266.73 M,5.16 G,0.00 B,648.00 B
2019-07-16 18:49:32,266.73 M,5.16 G,0.00 B,540.00 B
2019-07-16 18:49:34,266.73 M,5.16 G,0.00 B,432.00 B
2019-07-16 18:49:36,266.74 M,5.16 G,9.13 K,512.95 K
2019-07-16 18:49:38,266.74 M,5.16 G,0.00 B,1.17 K
2019-07-16 18:49:40,266.74 M,5.16 G,0.00 B,1.44 K
2019-07-16 18:49:42,266.74 M,5.16 G,42.00 B,780.00 B
2019-07-16 18:49:44,266.74 M,5.16 G,42.00 B,708.00 B
2019-07-16 18:49:46,266.74 M,5.16 G,0.00 B,864.00 B
2019-07-16 18:49:48,266.75 M,5.16 G,0.00 B,648.00 B
2019-07-16 18:49:50,266.75 M,5.16 G,0.00 B,816.00 B
2019-07-16 18:49:52,266.75 M,5.16 G,0.00 B,876.00 B
2019-07-16 18:49:54,266.75 M,5.16 G,0.00 B,936.00 B
2019-07-16 18:49:56,266.75 M,5.16 G,0.00 B,864.00 B
2019-07-16 18:49:58,266.76 M,5.16 G,0.00 B,540.00 B
2019-07-16 18:50:00,266.76 M,5.16 G,0.00 B,660.00 B
2019-07-16 18:50:02,266.76 M,5.16 G,108.00 B,540.00 B
2019-07-16 18:50:04,266.76 M,5.16 G,0.00 B,540.00 B
2019-07-16 18:50:06,266.76 M,5.16 G,138.00 B,1.02 K
2019-07-16 18:50:08,266.77 M,5.16 G,0.00 B,228.00 B
2019-07-16 18:50:10,266.77 M,5.16 G,0.00 B,972.00 B
2019-07-16 18:50:12,266.77 M,5.16 G,0.00 B,768.00 B
2019-07-16 18:50:14,266.77 M,5.16 G,0.00 B,1.02 K
2019-07-16 18:50:16,266.77 M,5.16 G,0.00 B,600.00 B
2019-07-16 18:50:18,266.78 M,5.16 G,8.12 K,416.09 K
2019-07-16 18:50:20,266.78 M,5.16 G,54.00 B,324.00 B
2019-07-16 18:50:22,266.78 M,5.16 G,0.00 B,1.32 K
2019-07-16 18:50:24,266.78 M,5.16 G,0.00 B,756.00 B
2019-07-16 18:50:26,266.78 M,5.16 G,0.00 B,324.00 B
2019-07-16 18:50:28,266.79 M,5.16 G,9.81 K,516.26 K
2019-07-16 18:50:30,266.79 M,5.16 G,0.00 B,768.00 B
2019-07-16 18:50:32,266.79 M,5.16 G,0.00 B,1.11 K
2019-07-16 18:50:34,266.79 M,5.16 G,0.00 B,168.00 B
2019-07-16 18:50:36,266.79 M,5.16 G,0.00 B,816.00 B
2019-07-16 18:50:38,266.80 M,5.16 G,9.51 K,526.69 K
2019-07-16 18:50:40,266.80 M,5.16 G,204.00 B,678.00 B
2019-07-16 18:50:42,266.80 M,5.16 G,0.00 B,1.04 K
2019-07-16 18:50:44,266.80 M,5.16 G,0.00 B,876.00 B
2019-07-16 18:50:46,266.80 M,5.16 G,42.00 B,708.00 B
2019-07-16 18:50:48,266.80 M,5.16 G,0.00 B,1.01 K
2019-07-16 18:50:50,266.81 M,5.16 G,0.00 B,816.00 B
2019-07-16 18:50:52,266.81 M,5.16 G,0.00 B,492.00 B
2019-07-16 18:50:54,266.81 M,5.16 G,0.00 B,1.12 K
2019-07-16 18:50:56,266.81 M,5.16 G,0.00 B,612.00 B
2019-07-16 18:50:58,266.81 M,5.16 G,0.00 B,600.00 B
2019-07-16 18:51:00,266.82 M,5.16 G,0.00 B,648.00 B
2019-07-16 18:51:02,266.82 M,5.16 G,0.00 B,612.00 B
2019-07-16 18:51:04,266.82 M,5.16 G,0.00 B,756.00 B
2019-07-16 18:51:06,266.82 M,5.16 G,0.00 B,324.00 B
2019-07-16 18:51:08,266.82 M,5.16 G,0.00 B,612.00 B
2019-07-16 18:51:10,266.83 M,5.16 G,4.03 K,208.68 K
2019-07-16 18:51:12,266.83 M,5.16 G,0.00 B,756.00 B
2019-07-16 18:51:14,266.83 M,5.16 G,0.00 B,816.00 B
2019-07-16 18:51:16,266.83 M,5.16 G,0.00 B,1.22 K
2019-07-16 18:51:18,266.83 M,5.16 G,0.00 B,648.00 B
2019-07-16 18:51:20,266.84 M,5.16 G,8.77 K,512.74 K
2019-07-16 18:51:22,266.84 M,5.17 G,0.00 B,864.00 B
2019-07-16 18:51:24,266.84 M,5.17 G,0.00 B,384.00 B
2019-07-16 18:51:26,266.84 M,5.17 G,0.00 B,924.00 B
2019-07-16 18:51:28,266.84 M,5.17 G,0.00 B,324.00 B
2019-07-16 18:51:30,266.85 M,5.17 G,9.55 K,513.62 K
2019-07-16 18:51:32,266.85 M,5.17 G,0.00 B,660.00 B
2019-07-16 18:51:34,266.85 M,5.17 G,0.00 B,324.00 B
2019-07-16 18:51:36,266.85 M,5.17 G,0.00 B,924.00 B
2019-07-16 18:51:38,266.85 M,5.17 G,0.00 B,60.00 B
2019-07-16 18:51:40,266.85 M,5.17 G,0.00 B,768.00 B
2019-07-16 18:51:42,266.86 M,5.17 G,0.00 B,816.00 B
2019-07-16 18:51:44,266.86 M,5.17 G,0.00 B,864.00 B
2019-07-16 18:51:46,266.86 M,5.17 G,0.00 B,276.00 B
2019-07-16 18:51:48,266.86 M,5.17 G,0.00 B,756.00 B
2019-07-16 18:51:50,266.86 M,5.17 G,0.00 B,984.00 B
2019-07-16 18:51:52,266.86 M,5.17 G,0.00 B,600.00 B
2019-07-16 18:51:54,266.86 M,5.17 G,0.00 B,336.00 B
2019-07-16 18:51:56,266.86 M,5.17 G,0.00 B,600.00 B
2019-07-16 18:51:58,266.86 M,5.17 G,0.00 B,756.00 B
2019-07-16 18:52:00,266.86 M,5.17 G,0.00 B,384.00 B
2019-07-16 18:52:02,266.87 M,5.17 G,3.28 K,143.79 K
2019-07-16 18:52:04,266.87 M,5.17 G,0.00 B,384.00 B
2019-07-16 18:52:06,266.87 M,5.17 G,0.00 B,720.00 B
2019-07-16 18:52:08,266.87 M,5.17 G,0.00 B,1.01 K
2019-07-16 18:52:10,266.87 M,5.17 G,0.00 B,108.00 B
2019-07-16 18:52:12,266.88 M,5.17 G,8.92 K,516.07 K
2019-07-16 18:52:14,266.88 M,5.17 G,0.00 B,1.55 K
2019-07-16 18:52:16,266.88 M,5.17 G,42.00 B,228.00 B
2019-07-16 18:52:18,266.88 M,5.17 G,0.00 B,540.00 B
2019-07-16 18:52:20,266.88 M,5.17 G,0.00 B,1.34 K
2019-07-16 18:52:23,266.89 M,5.17 G,8.91 K,516.55 K
2019-07-16 18:52:25,266.89 M,5.17 G,0.00 B,924.00 B
2019-07-16 18:52:27,266.89 M,5.17 G,0.00 B,876.00 B
2019-07-16 18:52:29,266.89 M,5.17 G,0.00 B,1.01 K
2019-07-16 18:52:31,266.89 M,5.17 G,0.00 B,552.00 B
2019-07-16 18:52:33,266.89 M,5.17 G,0.00 B,675.00 B
2019-07-16 18:52:35,266.90 M,5.17 G,0.00 B,816.00 B
2019-07-16 18:52:37,266.90 M,5.17 G,0.00 B,600.00 B
2019-07-16 18:52:39,266.90 M,5.17 G,0.00 B,600.00 B
2019-07-16 18:52:41,266.90 M,5.17 G,0.00 B,1.39 K
2019-07-16 18:52:43,266.90 M,5.17 G,0.00 B,492.00 B
2019-07-16 18:52:45,266.91 M,5.17 G,3.31 K,139.36 K
2019-07-16 18:52:47,266.91 M,5.17 G,0.00 B,1.71 K
2019-07-16 18:52:49,266.91 M,5.17 G,84.00 B,1.03 K
2019-07-16 18:52:51,266.91 M,5.17 G,0.00 B,492.00 B
2019-07-16 18:52:53,266.91 M,5.17 G,0.00 B,1.11 K
2019-07-16 18:52:55,266.92 M,5.17 G,8.64 K,509.17 K
2019-07-16 18:52:57,266.92 M,5.17 G,0.00 B,648.00 B
2019-07-16 18:52:59,266.92 M,5.17 G,0.00 B,783.00 B
2019-07-16 18:53:01,266.92 M,5.17 G,0.00 B,552.00 B
2019-07-16 18:53:03,266.92 M,5.17 G,0.00 B,1.02 K
2019-07-16 18:53:05,266.93 M,5.17 G,8.71 K,512.81 K
2019-07-16 18:53:07,266.93 M,5.17 G,0.00 B,660.00 B
2019-07-16 18:53:09,266.93 M,5.17 G,0.00 B,1.05 K
2019-07-16 18:53:11,266.93 M,5.17 G,0.00 B,168.00 B
2019-07-16 18:53:13,266.93 M,5.17 G,0.00 B,1.75 K
2019-07-16 18:53:15,266.93 M,5.17 G,0.00 B,876.00 B
2019-07-16 18:53:17,266.93 M,5.17 G,0.00 B,984.00 B
2019-07-16 18:53:19,266.93 M,5.17 G,42.00 B,1.01 K
2019-07-16 18:53:21,266.93 M,5.17 G,0.00 B,504.00 B
2019-07-16 18:53:23,266.93 M,5.17 G,0.00 B,816.00 B
2019-07-16 18:53:25,266.93 M,5.17 G,0.00 B,1.01 K
2019-07-16 18:53:27,266.94 M,5.17 G,0.00 B,612.00 B
2019-07-16 18:53:29,266.94 M,5.17 G,0.00 B,504.00 B
2019-07-16 18:53:31,266.94 M,5.17 G,0.00 B,600.00 B
2019-07-16 18:53:33,266.94 M,5.17 G,0.00 B,456.00 B
2019-07-16 18:53:35,266.94 M,5.17 G,0.00 B,1.07 K
2019-07-16 18:53:37,266.95 M,5.17 G,6.07 K,362.54 K
2019-07-16 18:53:39,266.95 M,5.17 G,0.00 B,1.22 K
2019-07-16 18:53:41,266.95 M,5.17 G,0.00 B,1.29 K
2019-07-16 18:53:43,266.95 M,5.17 G,0.00 B,876.00 B
2019-07-16 18:53:45,266.95 M,5.17 G,204.00 B,1.25 K
2019-07-16 18:53:47,266.96 M,5.17 G,9.49 K,510.10 K
2019-07-16 18:53:49,266.96 M,5.17 G,0.00 B,708.00 B
2019-07-16 18:53:51,266.96 M,5.17 G,0.00 B,984.00 B
2019-07-16 18:53:53,266.96 M,5.17 G,0.00 B,888.00 B
2019-07-16 18:53:55,266.96 M,5.17 G,0.00 B,816.00 B
2019-07-16 18:53:57,266.97 M,5.17 G,9.15 K,513.42 K
2019-07-16 18:53:59,266.97 M,5.17 G,0.00 B,564.00 B
2019-07-16 18:54:01,266.97 M,5.17 G,0.00 B,13.34 K
2019-07-16 18:54:03,266.97 M,5.17 G,0.00 B,720.00 B
2019-07-16 18:54:06,266.97 M,5.17 G,432.00 B,3.94 K
2019-07-16 18:54:08,266.98 M,5.17 G,193.00 B,1.28 K
2019-07-16 18:54:10,266.98 M,5.17 G,0.00 B,1.07 K
2019-07-16 18:54:12,266.98 M,5.17 G,0.00 B,660.00 B
2019-07-16 18:54:14,266.98 M,5.17 G,0.00 B,612.00 B
2019-07-16 18:54:16,266.98 M,5.17 G,0.00 B,660.00 B
2019-07-16 18:54:18,266.98 M,5.17 G,0.00 B,612.00 B
2019-07-16 18:54:20,266.98 M,5.17 G,0.00 B,924.00 B
2019-07-16 18:54:22,266.98 M,5.17 G,0.00 B,492.00 B
2019-07-16 18:54:24,266.99 M,5.17 G,0.00 B,936.00 B
2019-07-16 18:54:26,266.99 M,5.17 G,0.00 B,1.10 K
2019-07-16 18:54:28,266.99 M,5.17 G,0.00 B,348.00 B
2019-07-16 18:54:30,267.00 M,5.17 G,8.97 K,516.90 K
2019-07-16 18:54:32,267.00 M,5.17 G,0.00 B,708.00 B
2019-07-16 18:54:34,267.00 M,5.17 G,0.00 B,735.00 B
2019-07-16 18:54:36,267.00 M,5.17 G,0.00 B,1.20 K
2019-07-16 18:54:38,267.01 M,5.17 G,9.04 K,514.78 K
2019-07-16 18:54:40,267.01 M,5.17 G,0.00 B,855.00 B
2019-07-16 18:54:42,267.01 M,5.17 G,0.00 B,540.00 B
2019-07-16 18:54:44,267.01 M,5.17 G,0.00 B,540.00 B
2019-07-16 18:54:46,267.02 M,5.17 G,5.42 K,249.72 K
2019-07-16 18:54:48,267.02 M,5.17 G,42.00 B,720.00 B
2019-07-16 18:54:50,267.02 M,5.17 G,0.00 B,492.00 B
2019-07-16 18:54:52,267.02 M,5.17 G,0.00 B,843.00 B
2019-07-16 18:54:54,267.03 M,5.18 G,0.00 B,432.00 B
2019-07-16 18:54:56,267.03 M,5.18 G,0.00 B,951.00 B
2019-07-16 18:54:58,267.03 M,5.18 G,0.00 B,1.05 K
2019-07-16 18:55:00,267.03 M,5.18 G,0.00 B,1.08 K
2019-07-16 18:55:02,267.04 M,5.18 G,0.00 B,999.00 B
2019-07-16 18:55:04,267.04 M,5.18 G,0.00 B,1.07 K
2019-07-16 18:55:07,267.04 M,5.18 G,0.00 B,432.00 B
2019-07-16 18:55:09,267.04 M,5.18 G,1.93 K,67.44 K
2019-07-16 18:55:11,267.05 M,5.18 G,0.00 B,432.00 B
2019-07-16 18:55:13,267.05 M,5.18 G,0.00 B,687.00 B
2019-07-16 18:55:15,267.05 M,5.18 G,0.00 B,660.00 B
2019-07-16 18:55:17,267.06 M,5.18 G,8.66 K,524.26 K
2019-07-16 18:55:19,267.06 M,5.18 G,0.00 B,1.09 K
2019-07-16 18:55:21,267.06 M,5.18 G,0.00 B,276.00 B
2019-07-16 18:55:23,267.06 M,5.18 G,0.00 B,816.00 B
2019-07-16 18:55:25,267.07 M,5.18 G,9.26 K,521.69 K
2019-07-16 18:55:27,267.07 M,5.18 G,0.00 B,1.06 K
2019-07-16 18:55:29,267.07 M,5.18 G,0.00 B,384.00 B
2019-07-16 18:55:31,267.07 M,5.18 G,0.00 B,972.00 B
2019-07-16 18:55:33,267.07 M,5.18 G,8.33 K,518.40 K
2019-07-16 18:55:35,267.07 M,5.18 G,0.00 B,432.00 B
2019-07-16 18:55:37,267.07 M,5.18 G,0.00 B,1.38 K
2019-07-16 18:55:39,267.07 M,5.18 G,0.00 B,864.00 B
2019-07-16 18:55:41,267.08 M,5.18 G,0.00 B,432.00 B
2019-07-16 18:55:43,267.08 M,5.18 G,0.00 B,1.08 K
2019-07-16 18:55:45,267.08 M,5.18 G,0.00 B,1.44 K
2019-07-16 18:55:47,267.08 M,5.18 G,0.00 B,108.00 B
2019-07-16 18:55:49,267.09 M,5.18 G,0.00 B,168.00 B
2019-07-16 18:55:51,267.09 M,5.18 G,42.00 B,660.00 B
2019-07-16 18:55:53,267.09 M,5.18 G,84.00 B,1.65 K
2019-07-16 18:55:55,267.09 M,5.18 G,0.00 B,552.00 B
2019-07-16 18:55:57,267.10 M,5.18 G,0.00 B,828.00 B
2019-07-16 18:55:59,267.10 M,5.18 G,0.00 B,876.00 B
2019-07-16 18:56:01,267.10 M,5.18 G,0.00 B,9.89 K
2019-07-16 18:56:03,267.11 M,5.18 G,9.05 K,512.84 K
2019-07-16 18:56:05,267.11 M,5.18 G,0.00 B,1.08 K
2019-07-16 18:56:07,267.11 M,5.18 G,0.00 B,768.00 B
2019-07-16 18:56:09,267.11 M,5.18 G,0.00 B,648.00 B
2019-07-16 18:56:11,267.12 M,5.18 G,9.38 K,511.97 K
2019-07-16 18:56:13,267.12 M,5.18 G,0.00 B,1.09 K
2019-07-16 18:56:15,267.12 M,5.18 G,0.00 B,792.00 B
2019-07-16 18:56:17,267.12 M,5.18 G,0.00 B,384.00 B
2019-07-16 18:56:19,267.13 M,5.18 G,8.89 K,522.02 K
2019-07-16 18:56:21,267.13 M,5.18 G,0.00 B,780.00 B
2019-07-16 18:56:23,267.13 M,5.18 G,42.00 B,795.00 B
2019-07-16 18:56:25,267.13 M,5.18 G,0.00 B,876.00 B
2019-07-16 18:56:27,267.14 M,5.18 G,6.49 K,358.42 K
2019-07-16 18:56:29,267.14 M,5.18 G,0.00 B,876.00 B
2019-07-16 18:56:31,267.14 M,5.18 G,0.00 B,276.00 B
2019-07-16 18:56:33,267.14 M,5.18 G,0.00 B,864.00 B
2019-07-16 18:56:35,267.15 M,5.18 G,1.56 K,1.07 K
2019-07-16 18:56:37,267.15 M,5.18 G,0.00 B,1.02 K
2019-07-16 18:56:39,267.15 M,5.18 G,0.00 B,492.00 B
2019-07-16 18:56:41,267.15 M,5.18 G,0.00 B,924.00 B
2019-07-16 18:56:43,267.15 M,5.18 G,0.00 B,936.00 B
2019-07-16 18:56:45,267.15 M,5.18 G,0.00 B,444.00 B
2019-07-16 18:56:47,267.15 M,5.18 G,0.00 B,924.00 B
2019-07-16 18:56:49,267.15 M,5.18 G,204.00 B,1.29 K
2019-07-16 18:56:51,267.16 M,5.18 G,0.00 B,444.00 B
2019-07-16 18:56:53,267.16 M,5.18 G,0.00 B,324.00 B
2019-07-16 18:56:55,267.16 M,5.18 G,0.00 B,816.00 B
2019-07-16 18:56:57,267.16 M,5.18 G,0.00 B,708.00 B
2019-07-16 18:56:59,267.17 M,5.18 G,0.00 B,864.00 B
2019-07-16 18:57:01,267.17 M,5.18 G,0.00 B,13.22 K
2019-07-16 18:57:03,267.17 M,5.18 G,0.00 B,492.00 B
2019-07-16 18:57:05,267.17 M,5.18 G,0.00 B,816.00 B
2019-07-16 18:57:07,267.18 M,5.18 G,0.00 B,708.00 B
2019-07-16 18:57:09,267.18 M,5.18 G,0.00 B,1.07 K
2019-07-16 18:57:11,267.18 M,5.18 G,0.00 B,1.12 K
2019-07-16 18:57:13,267.18 M,5.18 G,2.96 K,81.66 K
2019-07-16 18:57:15,267.19 M,5.18 G,4.68 K,4.74 K
2019-07-16 18:57:17,267.19 M,5.18 G,0.00 B,432.00 B
2019-07-16 18:57:19,267.19 M,5.18 G,0.00 B,1.08 K
2019-07-16 18:57:21,267.20 M,5.18 G,6.12 K,454.09 K
2019-07-16 18:57:23,267.20 M,5.18 G,42.00 B,828.00 B
2019-07-16 18:57:25,267.20 M,5.18 G,0.00 B,648.00 B
2019-07-16 18:57:27,267.20 M,5.18 G,0.00 B,1.17 K
2019-07-16 18:57:29,267.21 M,5.19 G,9.08 K,511.68 K
2019-07-16 18:57:31,267.21 M,5.19 G,0.00 B,324.00 B
2019-07-16 18:57:33,267.21 M,5.19 G,0.00 B,1.16 K
2019-07-16 18:57:35,267.21 M,5.19 G,0.00 B,672.00 B
2019-07-16 18:57:37,267.22 M,5.19 G,8.84 K,515.12 K
2019-07-16 18:57:39,267.22 M,5.19 G,0.00 B,924.00 B
2019-07-16 18:57:41,267.22 M,5.19 G,0.00 B,828.00 B
2019-07-16 18:57:43,267.22 M,5.19 G,0.00 B,600.00 B
2019-07-16 18:57:45,267.23 M,5.19 G,8.92 K,510.28 K
2019-07-16 18:57:47,267.23 M,5.19 G,0.00 B,1.11 K
2019-07-16 18:57:49,267.23 M,5.19 G,0.00 B,708.00 B
2019-07-16 18:57:51,267.23 M,5.19 G,0.00 B,768.00 B
2019-07-16 18:57:53,267.24 M,5.19 G,8.95 K,511.67 K
2019-07-16 18:57:55,267.24 M,5.19 G,84.00 B,564.00 B
2019-07-16 18:57:57,267.24 M,5.19 G,0.00 B,900.00 B
2019-07-16 18:57:59,267.24 M,5.19 G,0.00 B,1.23 K
2019-07-16 18:58:01,267.25 M,5.19 G,9.12 K,529.66 K
2019-07-16 18:58:04,267.25 M,5.19 G,0.00 B,492.00 B
2019-07-16 18:58:06,267.25 M,5.19 G,0.00 B,648.00 B
2019-07-16 18:58:08,267.25 M,5.19 G,0.00 B,876.00 B
2019-07-16 18:58:10,267.26 M,5.19 G,5.22 K,315.26 K
2019-07-16 18:58:12,267.26 M,5.19 G,0.00 B,612.00 B
2019-07-16 18:58:14,267.26 M,5.19 G,0.00 B,168.00 B
2019-07-16 18:58:16,267.26 M,5.19 G,0.00 B,768.00 B
2019-07-16 18:58:18,267.26 M,5.19 G,1.64 K,1.23 K
2019-07-16 18:58:20,267.26 M,5.19 G,0.00 B,216.00 B
2019-07-16 18:58:22,267.26 M,5.19 G,0.00 B,768.00 B
2019-07-16 18:58:24,267.26 M,5.19 G,0.00 B,600.00 B
2019-07-16 18:58:26,267.27 M,5.19 G,42.00 B,1.23 K
2019-07-16 18:58:28,267.27 M,5.19 G,0.00 B,432.00 B
2019-07-16 18:58:30,267.27 M,5.19 G,0.00 B,276.00 B
2019-07-16 18:58:32,267.27 M,5.19 G,0.00 B,1.32 K
2019-07-16 18:58:34,267.28 M,5.19 G,1.57 K,1.06 K
2019-07-16 18:58:36,267.28 M,5.19 G,0.00 B,876.00 B
2019-07-16 18:58:38,267.28 M,5.19 G,0.00 B,384.00 B
2019-07-16 18:58:40,267.28 M,5.19 G,0.00 B,864.00 B
2019-07-16 18:58:42,267.29 M,5.19 G,1.54 K,1.03 K
2019-07-16 18:58:44,267.29 M,5.19 G,0.00 B,444.00 B
2019-07-16 18:58:46,267.29 M,5.19 G,0.00 B,1.44 K
2019-07-16 18:58:48,267.29 M,5.19 G,0.00 B,876.00 B
2019-07-16 18:58:50,267.30 M,5.19 G,0.00 B,276.00 B
2019-07-16 18:58:52,267.30 M,5.19 G,204.00 B,1.04 K
2019-07-16 18:58:54,267.30 M,5.19 G,0.00 B,888.00 B
2019-07-16 18:58:56,267.30 M,5.19 G,0.00 B,540.00 B
2019-07-16 18:58:58,267.31 M,5.19 G,0.00 B,972.00 B
2019-07-16 18:59:00,267.31 M,5.19 G,0.00 B,660.00 B
2019-07-16 18:59:02,267.31 M,5.19 G,0.00 B,12.59 K
2019-07-16 18:59:04,267.31 M,5.19 G,0.00 B,336.00 B
2019-07-16 18:59:06,267.32 M,5.19 G,0.00 B,1.46 K
2019-07-16 18:59:08,267.32 M,5.19 G,2.70 K,6.65 K
2019-07-16 18:59:10,267.32 M,5.19 G,0.00 B,552.00 B
2019-07-16 18:59:12,267.32 M,5.19 G,0.00 B,492.00 B
2019-07-16 18:59:14,267.33 M,5.19 G,0.00 B,1.02 K
2019-07-16 18:59:16,267.33 M,5.19 G,0.00 B,660.00 B
2019-07-16 18:59:18,267.33 M,5.19 G,0.00 B,600.00 B
2019-07-16 18:59:20,267.33 M,5.19 G,0.00 B,756.00 B
2019-07-16 18:59:22,267.34 M,5.19 G,0.00 B,660.00 B
2019-07-16 18:59:24,267.34 M,5.19 G,0.00 B,1.16 K
2019-07-16 18:59:26,267.34 M,5.19 G,42.00 B,444.00 B
2019-07-16 18:59:28,267.34 M,5.19 G,0.00 B,660.00 B
2019-07-16 18:59:30,267.35 M,5.19 G,0.00 B,648.00 B
2019-07-16 18:59:32,267.35 M,5.19 G,0.00 B,1.11 K
2019-07-16 18:59:34,267.35 M,5.19 G,0.00 B,396.00 B
2019-07-16 18:59:36,267.35 M,5.19 G,0.00 B,984.00 B
2019-07-16 18:59:38,267.36 M,5.19 G,3.11 K,132.30 K
2019-07-16 18:59:40,267.36 M,5.19 G,0.00 B,384.00 B
2019-07-16 18:59:42,267.36 M,5.19 G,0.00 B,456.00 B
2019-07-16 18:59:44,267.36 M,5.19 G,0.00 B,1.08 K
2019-07-16 18:59:46,267.37 M,5.19 G,2.33 K,58.51 K
2019-07-16 18:59:48,267.37 M,5.19 G,0.00 B,828.00 B
2019-07-16 18:59:50,267.37 M,5.19 G,0.00 B,1.12 K
2019-07-16 18:59:52,267.37 M,5.19 G,0.00 B,444.00 B
2019-07-16 18:59:54,267.37 M,5.19 G,3.75 K,186.41 K
2019-07-16 18:59:56,267.37 M,5.19 G,0.00 B,984.00 B
2019-07-16 18:59:58,267.37 M,5.19 G,42.00 B,1.11 K
2019-07-16 19:00:00,267.37 M,5.19 G,0.00 B,972.00 B
2019-07-16 19:00:02,267.38 M,5.19 G,3.99 K,208.69 K
2019-07-16 19:00:04,267.38 M,5.19 G,0.00 B,1.28 K
2019-07-16 19:00:06,267.38 M,5.19 G,84.00 B,876.00 B
2019-07-16 19:00:08,267.38 M,5.19 G,0.00 B,384.00 B
2019-07-16 19:00:10,267.39 M,5.20 G,8.78 K,519.70 K
2019-07-16 19:00:12,267.39 M,5.20 G,0.00 B,816.00 B
2019-07-16 19:00:14,267.39 M,5.20 G,0.00 B,816.00 B
2019-07-16 19:00:16,267.39 M,5.20 G,0.00 B,708.00 B
2019-07-16 19:00:18,267.41 M,5.20 G,19.95 K,886.66 K
2019-07-16 19:00:20,267.41 M,5.20 G,54.00 B,504.00 B
2019-07-16 19:00:22,267.41 M,5.20 G,0.00 B,600.00 B
2019-07-16 19:00:24,267.41 M,5.20 G,0.00 B,648.00 B
2019-07-16 19:00:26,267.42 M,5.20 G,6.65 K,335.80 K
2019-07-16 19:00:28,267.42 M,5.20 G,0.00 B,876.00 B
2019-07-16 19:00:30,267.42 M,5.20 G,0.00 B,1.18 K
2019-07-16 19:00:32,267.42 M,5.20 G,0.00 B,492.00 B
2019-07-16 19:00:34,267.42 M,5.20 G,0.00 B,108.00 B
2019-07-16 19:00:36,267.43 M,5.20 G,0.00 B,708.00 B
2019-07-16 19:00:38,267.43 M,5.20 G,0.00 B,600.00 B
2019-07-16 19:00:40,267.43 M,5.20 G,0.00 B,552.00 B
2019-07-16 19:00:42,267.43 M,5.20 G,0.00 B,660.00 B
2019-07-16 19:00:44,267.44 M,5.20 G,0.00 B,1.30 K
2019-07-16 19:00:46,267.44 M,5.20 G,0.00 B,720.00 B
2019-07-16 19:00:48,267.44 M,5.20 G,0.00 B,984.00 B
2019-07-16 19:00:50,267.44 M,5.20 G,0.00 B,768.00 B
2019-07-16 19:00:52,267.45 M,5.20 G,0.00 B,756.00 B
2019-07-16 19:00:54,267.45 M,5.20 G,204.00 B,678.00 B
2019-07-16 19:00:56,267.45 M,5.20 G,42.00 B,1.12 K
2019-07-16 19:00:58,267.45 M,5.20 G,0.00 B,864.00 B
2019-07-16 19:01:00,267.46 M,5.20 G,42.00 B,444.00 B
2019-07-16 19:01:02,267.46 M,5.20 G,0.00 B,1.38 K
2019-07-16 19:01:05,267.46 M,5.20 G,0.00 B,708.00 B
2019-07-16 19:01:07,267.46 M,5.20 G,0.00 B,168.00 B
2019-07-16 19:01:09,267.47 M,5.20 G,0.00 B,567.00 B
2019-07-16 19:01:11,267.47 M,5.20 G,0.00 B,600.00 B
2019-07-16 19:01:13,267.47 M,5.20 G,0.00 B,756.00 B
2019-07-16 19:01:15,267.47 M,5.20 G,0.00 B,1.16 K
2019-07-16 19:01:17,267.47 M,5.20 G,0.00 B,756.00 B
2019-07-16 19:01:19,267.47 M,5.20 G,0.00 B,384.00 B
2019-07-16 19:01:21,267.47 M,5.20 G,0.00 B,540.00 B
2019-07-16 19:01:23,267.47 M,5.20 G,0.00 B,864.00 B
2019-07-16 19:01:25,267.48 M,5.20 G,6.15 K,367.13 K
2019-07-16 19:01:27,267.48 M,5.20 G,0.00 B,924.00 B
2019-07-16 19:01:29,267.48 M,5.20 G,0.00 B,552.00 B
2019-07-16 19:01:31,267.48 M,5.20 G,0.00 B,876.00 B
2019-07-16 19:01:33,267.49 M,5.20 G,8.73 K,514.77 K
2019-07-16 19:01:35,267.49 M,5.20 G,0.00 B,660.00 B
2019-07-16 19:01:37,267.49 M,5.20 G,0.00 B,708.00 B
2019-07-16 19:01:39,267.49 M,5.20 G,0.00 B,768.00 B
2019-07-16 19:01:41,267.50 M,5.20 G,8.82 K,514.14 K
2019-07-16 19:01:43,267.50 M,5.20 G,0.00 B,492.00 B
2019-07-16 19:01:45,267.50 M,5.20 G,0.00 B,552.00 B
2019-07-16 19:01:47,267.50 M,5.20 G,0.00 B,756.00 B
2019-07-16 19:01:49,267.51 M,5.20 G,7.22 K,517.48 K
2019-07-16 19:01:51,267.51 M,5.20 G,0.00 B,600.00 B
2019-07-16 19:01:53,267.51 M,5.20 G,0.00 B,432.00 B
2019-07-16 19:01:55,267.51 M,5.20 G,0.00 B,1.03 K
2019-07-16 19:01:57,267.51 M,5.20 G,0.00 B,1.02 K
2019-07-16 19:01:59,267.52 M,5.20 G,42.00 B,1.03 K
2019-07-16 19:02:01,267.52 M,5.20 G,42.00 B,720.00 B
2019-07-16 19:02:03,267.52 M,5.20 G,0.00 B,1.11 K
2019-07-16 19:02:05,267.52 M,5.20 G,0.00 B,384.00 B
2019-07-16 19:02:07,267.53 M,5.20 G,2.09 K,25.44 K
2019-07-16 19:02:09,267.53 M,5.20 G,0.00 B,396.00 B
2019-07-16 19:02:11,267.53 M,5.20 G,0.00 B,816.00 B
2019-07-16 19:02:13,267.53 M,5.20 G,0.00 B,540.00 B
2019-07-16 19:02:15,267.54 M,5.20 G,8.38 K,508.86 K
2019-07-16 19:02:17,267.54 M,5.20 G,0.00 B,276.00 B
2019-07-16 19:02:19,267.54 M,5.20 G,0.00 B,1.22 K
2019-07-16 19:02:21,267.54 M,5.20 G,0.00 B,816.00 B
2019-07-16 19:02:23,267.54 M,5.20 G,9.55 K,515.56 K
2019-07-16 19:02:25,267.54 M,5.20 G,0.00 B,600.00 B
2019-07-16 19:02:27,267.54 M,5.20 G,0.00 B,324.00 B
2019-07-16 19:02:29,267.54 M,5.20 G,0.00 B,1.02 K
2019-07-16 19:02:31,267.55 M,5.20 G,3.71 K,180.17 K
2019-07-16 19:02:33,267.55 M,5.20 G,0.00 B,216.00 B
2019-07-16 19:02:35,267.55 M,5.20 G,0.00 B,324.00 B
2019-07-16 19:02:37,267.55 M,5.20 G,0.00 B,984.00 B
2019-07-16 19:02:39,267.55 M,5.20 G,0.00 B,816.00 B
2019-07-16 19:02:41,267.56 M,5.20 G,0.00 B,276.00 B
2019-07-16 19:02:43,267.56 M,5.20 G,0.00 B,1.11 K
2019-07-16 19:02:45,267.56 M,5.20 G,0.00 B,324.00 B
2019-07-16 19:02:47,267.56 M,5.20 G,0.00 B,648.00 B
2019-07-16 19:02:49,267.57 M,5.21 G,0.00 B,648.00 B
2019-07-16 19:02:51,267.57 M,5.21 G,0.00 B,936.00 B
2019-07-16 19:02:53,267.57 M,5.21 G,0.00 B,324.00 B
2019-07-16 19:02:55,267.57 M,5.21 G,0.00 B,1.48 K
2019-07-16 19:02:57,267.58 M,5.21 G,4.93 K,253.21 K
2019-07-16 19:02:59,267.58 M,5.21 G,0.00 B,864.00 B
2019-07-16 19:03:01,267.58 M,5.21 G,0.00 B,13.01 K
2019-07-16 19:03:03,267.58 M,5.21 G,84.00 B,612.00 B
2019-07-16 19:03:05,267.59 M,5.21 G,9.73 K,515.16 K
2019-07-16 19:03:07,267.59 M,5.21 G,0.00 B,540.00 B
2019-07-16 19:03:09,267.59 M,5.21 G,0.00 B,876.00 B
2019-07-16 19:03:11,267.59 M,5.21 G,0.00 B,780.00 B
2019-07-16 19:03:13,267.60 M,5.21 G,8.72 K,511.97 K
2019-07-16 19:03:15,267.60 M,5.21 G,0.00 B,924.00 B
2019-07-16 19:03:17,267.60 M,5.21 G,0.00 B,936.00 B
2019-07-16 19:03:19,267.60 M,5.21 G,0.00 B,828.00 B
2019-07-16 19:03:21,267.60 M,5.21 G,0.00 B,492.00 B
2019-07-16 19:03:23,267.61 M,5.21 G,0.00 B,648.00 B
2019-07-16 19:03:25,267.61 M,5.21 G,0.00 B,660.00 B
2019-07-16 19:03:27,267.61 M,5.21 G,0.00 B,780.00 B
2019-07-16 19:03:29,267.61 M,5.21 G,0.00 B,1.16 K
2019-07-16 19:03:31,267.62 M,5.21 G,0.00 B,336.00 B
2019-07-16 19:03:33,267.62 M,5.21 G,0.00 B,552.00 B
2019-07-16 19:03:35,267.62 M,5.21 G,0.00 B,276.00 B
2019-07-16 19:03:37,267.62 M,5.21 G,0.00 B,972.00 B
2019-07-16 19:03:39,267.63 M,5.21 G,8.76 K,512.48 K
2019-07-16 19:03:41,267.63 M,5.21 G,0.00 B,1.30 K
2019-07-16 19:03:43,267.63 M,5.21 G,0.00 B,1.11 K
2019-07-16 19:03:45,267.63 M,5.21 G,0.00 B,708.00 B
2019-07-16 19:03:47,267.63 M,5.21 G,9.05 K,514.12 K
2019-07-16 19:03:49,267.63 M,5.21 G,0.00 B,2.07 K
2019-07-16 19:03:51,267.63 M,5.21 G,0.00 B,708.00 B
2019-07-16 19:03:53,267.63 M,5.21 G,0.00 B,828.00 B
2019-07-16 19:03:55,267.64 M,5.21 G,1.93 K,66.64 K
2019-07-16 19:03:57,267.64 M,5.21 G,0.00 B,756.00 B
2019-07-16 19:03:59,267.64 M,5.21 G,204.00 B,630.00 B
2019-07-16 19:04:01,267.64 M,5.21 G,42.00 B,7.68 K
2019-07-16 19:04:04,267.64 M,5.21 G,0.00 B,504.00 B
2019-07-16 19:04:06,267.65 M,5.21 G,0.00 B,768.00 B
2019-07-16 19:04:08,267.65 M,5.21 G,0.00 B,648.00 B
2019-07-16 19:04:10,267.65 M,5.21 G,2.88 K,6.50 K
2019-07-16 19:04:12,267.65 M,5.21 G,0.00 B,864.00 B
2019-07-16 19:04:14,267.66 M,5.21 G,1.55 K,974.00 B
2019-07-16 19:04:16,267.66 M,5.21 G,0.00 B,828.00 B
2019-07-16 19:04:18,267.66 M,5.21 G,0.00 B,612.00 B
2019-07-16 19:04:20,267.66 M,5.21 G,0.00 B,540.00 B
2019-07-16 19:04:22,267.67 M,5.21 G,8.79 K,509.85 K
2019-07-16 19:04:24,267.67 M,5.21 G,0.00 B,816.00 B
2019-07-16 19:04:26,267.67 M,5.21 G,0.00 B,1.29 K
2019-07-16 19:04:28,267.67 M,5.21 G,0.00 B,1.04 K
2019-07-16 19:04:30,267.68 M,5.21 G,6.25 K,428.51 K
2019-07-16 19:04:32,267.68 M,5.21 G,0.00 B,384.00 B
2019-07-16 19:04:34,267.68 M,5.21 G,0.00 B,984.00 B
2019-07-16 19:04:36,267.68 M,5.21 G,0.00 B,1.24 K
2019-07-16 19:04:38,267.68 M,5.21 G,0.00 B,924.00 B
2019-07-16 19:04:40,267.69 M,5.21 G,0.00 B,540.00 B
2019-07-16 19:04:42,267.69 M,5.21 G,0.00 B,336.00 B
2019-07-16 19:04:44,267.69 M,5.21 G,0.00 B,276.00 B
2019-07-16 19:04:46,267.69 M,5.21 G,42.00 B,492.00 B
2019-07-16 19:04:48,267.70 M,5.21 G,2.98 K,115.86 K
2019-07-16 19:04:50,267.70 M,5.21 G,0.00 B,600.00 B
2019-07-16 19:04:52,267.70 M,5.21 G,0.00 B,648.00 B
2019-07-16 19:04:54,267.70 M,5.21 G,0.00 B,756.00 B
2019-07-16 19:04:56,267.71 M,5.21 G,8.87 K,512.55 K
2019-07-16 19:04:58,267.71 M,5.21 G,0.00 B,492.00 B
2019-07-16 19:05:00,267.71 M,5.21 G,0.00 B,396.00 B
2019-07-16 19:05:02,267.71 M,5.21 G,0.00 B,840.00 B
2019-07-16 19:05:04,267.71 M,5.21 G,4.06 K,231.07 K
2019-07-16 19:05:06,267.72 M,5.21 G,84.00 B,888.00 B
2019-07-16 19:05:08,267.72 M,5.21 G,0.00 B,660.00 B
2019-07-16 19:05:10,267.72 M,5.21 G,0.00 B,492.00 B
2019-07-16 19:05:12,267.72 M,5.21 G,0.00 B,936.00 B
2019-07-16 19:05:14,267.72 M,5.21 G,0.00 B,120.00 B
2019-07-16 19:05:16,267.72 M,5.21 G,0.00 B,972.00 B
2019-07-16 19:05:18,267.72 M,5.21 G,0.00 B,708.00 B
2019-07-16 19:05:20,267.72 M,5.21 G,0.00 B,216.00 B
2019-07-16 19:05:22,267.73 M,5.21 G,9.03 K,517.67 K
2019-07-16 19:05:24,267.73 M,5.21 G,0.00 B,648.00 B
2019-07-16 19:05:26,267.73 M,5.21 G,0.00 B,888.00 B
2019-07-16 19:05:28,267.73 M,5.21 G,0.00 B,600.00 B
2019-07-16 19:05:30,267.74 M,5.21 G,5.54 K,330.77 K
2019-07-16 19:05:32,267.74 M,5.21 G,0.00 B,324.00 B
2019-07-16 19:05:34,267.74 M,5.21 G,42.00 B,1.14 K
2019-07-16 19:05:36,267.74 M,5.21 G,0.00 B,600.00 B
2019-07-16 19:05:38,267.74 M,5.21 G,0.00 B,1.28 K
2019-07-16 19:05:40,267.75 M,5.22 G,0.00 B,768.00 B
2019-07-16 19:05:42,267.75 M,5.22 G,0.00 B,336.00 B
2019-07-16 19:05:44,267.75 M,5.22 G,0.00 B,1.02 K
2019-07-16 19:05:46,267.75 M,5.22 G,0.00 B,792.00 B
2019-07-16 19:05:48,267.76 M,5.22 G,8.97 K,514.68 K
2019-07-16 19:05:50,267.76 M,5.22 G,0.00 B,1.09 K
2019-07-16 19:05:52,267.76 M,5.22 G,0.00 B,996.00 B
2019-07-16 19:05:54,267.76 M,5.22 G,0.00 B,1.27 K
2019-07-16 19:05:56,267.76 M,5.22 G,48.00 B,10.27 K
2019-07-16 19:05:58,267.77 M,5.22 G,0.00 B,9.22 K
2019-07-16 19:06:00,267.77 M,5.22 G,0.00 B,600.00 B
2019-07-16 19:06:02,267.77 M,5.22 G,204.00 B,1.17 K
2019-07-16 19:06:04,267.77 M,5.22 G,0.00 B,792.00 B
2019-07-16 19:06:06,267.78 M,5.22 G,2.86 K,86.21 K
2019-07-16 19:06:08,267.78 M,5.22 G,0.00 B,1.25 K
2019-07-16 19:06:10,267.78 M,5.22 G,0.00 B,540.00 B
2019-07-16 19:06:12,267.78 M,5.22 G,0.00 B,432.00 B
2019-07-16 19:06:14,267.79 M,5.22 G,9.01 K,514.30 K
2019-07-16 19:06:16,267.79 M,5.22 G,0.00 B,1.01 K
2019-07-16 19:06:18,267.79 M,5.22 G,0.00 B,756.00 B
2019-07-16 19:06:20,267.79 M,5.22 G,0.00 B,708.00 B
2019-07-16 19:06:22,267.79 M,5.22 G,0.00 B,600.00 B
2019-07-16 19:06:24,267.80 M,5.22 G,0.00 B,648.00 B
2019-07-16 19:06:26,267.80 M,5.22 G,0.00 B,612.00 B
2019-07-16 19:06:28,267.80 M,5.22 G,0.00 B,708.00 B
2019-07-16 19:06:30,267.80 M,5.22 G,0.00 B,660.00 B
2019-07-16 19:06:32,267.80 M,5.22 G,8.83 K,522.36 K
2019-07-16 19:06:34,267.80 M,5.22 G,0.00 B,1.28 K
2019-07-16 19:06:36,267.80 M,5.22 G,0.00 B,492.00 B
2019-07-16 19:06:38,267.80 M,5.22 G,0.00 B,1.11 K
2019-07-16 19:06:40,267.80 M,5.22 G,0.00 B,816.00 B
2019-07-16 19:06:42,267.81 M,5.22 G,0.00 B,432.00 B
2019-07-16 19:06:44,267.81 M,5.22 G,0.00 B,972.00 B
2019-07-16 19:06:46,267.81 M,5.22 G,0.00 B,768.00 B
2019-07-16 19:06:48,267.81 M,5.22 G,0.00 B,951.00 B
2019-07-16 19:06:50,267.82 M,5.22 G,9.10 K,514.28 K
2019-07-16 19:06:52,267.82 M,5.22 G,0.00 B,1.30 K
2019-07-16 19:06:54,267.82 M,5.22 G,0.00 B,612.00 B
2019-07-16 19:06:56,267.82 M,5.22 G,0.00 B,432.00 B
2019-07-16 19:06:58,267.83 M,5.22 G,8.83 K,512.60 K
2019-07-16 19:07:01,267.83 M,5.22 G,0.00 B,735.00 B
2019-07-16 19:07:03,267.83 M,5.22 G,0.00 B,1.09 K
2019-07-16 19:07:05,267.83 M,5.22 G,0.00 B,1.41 K
2019-07-16 19:07:07,267.83 M,5.22 G,0.00 B,1.01 K
2019-07-16 19:07:09,267.84 M,5.22 G,84.00 B,579.00 B
2019-07-16 19:07:11,267.84 M,5.22 G,0.00 B,768.00 B
2019-07-16 19:07:13,267.84 M,5.22 G,0.00 B,951.00 B
2019-07-16 19:07:15,267.84 M,5.22 G,0.00 B,720.00 B
2019-07-16 19:07:17,267.85 M,5.22 G,9.07 K,515.01 K
2019-07-16 19:07:19,267.85 M,5.22 G,0.00 B,1.25 K
2019-07-16 19:07:21,267.85 M,5.22 G,0.00 B,567.00 B
2019-07-16 19:07:23,267.85 M,5.22 G,0.00 B,324.00 B
2019-07-16 19:07:25,267.85 M,5.22 G,0.00 B,735.00 B
2019-07-16 19:07:27,267.86 M,5.22 G,0.00 B,660.00 B
2019-07-16 19:07:29,267.86 M,5.22 G,0.00 B,168.00 B
2019-07-16 19:07:31,267.86 M,5.22 G,0.00 B,816.00 B
2019-07-16 19:07:33,267.86 M,5.22 G,0.00 B,1.17 K
2019-07-16 19:07:35,267.87 M,5.22 G,6.34 K,347.63 K
2019-07-16 19:07:37,267.87 M,5.22 G,0.00 B,1.05 K
2019-07-16 19:07:39,267.87 M,5.22 G,42.00 B,612.00 B
2019-07-16 19:07:41,267.87 M,5.22 G,0.00 B,1.18 K
2019-07-16 19:07:43,267.88 M,5.22 G,2.64 K,137.18 K
2019-07-16 19:07:45,267.88 M,5.22 G,0.00 B,675.00 B
2019-07-16 19:07:47,267.88 M,5.22 G,0.00 B,816.00 B
2019-07-16 19:07:49,267.88 M,5.22 G,0.00 B,816.00 B
2019-07-16 19:07:51,267.88 M,5.22 G,0.00 B,1.08 K
2019-07-16 19:07:53,267.89 M,5.22 G,3.05 K,118.75 K
2019-07-16 19:07:55,267.89 M,5.22 G,0.00 B,168.00 B
2019-07-16 19:07:57,267.89 M,5.22 G,0.00 B,492.00 B
2019-07-16 19:07:59,267.89 M,5.22 G,0.00 B,1.09 K
2019-07-16 19:08:01,267.89 M,5.22 G,4.51 K,282.19 K
2019-07-16 19:08:03,267.90 M,5.22 G,0.00 B,816.00 B
2019-07-16 19:08:05,267.90 M,5.22 G,204.00 B,1.25 K
2019-07-16 19:08:07,267.90 M,5.22 G,42.00 B,720.00 B
2019-07-16 19:08:09,267.90 M,5.22 G,0.00 B,828.00 B
2019-07-16 19:08:11,267.91 M,5.22 G,2.00 K,39.23 K
2019-07-16 19:08:13,267.91 M,5.22 G,0.00 B,708.00 B
2019-07-16 19:08:15,267.91 M,5.22 G,0.00 B,756.00 B
2019-07-16 19:08:17,267.91 M,5.22 G,0.00 B,816.00 B
2019-07-16 19:08:19,267.92 M,5.22 G,8.96 K,514.82 K
2019-07-16 19:08:21,267.92 M,5.22 G,0.00 B,1.22 K
2019-07-16 19:08:23,267.92 M,5.22 G,0.00 B,432.00 B
2019-07-16 19:08:25,267.92 M,5.22 G,0.00 B,672.00 B
2019-07-16 19:08:27,267.92 M,5.22 G,0.00 B,1.02 K
2019-07-16 19:08:29,267.93 M,5.22 G,2.07 K,36.01 K
2019-07-16 19:08:31,267.93 M,5.22 G,0.00 B,1.12 K
2019-07-16 19:08:33,267.93 M,5.22 G,0.00 B,888.00 B
2019-07-16 19:08:35,267.93 M,5.22 G,0.00 B,1.20 K
2019-07-16 19:08:37,267.93 M,5.23 G,9.15 K,513.04 K
2019-07-16 19:08:39,267.93 M,5.23 G,0.00 B,552.00 B
2019-07-16 19:08:41,267.93 M,5.23 G,0.00 B,948.00 B
2019-07-16 19:08:43,267.93 M,5.23 G,0.00 B,924.00 B
2019-07-16 19:08:45,267.93 M,5.23 G,0.00 B,492.00 B
2019-07-16 19:08:47,267.94 M,5.23 G,0.00 B,540.00 B
2019-07-16 19:08:49,267.94 M,5.23 G,0.00 B,660.00 B
2019-07-16 19:08:51,267.94 M,5.23 G,0.00 B,108.00 B
2019-07-16 19:08:53,267.94 M,5.23 G,0.00 B,1.01 K
2019-07-16 19:08:55,267.95 M,5.23 G,7.09 K,512.12 K
2019-07-16 19:08:57,267.95 M,5.23 G,0.00 B,816.00 B
2019-07-16 19:08:59,267.95 M,5.23 G,0.00 B,552.00 B
2019-07-16 19:09:01,267.95 M,5.23 G,0.00 B,4.03 K
2019-07-16 19:09:03,267.95 M,5.23 G,0.00 B,984.00 B
2019-07-16 19:09:05,267.96 M,5.23 G,4.02 K,206.63 K
2019-07-16 19:09:07,267.96 M,5.23 G,0.00 B,720.00 B
2019-07-16 19:09:09,267.96 M,5.23 G,2.64 K,6.55 K
2019-07-16 19:09:11,267.96 M,5.23 G,84.00 B,552.00 B
2019-07-16 19:09:13,267.97 M,5.23 G,6.90 K,485.33 K
2019-07-16 19:09:15,267.97 M,5.23 G,0.00 B,816.00 B
2019-07-16 19:09:17,267.97 M,5.23 G,0.00 B,336.00 B
2019-07-16 19:09:19,267.97 M,5.23 G,0.00 B,648.00 B
2019-07-16 19:09:21,267.97 M,5.23 G,193.00 B,741.00 B
2019-07-16 19:09:23,267.98 M,5.23 G,4.46 K,230.77 K
2019-07-16 19:09:25,267.98 M,5.23 G,0.00 B,828.00 B
2019-07-16 19:09:27,267.98 M,5.23 G,0.00 B,612.00 B
2019-07-16 19:09:29,267.98 M,5.23 G,0.00 B,600.00 B
2019-07-16 19:09:31,267.98 M,5.23 G,1.80 K,54.87 K
2019-07-16 19:09:33,267.99 M,5.23 G,0.00 B,1.22 K
2019-07-16 19:09:35,267.99 M,5.23 G,0.00 B,1.07 K
2019-07-16 19:09:37,267.99 M,5.23 G,0.00 B,324.00 B
2019-07-16 19:09:39,267.99 M,5.23 G,0.00 B,768.00 B
2019-07-16 19:09:41,268.00 M,5.23 G,9.74 K,514.22 K
2019-07-16 19:09:43,268.00 M,5.23 G,0.00 B,1.02 K
2019-07-16 19:09:45,268.00 M,5.23 G,0.00 B,768.00 B
2019-07-16 19:09:47,268.00 M,5.23 G,0.00 B,396.00 B
2019-07-16 19:09:49,268.00 M,5.23 G,0.00 B,432.00 B
2019-07-16 19:09:51,268.01 M,5.23 G,0.00 B,648.00 B
2019-07-16 19:09:53,268.01 M,5.23 G,0.00 B,876.00 B
2019-07-16 19:09:55,268.01 M,5.23 G,0.00 B,648.00 B
2019-07-16 19:09:58,268.01 M,5.23 G,0.00 B,540.00 B
2019-07-16 19:10:00,268.02 M,5.23 G,9.21 K,518.44 K
2019-07-16 19:10:02,268.02 M,5.23 G,108.00 B,6.54 K
2019-07-16 19:10:04,268.02 M,5.23 G,54.00 B,600.00 B
2019-07-16 19:10:06,268.02 M,5.23 G,96.00 B,1.23 K
2019-07-16 19:10:08,268.02 M,5.23 G,204.00 B,1.19 K
2019-07-16 19:10:10,268.03 M,5.23 G,0.00 B,432.00 B
2019-07-16 19:10:12,268.03 M,5.23 G,0.00 B,612.00 B
2019-07-16 19:10:14,268.03 M,5.23 G,0.00 B,1.17 K
2019-07-16 19:10:16,268.03 M,5.23 G,0.00 B,540.00 B
2019-07-16 19:10:18,268.03 M,5.23 G,2.71 K,142.91 K
2019-07-16 19:10:20,268.03 M,5.23 G,54.00 B,672.00 B
2019-07-16 19:10:22,268.03 M,5.23 G,0.00 B,228.00 B
2019-07-16 19:10:24,268.03 M,5.23 G,0.00 B,1.38 K
2019-07-16 19:10:26,268.03 M,5.23 G,0.00 B,828.00 B
2019-07-16 19:10:28,268.04 M,5.23 G,8.93 K,512.08 K
2019-07-16 19:10:30,268.04 M,5.23 G,0.00 B,552.00 B
2019-07-16 19:10:32,268.04 M,5.23 G,0.00 B,276.00 B
2019-07-16 19:10:34,268.04 M,5.23 G,0.00 B,864.00 B
2019-07-16 19:10:36,268.04 M,5.23 G,0.00 B,924.00 B
2019-07-16 19:10:38,268.05 M,5.23 G,0.00 B,660.00 B
2019-07-16 19:10:40,268.05 M,5.23 G,0.00 B,1.48 K
2019-07-16 19:10:42,268.05 M,5.23 G,0.00 B,936.00 B
2019-07-16 19:10:44,268.05 M,5.23 G,0.00 B,492.00 B
2019-07-16 19:10:46,268.06 M,5.23 G,8.97 K,515.91 K
2019-07-16 19:10:48,268.06 M,5.23 G,0.00 B,324.00 B
2019-07-16 19:10:50,268.06 M,5.23 G,0.00 B,756.00 B
2019-07-16 19:10:52,268.06 M,5.23 G,0.00 B,756.00 B
2019-07-16 19:10:54,268.06 M,5.23 G,0.00 B,708.00 B
2019-07-16 19:10:56,268.07 M,5.23 G,5.09 K,301.48 K
2019-07-16 19:10:58,268.07 M,5.23 G,0.00 B,648.00 B
2019-07-16 19:11:00,268.07 M,5.23 G,0.00 B,336.00 B
2019-07-16 19:11:02,268.07 M,5.23 G,0.00 B,1.17 K
2019-07-16 19:11:04,268.07 M,5.23 G,0.00 B,492.00 B
2019-07-16 19:11:06,268.08 M,5.23 G,0.00 B,924.00 B
2019-07-16 19:11:08,268.08 M,5.23 G,0.00 B,999.00 B
2019-07-16 19:11:10,268.08 M,5.23 G,0.00 B,432.00 B
2019-07-16 19:11:12,268.08 M,5.23 G,0.00 B,972.00 B
2019-07-16 19:11:14,268.09 M,5.23 G,9.20 K,517.59 K
2019-07-16 19:11:16,268.09 M,5.23 G,0.00 B,660.00 B
2019-07-16 19:11:18,268.09 M,5.23 G,0.00 B,444.00 B
2019-07-16 19:11:20,268.09 M,5.23 G,0.00 B,492.00 B
2019-07-16 19:11:22,268.09 M,5.23 G,0.00 B,1.11 K
2019-07-16 19:11:24,268.10 M,5.23 G,9.52 K,523.07 K
2019-07-16 19:11:26,268.10 M,5.23 G,0.00 B,1.12 K
2019-07-16 19:11:28,268.10 M,5.23 G,0.00 B,1.07 K
2019-07-16 19:11:30,268.10 M,5.23 G,0.00 B,384.00 B
2019-07-16 19:11:32,268.10 M,5.23 G,0.00 B,768.00 B
2019-07-16 19:11:34,268.11 M,5.23 G,0.00 B,864.00 B
2019-07-16 19:11:36,268.11 M,5.23 G,0.00 B,492.00 B
2019-07-16 19:11:38,268.11 M,5.23 G,0.00 B,432.00 B
2019-07-16 19:11:40,268.11 M,5.23 G,0.00 B,444.00 B
2019-07-16 19:11:42,268.11 M,5.24 G,6.12 K,437.94 K
2019-07-16 19:11:44,268.11 M,5.24 G,0.00 B,648.00 B
2019-07-16 19:11:46,268.11 M,5.24 G,0.00 B,492.00 B
2019-07-16 19:11:48,268.11 M,5.24 G,0.00 B,876.00 B
2019-07-16 19:11:50,268.11 M,5.24 G,0.00 B,288.00 B
2019-07-16 19:11:52,268.12 M,5.24 G,9.34 K,524.83 K
2019-07-16 19:11:54,268.12 M,5.24 G,0.00 B,816.00 B
2019-07-16 19:11:56,268.12 M,5.24 G,0.00 B,648.00 B
2019-07-16 19:11:58,268.12 M,5.24 G,0.00 B,864.00 B
2019-07-16 19:12:00,268.12 M,5.24 G,0.00 B,816.00 B
2019-07-16 19:12:02,268.13 M,5.24 G,0.00 B,1.07 K
2019-07-16 19:12:04,268.13 M,5.24 G,0.00 B,552.00 B
2019-07-16 19:12:06,268.13 M,5.24 G,0.00 B,540.00 B
2019-07-16 19:12:08,268.13 M,5.24 G,0.00 B,768.00 B
2019-07-16 19:12:10,268.13 M,5.24 G,204.00 B,1.11 K
2019-07-16 19:12:12,268.14 M,5.24 G,42.00 B,396.00 B
2019-07-16 19:12:14,268.14 M,5.24 G,0.00 B,1.18 K
2019-07-16 19:12:16,268.14 M,5.24 G,42.00 B,564.00 B
2019-07-16 19:12:18,268.14 M,5.24 G,0.00 B,492.00 B
2019-07-16 19:12:20,268.15 M,5.24 G,8.26 K,513.37 K
2019-07-16 19:12:22,268.15 M,5.24 G,0.00 B,324.00 B
2019-07-16 19:12:24,268.15 M,5.24 G,0.00 B,1.23 K
2019-07-16 19:12:26,268.15 M,5.24 G,0.00 B,756.00 B
2019-07-16 19:12:28,268.15 M,5.24 G,0.00 B,600.00 B
2019-07-16 19:12:30,268.16 M,5.24 G,0.00 B,816.00 B
2019-07-16 19:12:32,268.16 M,5.24 G,0.00 B,708.00 B
2019-07-16 19:12:34,268.16 M,5.24 G,0.00 B,552.00 B
2019-07-16 19:12:36,268.16 M,5.24 G,0.00 B,756.00 B
2019-07-16 19:12:38,268.16 M,5.24 G,0.00 B,600.00 B
2019-07-16 19:12:40,268.17 M,5.24 G,0.00 B,984.00 B
2019-07-16 19:12:42,268.17 M,5.24 G,0.00 B,324.00 B
2019-07-16 19:12:44,268.17 M,5.24 G,42.00 B,720.00 B
2019-07-16 19:12:46,268.17 M,5.24 G,0.00 B,432.00 B
2019-07-16 19:12:48,268.18 M,5.24 G,7.86 K,534.37 K
2019-07-16 19:12:50,268.18 M,5.24 G,0.00 B,1.32 K
2019-07-16 19:12:52,268.18 M,5.24 G,0.00 B,1.05 K
2019-07-16 19:12:55,268.18 M,5.24 G,0.00 B,384.00 B
2019-07-16 19:12:57,268.18 M,5.24 G,0.00 B,660.00 B
2019-07-16 19:12:59,268.19 M,5.24 G,9.10 K,513.07 K
2019-07-16 19:13:01,268.19 M,5.24 G,0.00 B,384.00 B
2019-07-16 19:13:03,268.19 M,5.24 G,0.00 B,1.01 K
2019-07-16 19:13:05,268.19 M,5.24 G,0.00 B,708.00 B
2019-07-16 19:13:07,268.19 M,5.24 G,0.00 B,648.00 B
2019-07-16 19:13:09,268.19 M,5.24 G,0.00 B,1.03 K
2019-07-16 19:13:11,268.19 M,5.24 G,0.00 B,708.00 B
2019-07-16 19:13:13,268.19 M,5.24 G,0.00 B,336.00 B
2019-07-16 19:13:15,268.19 M,5.24 G,42.00 B,228.00 B
2019-07-16 19:13:17,268.19 M,5.24 G,42.00 B,1.17 K
2019-07-16 19:13:19,268.20 M,5.24 G,0.00 B,228.00 B
2019-07-16 19:13:21,268.20 M,5.24 G,0.00 B,492.00 B
2019-07-16 19:13:23,268.20 M,5.24 G,0.00 B,1.07 K
2019-07-16 19:13:25,268.20 M,5.24 G,0.00 B,972.00 B
2019-07-16 19:13:27,268.21 M,5.24 G,9.29 K,514.54 K
2019-07-16 19:13:29,268.21 M,5.24 G,0.00 B,756.00 B
2019-07-16 19:13:31,268.21 M,5.24 G,0.00 B,660.00 B
2019-07-16 19:13:33,268.21 M,5.24 G,0.00 B,324.00 B
2019-07-16 19:13:35,268.21 M,5.24 G,0.00 B,768.00 B
2019-07-16 19:13:37,268.22 M,5.24 G,9.10 K,513.71 K
2019-07-16 19:13:39,268.22 M,5.24 G,0.00 B,1.17 K
2019-07-16 19:13:41,268.22 M,5.24 G,0.00 B,324.00 B
2019-07-16 19:13:43,268.22 M,5.24 G,0.00 B,552.00 B
2019-07-16 19:13:45,268.22 M,5.24 G,0.00 B,816.00 B
2019-07-16 19:13:47,268.23 M,5.24 G,42.00 B,600.00 B
2019-07-16 19:13:49,268.23 M,5.24 G,0.00 B,816.00 B
2019-07-16 19:13:51,268.23 M,5.24 G,0.00 B,1.18 K
2019-07-16 19:13:53,268.23 M,5.24 G,0.00 B,780.00 B
2019-07-16 19:13:55,268.23 M,5.24 G,0.00 B,1.02 K
2019-07-16 19:13:57,268.24 M,5.24 G,0.00 B,600.00 B
2019-07-16 19:13:59,268.24 M,5.24 G,0.00 B,324.00 B
2019-07-16 19:14:01,268.24 M,5.24 G,0.00 B,13.01 K
2019-07-16 19:14:03,268.24 M,5.24 G,0.00 B,552.00 B
2019-07-16 19:14:05,268.25 M,5.24 G,9.10 K,511.36 K
2019-07-16 19:14:07,268.25 M,5.24 G,0.00 B,984.00 B
2019-07-16 19:14:09,268.25 M,5.24 G,0.00 B,600.00 B
2019-07-16 19:14:11,268.25 M,5.24 G,0.00 B,816.00 B
2019-07-16 19:14:13,268.25 M,5.24 G,204.00 B,246.00 B
2019-07-16 19:14:15,268.26 M,5.24 G,8.90 K,512.73 K
2019-07-16 19:14:17,268.26 M,5.24 G,0.00 B,1.07 K
2019-07-16 19:14:19,268.26 M,5.24 G,84.00 B,1008.00 B
2019-07-16 19:14:21,268.26 M,5.24 G,0.00 B,1.28 K
2019-07-16 19:14:23,268.26 M,5.24 G,0.00 B,432.00 B
2019-07-16 19:14:25,268.27 M,5.24 G,3.95 K,204.16 K
2019-07-16 19:14:27,268.27 M,5.24 G,0.00 B,912.00 B
2019-07-16 19:14:29,268.27 M,5.24 G,0.00 B,1.11 K
2019-07-16 19:14:31,268.27 M,5.24 G,0.00 B,432.00 B
2019-07-16 19:14:33,268.27 M,5.24 G,0.00 B,1.22 K
2019-07-16 19:14:35,268.28 M,5.24 G,0.00 B,888.00 B
2019-07-16 19:14:37,268.28 M,5.24 G,0.00 B,1.08 K
2019-07-16 19:14:39,268.28 M,5.24 G,0.00 B,432.00 B
2019-07-16 19:14:41,268.28 M,5.24 G,0.00 B,708.00 B
2019-07-16 19:14:43,268.28 M,5.24 G,1.03 K,11.43 K
2019-07-16 19:14:45,268.29 M,5.24 G,0.00 B,600.00 B
2019-07-16 19:14:47,268.29 M,5.24 G,42.00 B,924.00 B
2019-07-16 19:14:49,268.29 M,5.24 G,0.00 B,540.00 B
2019-07-16 19:14:51,268.29 M,5.24 G,0.00 B,1.32 K
2019-07-16 19:14:53,268.30 M,5.25 G,8.64 K,516.65 K
2019-07-16 19:14:55,268.30 M,5.25 G,0.00 B,708.00 B
2019-07-16 19:14:57,268.30 M,5.25 G,0.00 B,552.00 B
2019-07-16 19:14:59,268.30 M,5.25 G,0.00 B,768.00 B
2019-07-16 19:15:01,268.30 M,5.25 G,0.00 B,13.44 K
2019-07-16 19:15:03,268.30 M,5.25 G,9.62 K,511.69 K
2019-07-16 19:15:05,268.30 M,5.25 G,0.00 B,816.00 B
2019-07-16 19:15:07,268.30 M,5.25 G,0.00 B,492.00 B
2019-07-16 19:15:09,268.30 M,5.25 G,0.00 B,816.00 B
2019-07-16 19:15:11,268.30 M,5.25 G,0.00 B,828.00 B
2019-07-16 19:15:13,268.31 M,5.25 G,3.62 K,169.40 K
2019-07-16 19:15:15,268.31 M,5.25 G,204.00 B,1.52 K
2019-07-16 19:15:17,268.32 M,5.25 G,42.00 B,384.00 B
2019-07-16 19:15:19,268.32 M,5.25 G,0.00 B,1.02 K
2019-07-16 19:15:21,268.32 M,5.25 G,42.00 B,732.00 B
2019-07-16 19:15:23,268.33 M,5.25 G,0.00 B,1.11 K
2019-07-16 19:15:25,268.33 M,5.25 G,0.00 B,324.00 B
2019-07-16 19:15:27,268.33 M,5.25 G,0.00 B,168.00 B
2019-07-16 19:15:29,268.33 M,5.25 G,0.00 B,1.07 K
2019-07-16 19:15:31,268.33 M,5.25 G,0.00 B,768.00 B
2019-07-16 19:15:33,268.34 M,5.25 G,0.00 B,432.00 B
2019-07-16 19:15:35,268.34 M,5.25 G,0.00 B,996.00 B
2019-07-16 19:15:37,268.34 M,5.25 G,0.00 B,780.00 B
2019-07-16 19:15:39,268.34 M,5.25 G,0.00 B,360.00 B
2019-07-16 19:15:41,268.35 M,5.25 G,4.96 K,259.26 K
2019-07-16 19:15:43,268.35 M,5.25 G,0.00 B,384.00 B
2019-07-16 19:15:45,268.35 M,5.25 G,0.00 B,1.23 K
2019-07-16 19:15:47,268.35 M,5.25 G,0.00 B,972.00 B
2019-07-16 19:15:49,268.35 M,5.25 G,0.00 B,432.00 B
2019-07-16 19:15:52,268.36 M,5.25 G,9.17 K,511.19 K
2019-07-16 19:15:54,268.36 M,5.25 G,0.00 B,648.00 B
2019-07-16 19:15:56,268.36 M,5.25 G,0.00 B,648.00 B
2019-07-16 19:15:58,268.36 M,5.25 G,0.00 B,432.00 B
2019-07-16 19:16:00,268.36 M,5.25 G,0.00 B,648.00 B
2019-07-16 19:16:02,268.37 M,5.25 G,8.85 K,528.21 K
2019-07-16 19:16:04,268.37 M,5.25 G,0.00 B,864.00 B
2019-07-16 19:16:06,268.37 M,5.25 G,0.00 B,276.00 B
2019-07-16 19:16:08,268.37 M,5.25 G,0.00 B,492.00 B
2019-07-16 19:16:10,268.37 M,5.25 G,0.00 B,384.00 B
2019-07-16 19:16:12,268.38 M,5.25 G,9.65 K,511.68 K
2019-07-16 19:16:14,268.38 M,5.25 G,0.00 B,1.01 K
2019-07-16 19:16:16,268.38 M,5.25 G,0.00 B,660.00 B
2019-07-16 19:16:18,268.38 M,5.25 G,0.00 B,924.00 B
2019-07-16 19:16:20,268.38 M,5.25 G,0.00 B,708.00 B
2019-07-16 19:16:22,268.39 M,5.25 G,1.65 K,1.49 K
2019-07-16 19:16:24,268.39 M,5.25 G,0.00 B,492.00 B
2019-07-16 19:16:26,268.39 M,5.25 G,0.00 B,648.00 B
2019-07-16 19:16:28,268.39 M,5.25 G,0.00 B,1.32 K
2019-07-16 19:16:30,268.39 M,5.25 G,0.00 B,783.00 B
2019-07-16 19:16:32,268.40 M,5.25 G,0.00 B,216.00 B
2019-07-16 19:16:34,268.40 M,5.25 G,0.00 B,1.11 K
2019-07-16 19:16:36,268.40 M,5.25 G,0.00 B,972.00 B
2019-07-16 19:16:38,268.40 M,5.25 G,0.00 B,444.00 B
2019-07-16 19:16:40,268.40 M,5.25 G,0.00 B,600.00 B
2019-07-16 19:16:42,268.40 M,5.25 G,0.00 B,1.08 K
2019-07-16 19:16:44,268.40 M,5.25 G,0.00 B,600.00 B
2019-07-16 19:16:46,268.40 M,5.25 G,0.00 B,996.00 B
2019-07-16 19:16:48,268.40 M,5.25 G,0.00 B,648.00 B
2019-07-16 19:16:50,268.40 M,5.25 G,0.00 B,1.11 K
2019-07-16 19:16:52,268.41 M,5.25 G,42.00 B,720.00 B
2019-07-16 19:16:54,268.41 M,5.25 G,0.00 B,768.00 B
2019-07-16 19:16:56,268.41 M,5.25 G,0.00 B,459.00 B
2019-07-16 19:16:58,268.41 M,5.25 G,0.00 B,756.00 B
2019-07-16 19:17:00,268.41 M,5.25 G,0.00 B,972.00 B
2019-07-16 19:17:02,268.42 M,5.25 G,0.00 B,7.91 K
2019-07-16 19:17:04,268.42 M,5.25 G,0.00 B,1.18 K
2019-07-16 19:17:06,268.42 M,5.25 G,0.00 B,348.00 B
2019-07-16 19:17:08,268.42 M,5.25 G,0.00 B,552.00 B
2019-07-16 19:17:10,268.43 M,5.25 G,5.41 K,343.18 K
2019-07-16 19:17:12,268.43 M,5.25 G,0.00 B,1.34 K
2019-07-16 19:17:14,268.43 M,5.25 G,0.00 B,816.00 B
2019-07-16 19:17:16,268.43 M,5.25 G,1.55 K,1.67 K
2019-07-16 19:17:18,268.43 M,5.25 G,204.00 B,1.14 K
2019-07-16 19:17:20,268.44 M,5.25 G,8.98 K,514.59 K
2019-07-16 19:17:22,268.44 M,5.25 G,0.00 B,432.00 B
2019-07-16 19:17:24,268.44 M,5.25 G,0.00 B,996.00 B
2019-07-16 19:17:26,268.44 M,5.25 G,0.00 B,1.23 K
2019-07-16 19:17:28,268.44 M,5.25 G,0.00 B,216.00 B
2019-07-16 19:17:30,268.45 M,5.25 G,8.91 K,514.09 K
2019-07-16 19:17:32,268.45 M,5.25 G,0.00 B,552.00 B
2019-07-16 19:17:34,268.45 M,5.25 G,0.00 B,648.00 B
2019-07-16 19:17:36,268.45 M,5.25 G,0.00 B,672.00 B
2019-07-16 19:17:38,268.45 M,5.25 G,0.00 B,888.00 B
2019-07-16 19:17:40,268.46 M,5.25 G,8.97 K,516.04 K
2019-07-16 19:17:42,268.46 M,5.25 G,0.00 B,396.00 B
2019-07-16 19:17:44,268.46 M,5.25 G,0.00 B,756.00 B
2019-07-16 19:17:46,268.46 M,5.25 G,0.00 B,756.00 B
2019-07-16 19:17:48,268.46 M,5.25 G,0.00 B,1.07 K
2019-07-16 19:17:50,268.47 M,5.25 G,8.51 K,514.86 K
2019-07-16 19:17:52,268.47 M,5.25 G,42.00 B,780.00 B
2019-07-16 19:17:54,268.47 M,5.25 G,0.00 B,720.00 B
2019-07-16 19:17:56,268.47 M,5.25 G,0.00 B,1.08 K
2019-07-16 19:17:58,268.47 M,5.25 G,0.00 B,1.34 K
2019-07-16 19:18:00,268.48 M,5.26 G,9.23 K,516.28 K
2019-07-16 19:18:02,268.48 M,5.26 G,0.00 B,492.00 B
2019-07-16 19:18:04,268.48 M,5.26 G,0.00 B,600.00 B
2019-07-16 19:18:06,268.48 M,5.26 G,0.00 B,540.00 B
2019-07-16 19:18:08,268.48 M,5.26 G,0.00 B,1.03 K
2019-07-16 19:18:10,268.49 M,5.26 G,9.15 K,521.84 K
2019-07-16 19:18:12,268.49 M,5.26 G,0.00 B,768.00 B
2019-07-16 19:18:14,268.49 M,5.26 G,0.00 B,708.00 B
2019-07-16 19:18:16,268.49 M,5.26 G,0.00 B,756.00 B
2019-07-16 19:18:18,268.49 M,5.26 G,0.00 B,936.00 B
2019-07-16 19:18:20,268.50 M,5.26 G,8.77 K,516.48 K
2019-07-16 19:18:22,268.50 M,5.26 G,0.00 B,168.00 B
2019-07-16 19:18:24,268.50 M,5.26 G,84.00 B,1.28 K
2019-07-16 19:18:26,268.50 M,5.26 G,0.00 B,1.12 K
2019-07-16 19:18:28,268.50 M,5.26 G,0.00 B,276.00 B
2019-07-16 19:18:30,268.50 M,5.26 G,8.79 K,514.80 K
2019-07-16 19:18:32,268.50 M,5.26 G,0.00 B,984.00 B
2019-07-16 19:18:34,268.50 M,5.26 G,0.00 B,624.00 B
2019-07-16 19:18:36,268.50 M,5.26 G,0.00 B,324.00 B
2019-07-16 19:18:38,268.50 M,5.26 G,0.00 B,564.00 B
2019-07-16 19:18:40,268.51 M,5.26 G,4.40 K,244.99 K
2019-07-16 19:18:42,268.51 M,5.26 G,0.00 B,708.00 B
2019-07-16 19:18:45,268.51 M,5.26 G,0.00 B,936.00 B
2019-07-16 19:18:47,268.51 M,5.26 G,0.00 B,756.00 B
2019-07-16 19:18:49,268.51 M,5.26 G,0.00 B,1.08 K
2019-07-16 19:18:51,268.52 M,5.26 G,4.13 K,226.63 K
2019-07-16 19:18:53,268.52 M,5.26 G,0.00 B,1.57 K
2019-07-16 19:18:55,268.52 M,5.26 G,0.00 B,120.00 B
2019-07-16 19:18:57,268.52 M,5.26 G,0.00 B,1.27 K
2019-07-16 19:18:59,268.52 M,5.26 G,0.00 B,864.00 B
2019-07-16 19:19:01,268.53 M,5.26 G,9.16 K,512.88 K
2019-07-16 19:19:03,268.53 M,5.26 G,0.00 B,1.18 K
2019-07-16 19:19:05,268.53 M,5.26 G,0.00 B,540.00 B
2019-07-16 19:19:07,268.53 M,5.26 G,0.00 B,720.00 B
2019-07-16 19:19:09,268.53 M,5.26 G,0.00 B,1.03 K
2019-07-16 19:19:11,268.54 M,5.26 G,7.19 K,445.45 K
2019-07-16 19:19:13,268.54 M,5.26 G,0.00 B,996.00 B
2019-07-16 19:19:15,268.54 M,5.26 G,0.00 B,855.00 B
2019-07-16 19:19:17,268.54 M,5.26 G,0.00 B,1.34 K
2019-07-16 19:19:19,268.54 M,5.26 G,0.00 B,843.00 B
2019-07-16 19:19:21,268.55 M,5.26 G,3.70 K,155.18 K
2019-07-16 19:19:23,268.55 M,5.26 G,42.00 B,1.81 K
2019-07-16 19:19:25,268.55 M,5.26 G,354.00 B,2.17 K
2019-07-16 19:19:27,268.55 M,5.26 G,0.00 B,876.00 B
2019-07-16 19:19:29,268.55 M,5.26 G,0.00 B,648.00 B
2019-07-16 19:19:31,268.56 M,5.26 G,9.20 K,521.01 K
2019-07-16 19:19:33,268.56 M,5.26 G,0.00 B,459.00 B
2019-07-16 19:19:35,268.56 M,5.26 G,0.00 B,120.00 B
2019-07-16 19:19:37,268.56 M,5.26 G,0.00 B,1.38 K
2019-07-16 19:19:39,268.56 M,5.26 G,0.00 B,324.00 B
2019-07-16 19:19:41,268.57 M,5.26 G,9.00 K,517.56 K
2019-07-16 19:19:43,268.57 M,5.26 G,0.00 B,920.00 B
2019-07-16 19:19:45,268.57 M,5.26 G,0.00 B,708.00 B
2019-07-16 19:19:47,268.57 M,5.26 G,0.00 B,324.00 B
2019-07-16 19:19:49,268.57 M,5.26 G,0.00 B,708.00 B
2019-07-16 19:19:51,268.58 M,5.26 G,8.77 K,513.61 K
2019-07-16 19:19:53,268.58 M,5.26 G,0.00 B,168.00 B
2019-07-16 19:19:55,268.58 M,5.26 G,0.00 B,924.00 B
2019-07-16 19:19:57,268.58 M,5.26 G,0.00 B,768.00 B
2019-07-16 19:19:59,268.58 M,5.26 G,0.00 B,627.00 B
2019-07-16 19:20:01,268.59 M,5.26 G,9.09 K,519.09 K
2019-07-16 19:20:03,268.59 M,5.26 G,54.00 B,1.03 K
2019-07-16 19:20:05,268.59 M,5.26 G,0.00 B,216.00 B
2019-07-16 19:20:07,268.59 M,5.26 G,84.00 B,876.00 B
2019-07-16 19:20:09,268.59 M,5.26 G,0.00 B,756.00 B
2019-07-16 19:20:11,268.60 M,5.26 G,8.91 K,515.42 K
2019-07-16 19:20:13,268.60 M,5.26 G,0.00 B,756.00 B
2019-07-16 19:20:15,268.60 M,5.26 G,0.00 B,708.00 B
2019-07-16 19:20:17,268.60 M,5.26 G,0.00 B,600.00 B
2019-07-16 19:20:19,268.60 M,5.26 G,0.00 B,456.00 B
2019-07-16 19:20:21,268.61 M,5.26 G,8.82 K,525.33 K
2019-07-16 19:20:23,268.61 M,5.26 G,0.00 B,675.00 B
2019-07-16 19:20:25,268.61 M,5.26 G,0.00 B,324.00 B
2019-07-16 19:20:27,268.61 M,5.26 G,84.00 B,1.02 K
2019-07-16 19:20:29,268.61 M,5.26 G,0.00 B,432.00 B
2019-07-16 19:20:31,268.62 M,5.26 G,8.85 K,517.88 K
2019-07-16 19:20:33,268.62 M,5.26 G,0.00 B,816.00 B
2019-07-16 19:20:35,268.62 M,5.26 G,0.00 B,864.00 B
2019-07-16 19:20:37,268.62 M,5.26 G,0.00 B,552.00 B
2019-07-16 19:20:39,268.62 M,5.26 G,0.00 B,1.61 K
2019-07-16 19:20:41,268.62 M,5.26 G,5.22 K,343.85 K
2019-07-16 19:20:43,268.63 M,5.26 G,0.00 B,1.11 K
2019-07-16 19:20:45,268.63 M,5.26 G,0.00 B,540.00 B
2019-07-16 19:20:47,268.63 M,5.26 G,0.00 B,780.00 B
2019-07-16 19:20:49,268.63 M,5.26 G,0.00 B,660.00 B
2019-07-16 19:20:51,268.63 M,5.26 G,0.00 B,876.00 B
2019-07-16 19:20:53,268.63 M,5.26 G,0.00 B,780.00 B
2019-07-16 19:20:55,268.63 M,5.26 G,0.00 B,660.00 B
2019-07-16 19:20:57,268.63 M,5.26 G,42.00 B,780.00 B
2019-07-16 19:20:59,268.63 M,5.26 G,0.00 B,456.00 B
2019-07-16 19:21:01,268.64 M,5.26 G,3.16 K,181.47 K
2019-07-16 19:21:03,268.64 M,5.26 G,0.00 B,384.00 B
2019-07-16 19:21:05,268.64 M,5.26 G,0.00 B,756.00 B
2019-07-16 19:21:07,268.64 M,5.26 G,0.00 B,864.00 B
2019-07-16 19:21:09,268.64 M,5.26 G,0.00 B,924.00 B
2019-07-16 19:21:11,268.64 M,5.26 G,0.00 B,924.00 B
2019-07-16 19:21:13,268.65 M,5.26 G,0.00 B,540.00 B
2019-07-16 19:21:15,268.65 M,5.26 G,0.00 B,432.00 B
2019-07-16 19:21:17,268.65 M,5.26 G,0.00 B,756.00 B
2019-07-16 19:21:19,268.65 M,5.26 G,0.00 B,972.00 B
2019-07-16 19:21:21,268.65 M,5.26 G,0.00 B,540.00 B
2019-07-16 19:21:23,268.66 M,5.27 G,204.00 B,522.00 B
2019-07-16 19:21:25,268.66 M,5.27 G,0.00 B,972.00 B
2019-07-16 19:21:27,268.66 M,5.27 G,0.00 B,540.00 B
2019-07-16 19:21:29,268.66 M,5.27 G,0.00 B,384.00 B
2019-07-16 19:21:31,268.66 M,5.27 G,0.00 B,384.00 B
2019-07-16 19:21:33,268.67 M,5.27 G,8.59 K,515.76 K
2019-07-16 19:21:35,268.67 M,5.27 G,0.00 B,864.00 B
2019-07-16 19:21:37,268.67 M,5.27 G,0.00 B,708.00 B
2019-07-16 19:21:39,268.67 M,5.27 G,0.00 B,984.00 B
2019-07-16 19:21:42,268.67 M,5.27 G,0.00 B,1.02 K
2019-07-16 19:21:44,268.68 M,5.27 G,9.04 K,514.28 K
2019-07-16 19:21:46,268.68 M,5.27 G,0.00 B,864.00 B
2019-07-16 19:21:48,268.68 M,5.27 G,0.00 B,1.27 K
2019-07-16 19:21:50,268.68 M,5.27 G,0.00 B,432.00 B
2019-07-16 19:21:52,268.68 M,5.27 G,0.00 B,1.11 K
2019-07-16 19:21:54,268.69 M,5.27 G,8.84 K,515.89 K
2019-07-16 19:21:56,268.69 M,5.27 G,0.00 B,432.00 B
2019-07-16 19:21:58,268.69 M,5.27 G,0.00 B,432.00 B
2019-07-16 19:22:00,268.69 M,5.27 G,0.00 B,492.00 B
2019-07-16 19:22:02,268.69 M,5.27 G,0.00 B,13.43 K
2019-07-16 19:22:04,268.69 M,5.27 G,7.03 K,516.54 K
2019-07-16 19:22:06,268.69 M,5.27 G,0.00 B,936.00 B
2019-07-16 19:22:08,268.69 M,5.27 G,0.00 B,876.00 B
2019-07-16 19:22:10,268.69 M,5.27 G,0.00 B,648.00 B
2019-07-16 19:22:12,268.69 M,5.27 G,0.00 B,864.00 B
2019-07-16 19:22:14,268.69 M,5.27 G,0.00 B,432.00 B
2019-07-16 19:22:16,268.70 M,5.27 G,0.00 B,816.00 B
2019-07-16 19:22:18,268.70 M,5.27 G,0.00 B,984.00 B
2019-07-16 19:22:20,268.70 M,5.27 G,0.00 B,756.00 B
2019-07-16 19:22:22,268.70 M,5.27 G,0.00 B,720.00 B
2019-07-16 19:22:24,268.70 M,5.27 G,0.00 B,600.00 B
2019-07-16 19:22:26,268.71 M,5.27 G,0.00 B,492.00 B
2019-07-16 19:22:28,268.71 M,5.27 G,42.00 B,492.00 B
2019-07-16 19:22:30,268.71 M,5.27 G,42.00 B,660.00 B
2019-07-16 19:22:32,268.71 M,5.27 G,0.00 B,756.00 B
2019-07-16 19:22:34,268.71 M,5.27 G,0.00 B,540.00 B
2019-07-16 19:22:36,268.72 M,5.27 G,0.00 B,816.00 B
2019-07-16 19:22:38,268.72 M,5.27 G,0.00 B,864.00 B
2019-07-16 19:22:40,268.72 M,5.27 G,0.00 B,972.00 B
2019-07-16 19:22:42,268.72 M,5.27 G,0.00 B,564.00 B
2019-07-16 19:22:44,268.72 M,5.27 G,0.00 B,1.09 K
2019-07-16 19:22:46,268.73 M,5.27 G,1.64 K,1.42 K
2019-07-16 19:22:48,268.73 M,5.27 G,0.00 B,384.00 B
2019-07-16 19:22:50,268.73 M,5.27 G,0.00 B,756.00 B
2019-07-16 19:22:52,268.73 M,5.27 G,0.00 B,1.44 K
2019-07-16 19:22:54,268.73 M,5.27 G,0.00 B,552.00 B
2019-07-16 19:22:56,268.74 M,5.27 G,8.64 K,509.71 K
2019-07-16 19:22:58,268.74 M,5.27 G,0.00 B,648.00 B
2019-07-16 19:23:00,268.74 M,5.27 G,0.00 B,708.00 B
2019-07-16 19:23:02,268.74 M,5.27 G,0.00 B,6.81 K
2019-07-16 19:23:04,268.74 M,5.27 G,0.00 B,1.07 K
2019-07-16 19:23:06,268.75 M,5.27 G,9.26 K,516.53 K
2019-07-16 19:23:08,268.75 M,5.27 G,0.00 B,816.00 B
2019-07-16 19:23:10,268.75 M,5.27 G,0.00 B,972.00 B
2019-07-16 19:23:12,268.75 M,5.27 G,0.00 B,648.00 B
2019-07-16 19:23:14,268.75 M,5.27 G,0.00 B,600.00 B
2019-07-16 19:23:16,268.75 M,5.27 G,2.96 K,136.77 K
2019-07-16 19:23:18,268.76 M,5.27 G,0.00 B,864.00 B
2019-07-16 19:23:20,268.76 M,5.27 G,0.00 B,324.00 B
2019-07-16 19:23:22,268.76 M,5.27 G,0.00 B,816.00 B
2019-07-16 19:23:24,268.76 M,5.27 G,0.00 B,600.00 B
2019-07-16 19:23:26,268.76 M,5.27 G,204.00 B,762.00 B
2019-07-16 19:23:28,268.76 M,5.27 G,42.00 B,612.00 B
2019-07-16 19:23:30,268.76 M,5.27 G,0.00 B,1.07 K
2019-07-16 19:23:32,268.76 M,5.27 G,42.00 B,1.06 K
2019-07-16 19:23:34,268.76 M,5.27 G,0.00 B,984.00 B
2019-07-16 19:23:36,268.76 M,5.27 G,0.00 B,924.00 B
2019-07-16 19:23:38,268.77 M,5.27 G,3.03 K,108.79 K
2019-07-16 19:23:40,268.77 M,5.27 G,0.00 B,384.00 B
2019-07-16 19:23:42,268.77 M,5.27 G,0.00 B,732.00 B
2019-07-16 19:23:44,268.77 M,5.27 G,0.00 B,1.59 K
2019-07-16 19:23:46,268.77 M,5.27 G,0.00 B,552.00 B
2019-07-16 19:23:48,268.78 M,5.27 G,9.42 K,515.19 K
2019-07-16 19:23:50,268.78 M,5.27 G,0.00 B,984.00 B
2019-07-16 19:23:52,268.78 M,5.27 G,0.00 B,1.02 K
2019-07-16 19:23:54,268.78 M,5.27 G,0.00 B,384.00 B
2019-07-16 19:23:56,268.78 M,5.27 G,0.00 B,1.01 K
2019-07-16 19:23:58,268.78 M,5.27 G,0.00 B,324.00 B
2019-07-16 19:24:00,268.79 M,5.27 G,42.00 B,396.00 B
2019-07-16 19:24:02,268.79 M,5.27 G,0.00 B,1.07 K
2019-07-16 19:24:04,268.79 M,5.27 G,0.00 B,336.00 B
2019-07-16 19:24:07,268.79 M,5.27 G,0.00 B,1.50 K
2019-07-16 19:24:09,268.79 M,5.27 G,0.00 B,108.00 B
2019-07-16 19:24:11,268.79 M,5.27 G,0.00 B,1.17 K
2019-07-16 19:24:13,268.79 M,5.27 G,0.00 B,1.38 K
2019-07-16 19:24:15,268.79 M,5.27 G,0.00 B,492.00 B
2019-07-16 19:24:17,268.79 M,5.27 G,0.00 B,168.00 B
2019-07-16 19:24:19,268.79 M,5.27 G,0.00 B,1.02 K
2019-07-16 19:24:21,268.79 M,5.27 G,0.00 B,648.00 B
2019-07-16 19:24:23,268.79 M,5.27 G,0.00 B,444.00 B
2019-07-16 19:24:25,268.79 M,5.27 G,0.00 B,1.38 K
2019-07-16 19:24:28,268.81 M,5.27 G,204.00 B,858.00 B
2019-07-16 19:24:30,268.81 M,5.27 G,2.74 K,5.90 K
2019-07-16 19:24:32,268.81 M,5.27 G,0.00 B,1.01 K
2019-07-16 19:24:34,268.81 M,5.27 G,42.00 B,1.12 K
2019-07-16 19:24:36,268.81 M,5.27 G,0.00 B,504.00 B
2019-07-16 19:24:38,268.81 M,5.27 G,0.00 B,600.00 B
2019-07-16 19:24:40,268.81 M,5.27 G,0.00 B,1.18 K
2019-07-16 19:24:42,268.81 M,5.27 G,0.00 B,720.00 B
2019-07-16 19:24:44,268.81 M,5.27 G,0.00 B,756.00 B
2019-07-16 19:24:46,268.81 M,5.27 G,0.00 B,708.00 B
2019-07-16 19:24:48,268.82 M,5.27 G,13.55 K,786.31 K
2019-07-16 19:24:50,268.82 M,5.27 G,0.00 B,1.07 K
2019-07-16 19:24:52,268.82 M,5.27 G,0.00 B,492.00 B
2019-07-16 19:24:54,268.82 M,5.27 G,0.00 B,540.00 B
2019-07-16 19:24:56,268.82 M,5.27 G,0.00 B,600.00 B
2019-07-16 19:24:58,268.82 M,5.27 G,0.00 B,1.01 K
2019-07-16 19:25:00,268.82 M,5.27 G,0.00 B,768.00 B
2019-07-16 19:25:02,268.82 M,5.27 G,0.00 B,216.00 B
2019-07-16 19:25:04,268.82 M,5.27 G,0.00 B,972.00 B
2019-07-16 19:25:06,268.82 M,5.27 G,0.00 B,1.43 K
2019-07-16 19:25:08,268.82 M,5.27 G,0.00 B,459.00 B
2019-07-16 19:25:10,268.84 M,5.27 G,0.00 B,708.00 B
2019-07-16 19:25:12,268.84 M,5.27 G,0.00 B,816.00 B
2019-07-16 19:25:14,268.84 M,5.27 G,0.00 B,492.00 B
2019-07-16 19:25:16,268.84 M,5.27 G,0.00 B,384.00 B
2019-07-16 19:25:18,268.84 M,5.27 G,0.00 B,540.00 B
2019-07-16 19:25:20,268.84 M,5.27 G,0.00 B,924.00 B
2019-07-16 19:25:22,268.84 M,5.27 G,0.00 B,708.00 B
2019-07-16 19:25:24,268.84 M,5.27 G,0.00 B,756.00 B
2019-07-16 19:25:26,268.84 M,5.27 G,0.00 B,864.00 B
2019-07-16 19:25:28,268.84 M,5.27 G,0.00 B,108.00 B
2019-07-16 19:25:30,268.85 M,5.28 G,0.00 B,540.00 B
2019-07-16 19:25:32,268.85 M,5.28 G,42.00 B,1.07 K
2019-07-16 19:25:34,268.85 M,5.28 G,42.00 B,660.00 B
2019-07-16 19:25:36,268.85 M,5.28 G,0.00 B,648.00 B
2019-07-16 19:25:38,268.85 M,5.28 G,0.00 B,1.01 K
2019-07-16 19:25:40,268.85 M,5.28 G,0.00 B,720.00 B
2019-07-16 19:25:42,268.85 M,5.28 G,0.00 B,1.14 K
2019-07-16 19:25:44,268.85 M,5.28 G,0.00 B,660.00 B
2019-07-16 19:25:46,268.85 M,5.28 G,0.00 B,768.00 B
2019-07-16 19:25:48,268.85 M,5.28 G,0.00 B,780.00 B
2019-07-16 19:25:50,268.87 M,5.28 G,0.00 B,864.00 B
2019-07-16 19:25:52,268.87 M,5.28 G,0.00 B,1.08 K
2019-07-16 19:25:54,268.87 M,5.28 G,0.00 B,564.00 B
2019-07-16 19:25:56,268.87 M,5.28 G,0.00 B,1.01 K
2019-07-16 19:25:58,268.87 M,5.28 G,0.00 B,936.00 B
2019-07-16 19:26:00,268.87 M,5.28 G,0.00 B,876.00 B
2019-07-16 19:26:02,268.87 M,5.28 G,0.00 B,876.00 B
2019-07-16 19:26:04,268.87 M,5.28 G,42.00 B,1.17 K
2019-07-16 19:26:06,268.87 M,5.28 G,0.00 B,864.00 B
2019-07-16 19:26:08,268.87 M,5.28 G,0.00 B,552.00 B
2019-07-16 19:26:10,268.88 M,5.28 G,10.92 K,607.94 K
2019-07-16 19:26:12,268.88 M,5.28 G,0.00 B,972.00 B
2019-07-16 19:26:14,268.88 M,5.28 G,0.00 B,768.00 B
2019-07-16 19:26:16,268.88 M,5.28 G,0.00 B,780.00 B
2019-07-16 19:26:18,268.88 M,5.28 G,0.00 B,972.00 B
2019-07-16 19:26:20,268.88 M,5.28 G,0.00 B,660.00 B
2019-07-16 19:26:22,268.88 M,5.28 G,0.00 B,648.00 B
2019-07-16 19:26:24,268.88 M,5.28 G,0.00 B,816.00 B
2019-07-16 19:26:26,268.88 M,5.28 G,0.00 B,756.00 B
2019-07-16 19:26:28,268.88 M,5.28 G,0.00 B,864.00 B
2019-07-16 19:26:30,268.89 M,5.28 G,204.00 B,1002.00 B
2019-07-16 19:26:32,268.89 M,5.28 G,0.00 B,600.00 B
2019-07-16 19:26:34,268.89 M,5.28 G,0.00 B,432.00 B
2019-07-16 19:26:36,268.89 M,5.28 G,84.00 B,1.34 K
2019-07-16 19:26:38,268.89 M,5.28 G,0.00 B,1.07 K
2019-07-16 19:26:40,268.89 M,5.28 G,0.00 B,660.00 B
2019-07-16 19:26:42,268.89 M,5.28 G,0.00 B,564.00 B
2019-07-16 19:26:44,268.89 M,5.28 G,0.00 B,648.00 B
2019-07-16 19:26:46,268.89 M,5.28 G,0.00 B,324.00 B
2019-07-16 19:26:48,268.89 M,5.28 G,1.61 K,82.27 K
2019-07-16 19:26:50,268.90 M,5.28 G,0.00 B,660.00 B
2019-07-16 19:26:52,268.90 M,5.28 G,0.00 B,384.00 B
2019-07-16 19:26:54,268.90 M,5.28 G,0.00 B,816.00 B
2019-07-16 19:26:56,268.90 M,5.28 G,0.00 B,600.00 B
2019-07-16 19:26:58,268.90 M,5.28 G,0.00 B,708.00 B
2019-07-16 19:27:00,268.90 M,5.28 G,0.00 B,756.00 B
2019-07-16 19:27:02,268.90 M,5.28 G,0.00 B,1.43 K
2019-07-16 19:27:04,268.90 M,5.28 G,0.00 B,324.00 B
2019-07-16 19:27:06,268.90 M,5.28 G,0.00 B,600.00 B
2019-07-16 19:27:08,268.90 M,5.28 G,0.00 B,936.00 B
2019-07-16 19:27:10,268.92 M,5.28 G,15.79 K,922.37 K
2019-07-16 19:27:12,268.92 M,5.28 G,0.00 B,540.00 B
2019-07-16 19:27:14,268.92 M,5.28 G,0.00 B,1.02 K
2019-07-16 19:27:16,268.92 M,5.28 G,0.00 B,816.00 B
2019-07-16 19:27:18,268.92 M,5.28 G,0.00 B,444.00 B
2019-07-16 19:27:20,268.92 M,5.28 G,42.00 B,984.00 B
2019-07-16 19:27:22,268.92 M,5.28 G,0.00 B,816.00 B
2019-07-16 19:27:25,268.92 M,5.28 G,0.00 B,924.00 B
2019-07-16 19:27:27,268.92 M,5.28 G,0.00 B,756.00 B
2019-07-16 19:27:29,268.92 M,5.28 G,0.00 B,324.00 B
2019-07-16 19:27:31,268.92 M,5.28 G,0.00 B,1.45 K
2019-07-16 19:27:33,268.94 M,5.28 G,204.00 B,354.00 B
2019-07-16 19:27:35,268.94 M,5.28 G,0.00 B,600.00 B
2019-07-16 19:27:37,268.94 M,5.28 G,0.00 B,984.00 B
2019-07-16 19:27:39,268.94 M,5.28 G,0.00 B,432.00 B
2019-07-16 19:27:41,268.94 M,5.28 G,0.00 B,324.00 B
2019-07-16 19:27:43,268.94 M,5.28 G,0.00 B,492.00 B
2019-07-16 19:27:45,268.94 M,5.28 G,0.00 B,540.00 B
2019-07-16 19:27:47,268.94 M,5.28 G,0.00 B,444.00 B
2019-07-16 19:27:49,268.94 M,5.28 G,0.00 B,1.17 K
2019-07-16 19:27:51,268.94 M,5.28 G,0.00 B,384.00 B
2019-07-16 19:27:53,268.95 M,5.28 G,13.37 K,740.52 K
2019-07-16 19:27:55,268.95 M,5.28 G,0.00 B,492.00 B
2019-07-16 19:27:57,268.95 M,5.28 G,0.00 B,1.02 K
2019-07-16 19:27:59,268.95 M,5.28 G,0.00 B,756.00 B
2019-07-16 19:28:01,268.95 M,5.28 G,0.00 B,12.70 K
2019-07-16 19:28:03,268.95 M,5.28 G,0.00 B,1.29 K
2019-07-16 19:28:05,268.95 M,5.28 G,0.00 B,948.00 B
2019-07-16 19:28:07,268.95 M,5.28 G,42.00 B,888.00 B
2019-07-16 19:28:09,268.95 M,5.28 G,0.00 B,816.00 B
2019-07-16 19:28:11,268.95 M,5.28 G,0.00 B,996.00 B
2019-07-16 19:28:13,268.95 M,5.28 G,0.00 B,768.00 B
2019-07-16 19:28:15,268.97 M,5.28 G,0.00 B,816.00 B
2019-07-16 19:28:17,268.97 M,5.28 G,0.00 B,492.00 B
2019-07-16 19:28:19,268.97 M,5.28 G,0.00 B,1.17 K
2019-07-16 19:28:21,268.97 M,5.28 G,0.00 B,816.00 B
2019-07-16 19:28:23,268.97 M,5.28 G,0.00 B,504.00 B
2019-07-16 19:28:25,268.97 M,5.28 G,0.00 B,540.00 B
2019-07-16 19:28:27,268.97 M,5.28 G,0.00 B,324.00 B
2019-07-16 19:28:29,268.97 M,5.28 G,0.00 B,864.00 B
2019-07-16 19:28:31,268.97 M,5.28 G,0.00 B,1.20 K
2019-07-16 19:28:33,268.97 M,5.28 G,0.00 B,660.00 B
2019-07-16 19:28:35,268.97 M,5.28 G,8.06 K,599.60 K
2019-07-16 19:28:37,268.98 M,5.28 G,42.00 B,768.00 B
2019-07-16 19:28:39,268.98 M,5.28 G,84.00 B,504.00 B
2019-07-16 19:28:41,268.98 M,5.28 G,0.00 B,720.00 B
2019-07-16 19:28:43,268.98 M,5.28 G,0.00 B,456.00 B
2019-07-16 19:28:45,268.98 M,5.28 G,0.00 B,612.00 B
2019-07-16 19:28:47,268.98 M,5.28 G,0.00 B,552.00 B
2019-07-16 19:28:49,268.98 M,5.28 G,0.00 B,984.00 B
2019-07-16 19:28:51,268.98 M,5.28 G,0.00 B,600.00 B
2019-07-16 19:28:53,268.98 M,5.28 G,0.00 B,1.08 K
2019-07-16 19:28:55,268.98 M,5.28 G,0.00 B,1.28 K
2019-07-16 19:28:57,269.00 M,5.28 G,0.00 B,324.00 B
2019-07-16 19:28:59,269.00 M,5.28 G,0.00 B,756.00 B
2019-07-16 19:29:01,269.00 M,5.28 G,0.00 B,13.70 K
2019-07-16 19:29:03,269.00 M,5.28 G,0.00 B,1.01 K
2019-07-16 19:29:05,269.00 M,5.28 G,0.00 B,432.00 B
2019-07-16 19:29:07,269.00 M,5.28 G,0.00 B,624.00 B
2019-07-16 19:29:09,269.00 M,5.28 G,0.00 B,732.00 B
2019-07-16 19:29:11,269.00 M,5.28 G,0.00 B,1.35 K
2019-07-16 19:29:13,269.00 M,5.28 G,0.00 B,324.00 B
2019-07-16 19:29:15,269.00 M,5.28 G,0.00 B,600.00 B
2019-07-16 19:29:17,269.01 M,5.28 G,13.68 K,782.55 K
2019-07-16 19:29:19,269.01 M,5.28 G,0.00 B,384.00 B
2019-07-16 19:29:21,269.01 M,5.28 G,0.00 B,384.00 B
2019-07-16 19:29:23,269.01 M,5.28 G,0.00 B,1.38 K
2019-07-16 19:29:25,269.01 M,5.28 G,0.00 B,168.00 B
2019-07-16 19:29:27,269.01 M,5.28 G,0.00 B,1.79 K
2019-07-16 19:29:29,269.01 M,5.28 G,0.00 B,1.23 K
2019-07-16 19:29:31,269.01 M,5.28 G,46.00 B,168.00 B
2019-07-16 19:29:33,269.01 M,5.28 G,0.00 B,540.00 B
2019-07-16 19:29:35,269.01 M,5.28 G,204.00 B,414.00 B
2019-07-16 19:29:37,269.02 M,5.28 G,42.00 B,828.00 B
2019-07-16 19:29:39,269.02 M,5.28 G,2.70 K,5.47 K
2019-07-16 19:29:41,269.02 M,5.28 G,42.00 B,720.00 B
2019-07-16 19:29:43,269.02 M,5.28 G,193.00 B,1.08 K
2019-07-16 19:29:45,269.02 M,5.28 G,0.00 B,600.00 B
2019-07-16 19:29:47,269.02 M,5.28 G,0.00 B,504.00 B
2019-07-16 19:29:49,269.02 M,5.28 G,0.00 B,876.00 B
2019-07-16 19:29:51,269.02 M,5.28 G,0.00 B,612.00 B
2019-07-16 19:29:53,269.02 M,5.28 G,0.00 B,876.00 B
2019-07-16 19:29:55,269.02 M,5.28 G,0.00 B,1.37 K
2019-07-16 19:29:57,269.02 M,5.28 G,0.00 B,0.00 B
2019-07-16 19:29:59,269.04 M,5.29 G,0.00 B,552.00 B
2019-07-16 19:30:01,269.04 M,5.29 G,228.00 B,13.22 K
2019-07-16 19:30:03,269.04 M,5.29 G,54.00 B,816.00 B
2019-07-16 19:30:05,269.04 M,5.29 G,0.00 B,735.00 B
2019-07-16 19:30:07,269.04 M,5.29 G,0.00 B,396.00 B
2019-07-16 19:30:09,269.04 M,5.29 G,0.00 B,924.00 B
2019-07-16 19:30:11,269.04 M,5.29 G,4.58 K,302.00 K
