2019-07-19 15:15:36,18.0,47.62 M
2019-07-19 15:15:38,0.0,47.62 M
2019-07-19 15:15:40,0.0,47.62 M
2019-07-19 15:15:42,0.0,47.62 M
2019-07-19 15:15:44,0.0,47.62 M
2019-07-19 15:15:46,0.0,47.62 M
2019-07-19 15:15:48,0.0,47.62 M
2019-07-19 15:15:50,0.0,47.62 M
2019-07-19 15:15:53,14.0,47.84 M
2019-07-19 15:15:55,0.0,47.84 M
2019-07-19 15:15:57,0.0,47.84 M
2019-07-19 15:15:59,0.0,47.84 M
2019-07-19 15:16:01,0.0,47.84 M
2019-07-19 15:16:03,0.0,47.84 M
2019-07-19 15:16:05,0.0,47.84 M
2019-07-19 15:16:07,0.0,47.84 M
2019-07-19 15:16:09,0.0,47.84 M
2019-07-19 15:16:11,0.0,47.84 M
2019-07-19 15:16:13,0.0,47.84 M
2019-07-19 15:16:15,0.0,47.84 M
2019-07-19 15:16:17,0.0,47.84 M
2019-07-19 15:16:19,0.0,47.84 M
2019-07-19 15:16:21,0.0,47.84 M
2019-07-19 15:16:23,0.0,47.84 M
2019-07-19 15:16:25,0.0,47.84 M
2019-07-19 15:16:27,0.0,47.84 M
2019-07-19 15:16:29,0.0,47.84 M
2019-07-19 15:16:31,0.0,47.84 M
2019-07-19 15:16:33,0.0,47.84 M
2019-07-19 15:16:35,0.0,47.84 M
2019-07-19 15:16:37,0.0,47.84 M
2019-07-19 15:16:39,0.0,47.84 M
2019-07-19 15:16:41,0.0,47.84 M
2019-07-19 15:16:43,0.0,47.84 M
2019-07-19 15:16:45,0.0,47.84 M
2019-07-19 15:16:47,0.0,47.84 M
2019-07-19 15:16:49,0.0,47.84 M
2019-07-19 15:16:51,0.0,47.84 M
2019-07-19 15:16:53,0.0,47.84 M
2019-07-19 15:16:55,0.0,47.84 M
2019-07-19 15:16:57,0.0,47.84 M
2019-07-19 15:16:59,16.0,47.86 M
2019-07-19 15:17:02,0.0,47.86 M
2019-07-19 15:17:04,0.0,47.86 M
2019-07-19 15:17:06,0.0,47.86 M
2019-07-19 15:17:08,0.0,47.86 M
2019-07-19 15:17:10,0.0,47.86 M
2019-07-19 15:17:12,0.0,47.86 M
2019-07-19 15:17:14,0.0,47.86 M
2019-07-19 15:17:16,0.0,47.86 M
2019-07-19 15:17:18,0.0,47.86 M
2019-07-19 15:17:20,0.0,47.86 M
2019-07-19 15:17:22,0.0,47.86 M
2019-07-19 15:17:24,0.0,47.86 M
2019-07-19 15:17:26,0.0,47.86 M
2019-07-19 15:17:28,0.0,47.86 M
2019-07-19 15:17:30,0.0,47.86 M
2019-07-19 15:17:32,0.0,47.86 M
2019-07-19 15:17:34,0.0,47.86 M
2019-07-19 15:17:36,0.0,47.86 M
2019-07-19 15:17:38,0.0,47.86 M
2019-07-19 15:17:40,0.0,47.86 M
2019-07-19 15:17:42,0.0,47.86 M
2019-07-19 15:17:44,0.0,47.86 M
2019-07-19 15:17:46,0.0,47.86 M
2019-07-19 15:17:48,0.0,47.86 M
2019-07-19 15:17:50,0.0,47.86 M
2019-07-19 15:17:53,15.0,47.88 M
2019-07-19 15:17:55,0.0,47.88 M
2019-07-19 15:17:57,0.0,47.88 M
2019-07-19 15:17:59,0.0,47.88 M
2019-07-19 15:18:01,0.0,47.88 M
2019-07-19 15:18:03,16.0,48.20 M
2019-07-19 15:18:05,0.0,48.20 M
2019-07-19 15:18:08,16.0,47.89 M
2019-07-19 15:18:10,0.0,47.89 M
2019-07-19 15:18:12,0.0,47.89 M
2019-07-19 15:18:14,0.0,47.89 M
2019-07-19 15:18:16,0.0,47.89 M
2019-07-19 15:18:18,0.0,47.89 M
2019-07-19 15:18:20,0.0,47.89 M
2019-07-19 15:18:23,16.0,47.88 M
2019-07-19 15:18:25,0.0,47.88 M
2019-07-19 15:18:27,0.0,47.88 M
2019-07-19 15:18:29,0.0,47.88 M
2019-07-19 15:18:31,0.0,47.88 M
2019-07-19 15:18:33,0.0,47.88 M
2019-07-19 15:18:35,0.0,47.88 M
2019-07-19 15:18:37,0.0,47.88 M
2019-07-19 15:18:39,0.0,47.88 M
2019-07-19 15:18:41,0.0,47.88 M
2019-07-19 15:18:43,0.0,47.88 M
2019-07-19 15:18:45,0.0,47.88 M
2019-07-19 15:18:47,0.0,47.88 M
2019-07-19 15:18:49,0.0,47.88 M
2019-07-19 15:18:51,0.0,47.88 M
2019-07-19 15:18:53,0.0,47.88 M
2019-07-19 15:18:55,0.0,47.88 M
2019-07-19 15:18:57,0.0,47.88 M
2019-07-19 15:18:59,0.0,47.88 M
2019-07-19 15:19:01,0.0,47.88 M
2019-07-19 15:19:03,0.0,47.88 M
2019-07-19 15:19:05,0.0,47.88 M
2019-07-19 15:19:07,0.0,47.88 M
2019-07-19 15:19:09,0.0,47.88 M
2019-07-19 15:19:11,0.0,47.88 M
2019-07-19 15:19:13,0.0,47.88 M
2019-07-19 15:19:15,0.0,47.88 M
2019-07-19 15:19:17,0.0,47.88 M
2019-07-19 15:19:19,0.0,47.88 M
2019-07-19 15:19:22,0.0,47.88 M
2019-07-19 15:19:24,0.0,47.88 M
2019-07-19 15:19:26,0.0,47.88 M
2019-07-19 15:19:28,0.0,47.88 M
2019-07-19 15:19:30,0.0,47.88 M
2019-07-19 15:19:32,0.0,47.88 M
2019-07-19 15:19:34,0.0,47.88 M
2019-07-19 15:19:36,0.0,47.88 M
2019-07-19 15:19:38,0.0,47.88 M
2019-07-19 15:19:40,0.0,47.88 M
2019-07-19 15:19:42,14.0,47.84 M
2019-07-19 15:19:44,0.0,47.84 M
2019-07-19 15:19:46,0.0,47.84 M
2019-07-19 15:19:48,0.0,47.84 M
2019-07-19 15:19:50,0.0,47.84 M
2019-07-19 15:19:52,0.0,47.84 M
2019-07-19 15:19:54,0.0,47.84 M
2019-07-19 15:19:56,0.0,47.84 M
2019-07-19 15:19:58,0.0,47.84 M
2019-07-19 15:20:00,0.0,47.84 M
2019-07-19 15:20:02,0.0,47.84 M
2019-07-19 15:20:04,0.0,47.84 M
2019-07-19 15:20:06,0.0,47.84 M
2019-07-19 15:20:08,0.0,47.84 M
2019-07-19 15:20:10,0.0,47.84 M
2019-07-19 15:20:12,0.0,47.84 M
2019-07-19 15:20:14,0.0,47.84 M
2019-07-19 15:20:16,0.0,47.84 M
2019-07-19 15:20:18,0.0,47.84 M
2019-07-19 15:20:20,0.0,47.84 M
2019-07-19 15:20:22,0.0,47.84 M
2019-07-19 15:20:25,14.0,48.05 M
2019-07-19 15:20:27,0.0,48.05 M
2019-07-19 15:20:29,0.0,48.05 M
2019-07-19 15:20:31,0.0,48.05 M
2019-07-19 15:20:33,0.0,48.05 M
2019-07-19 15:20:35,0.0,48.05 M
2019-07-19 15:20:37,0.0,48.05 M
2019-07-19 15:20:39,0.0,48.05 M
2019-07-19 15:20:41,0.0,48.05 M
2019-07-19 15:20:43,0.0,48.05 M
2019-07-19 15:20:45,0.0,48.05 M
2019-07-19 15:20:47,0.0,48.05 M
2019-07-19 15:20:49,0.0,48.05 M
2019-07-19 15:20:51,0.0,48.05 M
2019-07-19 15:20:53,0.0,48.05 M
2019-07-19 15:20:55,0.0,48.05 M
2019-07-19 15:20:57,0.0,48.05 M
2019-07-19 15:20:59,0.0,48.05 M
2019-07-19 15:21:01,0.0,48.05 M
2019-07-19 15:21:03,0.0,48.05 M
2019-07-19 15:21:05,0.0,48.05 M
2019-07-19 15:21:07,0.0,48.05 M
2019-07-19 15:21:09,0.0,48.05 M
2019-07-19 15:21:11,15.0,47.63 M
2019-07-19 15:21:13,0.0,47.63 M
2019-07-19 15:21:15,0.0,47.63 M
2019-07-19 15:21:17,0.0,47.63 M
2019-07-19 15:21:19,0.0,47.63 M
2019-07-19 15:21:21,0.0,47.63 M
2019-07-19 15:21:23,0.0,47.63 M
2019-07-19 15:21:25,0.0,47.63 M
2019-07-19 15:21:27,0.0,47.63 M
2019-07-19 15:21:29,0.0,47.63 M
2019-07-19 15:21:31,0.0,47.63 M
2019-07-19 15:21:33,0.0,47.63 M
2019-07-19 15:21:35,0.0,47.63 M
2019-07-19 15:21:37,0.0,47.63 M
2019-07-19 15:21:39,0.0,47.63 M
2019-07-19 15:21:41,0.0,47.63 M
2019-07-19 15:21:43,0.0,47.63 M
2019-07-19 15:21:45,0.0,47.63 M
2019-07-19 15:21:47,0.0,47.63 M
2019-07-19 15:21:50,0.0,47.63 M
2019-07-19 15:21:52,0.0,47.63 M
2019-07-19 15:21:54,0.0,47.63 M
2019-07-19 15:21:56,12.0,52.40 M
2019-07-19 15:21:58,15.0,47.94 M
2019-07-19 15:22:00,0.0,47.94 M
2019-07-19 15:22:02,0.0,47.94 M
2019-07-19 15:22:04,0.0,47.94 M
2019-07-19 15:22:06,0.0,47.94 M
2019-07-19 15:22:08,0.0,47.94 M
2019-07-19 15:22:10,1.0,47.94 M
2019-07-19 15:22:12,16.0,48.25 M
2019-07-19 15:22:14,0.0,48.25 M
2019-07-19 15:22:16,0.0,48.25 M
2019-07-19 15:22:18,0.0,48.25 M
2019-07-19 15:22:20,0.0,48.25 M
2019-07-19 15:22:22,0.0,48.25 M
2019-07-19 15:22:24,0.0,48.25 M
2019-07-19 15:22:26,0.0,48.25 M
2019-07-19 15:22:28,0.0,48.25 M
2019-07-19 15:22:30,0.0,48.25 M
2019-07-19 15:22:32,0.0,48.25 M
2019-07-19 15:22:34,0.0,48.25 M
2019-07-19 15:22:36,0.0,48.25 M
2019-07-19 15:22:38,0.0,48.25 M
2019-07-19 15:22:40,0.0,48.25 M
2019-07-19 15:22:42,0.0,48.25 M
2019-07-19 15:22:44,0.0,48.25 M
2019-07-19 15:22:46,0.0,48.25 M
2019-07-19 15:22:48,0.0,48.25 M
2019-07-19 15:22:50,0.0,48.25 M
2019-07-19 15:22:52,0.0,48.25 M
2019-07-19 15:22:54,0.0,48.25 M
2019-07-19 15:22:56,0.0,48.25 M
2019-07-19 15:22:58,0.0,48.25 M
2019-07-19 15:23:00,0.0,48.25 M
2019-07-19 15:23:02,0.0,48.25 M
2019-07-19 15:23:04,0.0,48.25 M
2019-07-19 15:23:06,0.0,48.25 M
2019-07-19 15:23:08,0.0,48.25 M
2019-07-19 15:23:10,0.0,48.25 M
2019-07-19 15:23:12,0.0,48.25 M
2019-07-19 15:23:14,0.0,48.25 M
2019-07-19 15:23:16,0.0,48.25 M
2019-07-19 15:23:18,0.0,48.25 M
2019-07-19 15:23:20,0.0,48.25 M
2019-07-19 15:23:22,0.0,48.25 M
2019-07-19 15:23:24,0.0,48.25 M
2019-07-19 15:23:26,0.0,48.25 M
2019-07-19 15:23:28,0.0,48.25 M
2019-07-19 15:23:30,0.0,48.25 M
2019-07-19 15:23:32,0.0,48.25 M
2019-07-19 15:23:34,0.0,48.25 M
2019-07-19 15:23:36,0.0,48.25 M
2019-07-19 15:23:38,0.0,48.25 M
2019-07-19 15:23:40,0.0,48.25 M
2019-07-19 15:23:42,0.0,48.25 M
2019-07-19 15:23:44,0.0,48.25 M
2019-07-19 15:23:46,0.0,48.25 M
2019-07-19 15:23:48,0.0,48.25 M
2019-07-19 15:23:50,0.0,48.25 M
2019-07-19 15:23:52,0.0,48.25 M
2019-07-19 15:23:54,0.0,48.25 M
2019-07-19 15:23:56,0.0,48.25 M
2019-07-19 15:23:58,0.0,48.25 M
2019-07-19 15:24:00,0.0,48.25 M
2019-07-19 15:24:02,3.0,48.50 M
2019-07-19 15:24:07,16.0,47.89 M
2019-07-19 15:24:09,0.0,47.89 M
2019-07-19 15:24:11,0.0,47.89 M
2019-07-19 15:24:13,0.0,47.89 M
2019-07-19 15:24:15,0.0,47.89 M
2019-07-19 15:24:17,0.0,47.89 M
2019-07-19 15:24:19,0.0,47.89 M
2019-07-19 15:24:21,0.0,47.89 M
2019-07-19 15:24:23,0.0,47.89 M
2019-07-19 15:24:25,0.0,47.89 M
2019-07-19 15:24:27,0.0,47.89 M
2019-07-19 15:24:29,0.0,47.89 M
2019-07-19 15:24:31,0.0,47.89 M
2019-07-19 15:24:33,0.0,47.89 M
2019-07-19 15:24:35,0.0,47.89 M
2019-07-19 15:24:37,0.0,47.89 M
2019-07-19 15:24:39,0.0,47.89 M
2019-07-19 15:24:41,0.0,47.89 M
2019-07-19 15:24:43,0.0,47.89 M
2019-07-19 15:24:45,15.0,48.21 M
2019-07-19 15:24:47,0.0,48.21 M
2019-07-19 15:24:49,0.0,48.21 M
2019-07-19 15:24:51,0.0,48.21 M
2019-07-19 15:24:53,0.0,48.21 M
2019-07-19 15:24:55,0.0,48.21 M
2019-07-19 15:24:57,0.0,48.21 M
2019-07-19 15:24:59,0.0,48.21 M
2019-07-19 15:25:01,0.0,48.21 M
2019-07-19 15:25:03,0.0,48.21 M
2019-07-19 15:25:05,0.0,48.21 M
2019-07-19 15:25:07,0.0,48.21 M
2019-07-19 15:25:09,0.0,48.21 M
2019-07-19 15:25:11,0.0,48.21 M
2019-07-19 15:25:13,0.0,48.21 M
2019-07-19 15:25:15,0.0,48.21 M
2019-07-19 15:25:17,14.0,48.25 M
2019-07-19 15:25:20,14.0,47.84 M
2019-07-19 15:25:22,0.0,47.84 M
2019-07-19 15:25:24,0.0,47.84 M
2019-07-19 15:25:26,0.0,47.84 M
2019-07-19 15:25:28,0.0,47.84 M
2019-07-19 15:25:30,0.0,47.84 M
2019-07-19 15:25:32,0.0,47.84 M
2019-07-19 15:25:34,0.0,47.84 M
2019-07-19 15:25:36,0.0,47.84 M
2019-07-19 15:25:38,0.0,47.84 M
2019-07-19 15:25:40,0.0,47.84 M
2019-07-19 15:25:42,0.0,47.84 M
2019-07-19 15:25:44,0.0,47.84 M
2019-07-19 15:25:46,0.0,47.84 M
2019-07-19 15:25:48,0.0,47.84 M
2019-07-19 15:25:50,0.0,47.84 M
2019-07-19 15:25:52,0.0,47.84 M
2019-07-19 15:25:54,0.0,47.84 M
2019-07-19 15:25:56,0.0,47.84 M
2019-07-19 15:25:58,0.0,47.84 M
2019-07-19 15:26:00,0.0,47.84 M
2019-07-19 15:26:02,0.0,47.84 M
2019-07-19 15:26:04,0.0,47.84 M
2019-07-19 15:26:06,0.0,47.84 M
2019-07-19 15:26:08,0.0,47.84 M
2019-07-19 15:26:10,0.0,47.84 M
2019-07-19 15:26:12,0.0,47.84 M
2019-07-19 15:26:14,0.0,47.84 M
2019-07-19 15:26:16,0.0,47.84 M
2019-07-19 15:26:18,0.0,47.84 M
2019-07-19 15:26:20,0.0,47.84 M
2019-07-19 15:26:22,0.0,47.84 M
2019-07-19 15:26:24,0.0,47.84 M
2019-07-19 15:26:26,0.0,47.84 M
2019-07-19 15:26:28,0.0,47.84 M
2019-07-19 15:26:30,0.0,47.84 M
2019-07-19 15:26:32,0.0,47.84 M
2019-07-19 15:26:34,0.0,47.84 M
2019-07-19 15:26:37,0.0,47.84 M
2019-07-19 15:26:39,0.0,47.84 M
2019-07-19 15:26:41,0.0,47.84 M
2019-07-19 15:26:43,0.0,47.84 M
2019-07-19 15:26:45,0.0,47.84 M
2019-07-19 15:26:47,0.0,47.84 M
2019-07-19 15:26:50,15.0,47.90 M
2019-07-19 15:26:52,0.0,47.90 M
2019-07-19 15:26:54,0.0,47.90 M
2019-07-19 15:26:56,0.0,47.90 M
2019-07-19 15:26:58,0.0,47.90 M
2019-07-19 15:27:00,0.0,47.90 M
2019-07-19 15:27:02,0.0,47.90 M
2019-07-19 15:27:04,0.0,47.90 M
2019-07-19 15:27:06,0.0,47.90 M
2019-07-19 15:27:08,0.0,47.90 M
2019-07-19 15:27:10,0.0,47.90 M
2019-07-19 15:27:12,0.0,47.90 M
2019-07-19 15:27:14,0.0,47.90 M
2019-07-19 15:27:16,0.0,47.90 M
2019-07-19 15:27:18,0.0,47.90 M
2019-07-19 15:27:20,0.0,47.90 M
2019-07-19 15:27:22,0.0,47.90 M
2019-07-19 15:27:24,0.0,47.90 M
2019-07-19 15:27:26,0.0,47.90 M
2019-07-19 15:27:28,0.0,47.90 M
2019-07-19 15:27:30,10.0,51.08 M
2019-07-19 15:27:32,14.0,48.21 M
2019-07-19 15:27:34,0.0,48.21 M
2019-07-19 15:27:36,0.0,48.21 M
2019-07-19 15:27:38,0.0,48.21 M
2019-07-19 15:27:40,0.0,48.21 M
2019-07-19 15:27:42,0.0,48.21 M
2019-07-19 15:27:45,15.0,47.85 M
2019-07-19 15:27:47,0.0,47.85 M
2019-07-19 15:27:49,15.0,47.84 M
2019-07-19 15:27:51,0.0,47.84 M
2019-07-19 15:27:53,0.0,47.84 M
2019-07-19 15:27:55,0.0,47.84 M
2019-07-19 15:27:57,0.0,47.84 M
2019-07-19 15:27:59,0.0,47.84 M
2019-07-19 15:28:01,0.0,47.84 M
2019-07-19 15:28:03,0.0,47.84 M
2019-07-19 15:28:05,0.0,47.84 M
2019-07-19 15:28:07,0.0,47.84 M
2019-07-19 15:28:09,0.0,47.84 M
2019-07-19 15:28:11,0.0,47.84 M
2019-07-19 15:28:13,0.0,47.84 M
2019-07-19 15:28:15,0.0,47.84 M
2019-07-19 15:28:17,0.0,47.84 M
2019-07-19 15:28:19,0.0,47.84 M
2019-07-19 15:28:22,15.0,48.21 M
2019-07-19 15:28:24,14.0,47.79 M
2019-07-19 15:28:26,0.0,47.79 M
2019-07-19 15:28:31,16.0,47.91 M
2019-07-19 15:28:33,0.0,48.20 M
2019-07-19 15:28:37,14.0,47.87 M
2019-07-19 15:28:39,0.0,47.87 M
2019-07-19 15:28:41,1.0,47.87 M
2019-07-19 15:28:43,16.0,47.64 M
2019-07-19 15:28:45,0.0,47.64 M
2019-07-19 15:28:48,15.0,47.52 M
2019-07-19 15:28:52,16.0,47.80 M
2019-07-19 15:28:54,16.0,48.15 M
2019-07-19 15:28:56,0.0,48.15 M
2019-07-19 15:28:58,0.0,48.15 M
2019-07-19 15:29:00,0.0,48.15 M
2019-07-19 15:29:02,0.0,48.15 M
2019-07-19 15:29:04,0.0,48.15 M
2019-07-19 15:29:06,0.0,48.15 M
2019-07-19 15:29:08,0.0,48.15 M
2019-07-19 15:29:10,0.0,48.15 M
2019-07-19 15:29:12,0.0,48.15 M
2019-07-19 15:29:14,0.0,48.15 M
2019-07-19 15:29:16,0.0,48.15 M
2019-07-19 15:29:18,0.0,48.15 M
2019-07-19 15:29:20,0.0,48.15 M
2019-07-19 15:29:23,15.0,47.82 M
2019-07-19 15:29:25,16.0,47.66 M
2019-07-19 15:29:29,15.0,47.98 M
2019-07-19 15:29:31,0.0,47.98 M
2019-07-19 15:29:33,0.0,47.98 M
2019-07-19 15:29:35,0.0,47.98 M
2019-07-19 15:29:37,0.0,47.98 M
2019-07-19 15:29:39,0.0,47.98 M
2019-07-19 15:29:41,0.0,47.98 M
2019-07-19 15:29:43,0.0,47.98 M
2019-07-19 15:29:45,0.0,47.98 M
2019-07-19 15:29:47,0.0,47.98 M
2019-07-19 15:29:49,0.0,47.98 M
2019-07-19 15:29:51,0.0,47.98 M
2019-07-19 15:29:53,0.0,47.98 M
2019-07-19 15:29:55,0.0,47.98 M
2019-07-19 15:29:57,0.0,47.98 M
2019-07-19 15:29:59,0.0,47.98 M
2019-07-19 15:30:01,0.0,47.98 M
2019-07-19 15:30:03,0.0,47.98 M
2019-07-19 15:30:05,0.0,47.98 M
2019-07-19 15:30:07,0.0,47.98 M
2019-07-19 15:30:09,0.0,47.98 M
2019-07-19 15:30:11,0.0,47.98 M
2019-07-19 15:30:13,0.0,47.98 M
2019-07-19 15:30:15,0.0,47.98 M
2019-07-19 15:30:18,16.0,47.74 M
2019-07-19 15:30:20,0.0,47.74 M
2019-07-19 15:30:22,0.0,47.74 M
2019-07-19 15:30:24,0.0,47.74 M
2019-07-19 15:30:26,0.0,47.74 M
2019-07-19 15:30:28,0.0,47.74 M
2019-07-19 15:30:30,0.0,47.74 M
2019-07-19 15:30:32,0.0,47.74 M
2019-07-19 15:30:34,0.0,47.74 M
2019-07-19 15:30:36,0.0,47.74 M
2019-07-19 15:30:38,0.0,47.74 M
2019-07-19 15:30:40,0.0,47.74 M
2019-07-19 15:30:42,0.0,47.74 M
2019-07-19 15:30:44,0.0,47.74 M
2019-07-19 15:30:46,0.0,47.74 M
2019-07-19 15:30:48,0.0,47.74 M
2019-07-19 15:30:50,0.0,47.74 M
2019-07-19 15:30:52,0.0,47.74 M
2019-07-19 15:30:54,0.0,47.74 M
2019-07-19 15:30:56,0.0,47.74 M
2019-07-19 15:30:58,0.0,47.74 M
2019-07-19 15:31:00,0.0,47.74 M
2019-07-19 15:31:02,0.0,47.74 M
2019-07-19 15:31:04,0.0,47.74 M
2019-07-19 15:31:06,0.0,47.74 M
2019-07-19 15:31:08,0.0,47.74 M
2019-07-19 15:31:10,0.0,47.74 M
2019-07-19 15:31:12,0.0,47.74 M
2019-07-19 15:31:14,0.0,47.74 M
2019-07-19 15:31:16,0.0,47.74 M
2019-07-19 15:31:18,0.0,47.74 M
2019-07-19 15:31:20,0.0,47.74 M
2019-07-19 15:31:22,0.0,47.74 M
2019-07-19 15:31:24,0.0,47.74 M
2019-07-19 15:31:26,0.0,47.74 M
2019-07-19 15:31:28,0.0,47.74 M
2019-07-19 15:31:30,0.0,47.74 M
2019-07-19 15:31:32,0.0,47.74 M
2019-07-19 15:31:34,0.0,47.74 M
2019-07-19 15:31:36,0.0,47.74 M
2019-07-19 15:31:38,0.0,47.74 M
2019-07-19 15:31:40,0.0,47.74 M
2019-07-19 15:31:42,0.0,47.74 M
2019-07-19 15:31:44,0.0,47.74 M
2019-07-19 15:31:46,0.0,47.74 M
2019-07-19 15:31:48,0.0,47.74 M
2019-07-19 15:31:50,0.0,47.74 M
2019-07-19 15:31:52,0.0,47.74 M
2019-07-19 15:31:54,0.0,47.74 M
2019-07-19 15:31:56,0.0,47.74 M
2019-07-19 15:31:58,0.0,47.74 M
2019-07-19 15:32:00,0.0,47.74 M
2019-07-19 15:32:02,0.0,47.74 M
2019-07-19 15:32:04,0.0,47.74 M
2019-07-19 15:32:06,0.0,47.74 M
2019-07-19 15:32:08,0.0,47.74 M
2019-07-19 15:32:10,0.0,47.74 M
2019-07-19 15:32:12,0.0,47.74 M
2019-07-19 15:32:14,0.0,47.74 M
2019-07-19 15:32:16,0.0,47.74 M
2019-07-19 15:32:18,0.0,47.74 M
2019-07-19 15:32:20,0.0,47.74 M
2019-07-19 15:32:23,0.0,47.74 M
2019-07-19 15:32:25,0.0,47.74 M
2019-07-19 15:32:27,0.0,47.74 M
2019-07-19 15:32:29,0.0,47.74 M
2019-07-19 15:32:31,0.0,47.74 M
2019-07-19 15:32:33,0.0,47.74 M
2019-07-19 15:32:35,0.0,47.74 M
2019-07-19 15:32:37,0.0,47.74 M
2019-07-19 15:32:39,0.0,47.74 M
2019-07-19 15:32:41,0.0,47.74 M
2019-07-19 15:32:43,0.0,47.74 M
2019-07-19 15:32:45,0.0,47.74 M
2019-07-19 15:32:47,0.0,47.74 M
2019-07-19 15:32:49,0.0,47.74 M
2019-07-19 15:32:51,0.0,47.74 M
2019-07-19 15:32:53,0.0,47.74 M
2019-07-19 15:32:55,0.0,47.74 M
2019-07-19 15:32:57,0.0,47.74 M
2019-07-19 15:32:59,0.0,47.74 M
2019-07-19 15:33:01,0.0,47.74 M
2019-07-19 15:33:03,0.0,47.74 M
2019-07-19 15:33:05,0.0,47.74 M
2019-07-19 15:33:07,0.0,47.74 M
2019-07-19 15:33:09,0.0,47.74 M
2019-07-19 15:33:11,0.0,47.74 M
2019-07-19 15:33:13,0.0,47.74 M
2019-07-19 15:33:15,0.0,47.74 M
2019-07-19 15:33:17,0.0,47.74 M
2019-07-19 15:33:19,0.0,47.74 M
2019-07-19 15:33:21,0.0,47.74 M
2019-07-19 15:33:23,0.0,47.74 M
2019-07-19 15:33:25,0.0,47.74 M
2019-07-19 15:33:27,0.0,47.74 M
2019-07-19 15:33:29,0.0,47.74 M
2019-07-19 15:33:31,0.0,47.74 M
2019-07-19 15:33:33,0.0,47.74 M
2019-07-19 15:33:35,0.0,47.74 M
2019-07-19 15:33:37,0.0,47.74 M
2019-07-19 15:33:39,0.0,47.74 M
2019-07-19 15:33:41,0.0,47.74 M
2019-07-19 15:33:43,0.0,47.74 M
2019-07-19 15:33:45,0.0,47.74 M
2019-07-19 15:33:47,0.0,47.74 M
2019-07-19 15:33:49,0.0,47.74 M
2019-07-19 15:33:51,0.0,47.74 M
2019-07-19 15:33:53,0.0,47.74 M
2019-07-19 15:33:55,0.0,47.74 M
2019-07-19 15:33:57,0.0,47.74 M
2019-07-19 15:33:59,0.0,47.74 M
2019-07-19 15:34:01,0.0,47.74 M
2019-07-19 15:34:03,0.0,47.74 M
2019-07-19 15:34:05,0.0,47.74 M
2019-07-19 15:34:07,0.0,47.74 M
2019-07-19 15:34:09,0.0,47.74 M
2019-07-19 15:34:11,0.0,47.74 M
2019-07-19 15:34:13,0.0,47.74 M
2019-07-19 15:34:15,0.0,47.74 M
2019-07-19 15:34:17,0.0,47.74 M
2019-07-19 15:34:19,0.0,47.74 M
2019-07-19 15:34:21,0.0,47.74 M
2019-07-19 15:34:23,0.0,47.74 M
2019-07-19 15:34:25,0.0,47.74 M
2019-07-19 15:34:27,0.0,47.74 M
2019-07-19 15:34:29,0.0,47.74 M
2019-07-19 15:34:31,0.0,47.74 M
2019-07-19 15:34:33,0.0,47.74 M
2019-07-19 15:34:35,0.0,47.74 M
2019-07-19 15:34:37,0.0,47.74 M
2019-07-19 15:34:39,0.0,47.74 M
2019-07-19 15:34:41,0.0,47.74 M
2019-07-19 15:34:43,0.0,47.74 M
2019-07-19 15:34:45,0.0,47.74 M
2019-07-19 15:34:47,0.0,47.74 M
2019-07-19 15:34:49,0.0,47.74 M
2019-07-19 15:34:51,0.0,47.74 M
2019-07-19 15:34:53,0.0,47.74 M
2019-07-19 15:34:55,0.0,47.74 M
2019-07-19 15:34:57,0.0,47.74 M
2019-07-19 15:34:59,0.0,47.74 M
2019-07-19 15:35:01,0.0,47.74 M
2019-07-19 15:35:03,0.0,47.74 M
2019-07-19 15:35:05,0.0,47.74 M
2019-07-19 15:35:07,0.0,47.74 M
2019-07-19 15:35:09,0.0,47.74 M
2019-07-19 15:35:11,0.0,47.74 M
2019-07-19 15:35:13,0.0,47.74 M
2019-07-19 15:35:15,1.0,48.04 M
2019-07-19 15:35:18,16.0,47.98 M
2019-07-19 15:35:21,0.0,47.98 M
2019-07-19 15:35:23,0.0,47.98 M
2019-07-19 15:35:25,14.0,47.91 M
2019-07-19 15:35:27,15.0,48.16 M
2019-07-19 15:35:29,0.0,48.16 M
2019-07-19 15:35:31,0.0,48.16 M
2019-07-19 15:35:33,0.0,48.16 M
2019-07-19 15:35:35,0.0,48.16 M
2019-07-19 15:35:37,0.0,48.16 M
2019-07-19 15:35:39,0.0,48.16 M
2019-07-19 15:35:41,0.0,48.16 M
2019-07-19 15:35:43,0.0,48.16 M
2019-07-19 15:35:45,0.0,48.16 M
2019-07-19 15:35:47,0.0,48.16 M
2019-07-19 15:35:49,0.0,48.16 M
2019-07-19 15:35:51,0.0,48.16 M
2019-07-19 15:35:53,0.0,48.16 M
2019-07-19 15:35:55,0.0,48.16 M
2019-07-19 15:35:57,0.0,48.16 M
2019-07-19 15:35:59,0.0,48.16 M
2019-07-19 15:36:01,0.0,48.16 M
2019-07-19 15:36:03,0.0,48.16 M
2019-07-19 15:36:05,0.0,48.16 M
2019-07-19 15:36:07,0.0,48.16 M
2019-07-19 15:36:09,0.0,48.16 M
2019-07-19 15:36:11,0.0,48.16 M
2019-07-19 15:36:13,0.0,48.16 M
2019-07-19 15:36:15,0.0,48.16 M
2019-07-19 15:36:17,0.0,48.16 M
2019-07-19 15:36:19,0.0,48.16 M
2019-07-19 15:36:21,0.0,48.16 M
2019-07-19 15:36:23,0.0,48.16 M
2019-07-19 15:36:25,0.0,48.16 M
2019-07-19 15:36:27,0.0,48.16 M
2019-07-19 15:36:29,0.0,48.16 M
2019-07-19 15:36:31,0.0,48.16 M
2019-07-19 15:36:33,0.0,48.16 M
2019-07-19 15:36:35,0.0,48.16 M
2019-07-19 15:36:37,0.0,48.16 M
2019-07-19 15:36:39,0.0,48.16 M
2019-07-19 15:36:41,0.0,48.16 M
2019-07-19 15:36:43,0.0,48.16 M
2019-07-19 15:36:45,0.0,48.16 M
2019-07-19 15:36:47,0.0,48.16 M
2019-07-19 15:36:49,0.0,48.16 M
2019-07-19 15:36:51,0.0,48.16 M
2019-07-19 15:36:53,0.0,48.16 M
2019-07-19 15:36:55,0.0,48.16 M
2019-07-19 15:36:57,0.0,48.16 M
2019-07-19 15:36:59,0.0,48.16 M
2019-07-19 15:37:01,0.0,48.16 M
2019-07-19 15:37:03,0.0,48.16 M
2019-07-19 15:37:05,0.0,48.16 M
2019-07-19 15:37:08,15.0,47.83 M
2019-07-19 15:37:10,0.0,47.83 M
2019-07-19 15:37:12,0.0,47.83 M
2019-07-19 15:37:14,0.0,47.83 M
2019-07-19 15:37:16,0.0,47.83 M
2019-07-19 15:37:18,0.0,47.83 M
2019-07-19 15:37:20,0.0,47.83 M
2019-07-19 15:37:22,0.0,47.83 M
2019-07-19 15:37:24,0.0,47.83 M
2019-07-19 15:37:26,0.0,47.83 M
2019-07-19 15:37:28,0.0,47.83 M
2019-07-19 15:37:30,0.0,47.83 M
2019-07-19 15:37:32,0.0,47.83 M
2019-07-19 15:37:34,0.0,47.83 M
2019-07-19 15:37:36,0.0,47.83 M
2019-07-19 15:37:38,0.0,47.83 M
2019-07-19 15:37:40,0.0,47.83 M
2019-07-19 15:37:42,0.0,47.83 M
2019-07-19 15:37:44,0.0,47.83 M
2019-07-19 15:37:46,0.0,47.83 M
2019-07-19 15:37:51,16.0,47.77 M
2019-07-19 15:37:53,0.0,47.77 M
2019-07-19 15:37:55,0.0,47.77 M
2019-07-19 15:37:57,0.0,47.77 M
2019-07-19 15:37:59,0.0,47.77 M
2019-07-19 15:38:01,0.0,47.77 M
2019-07-19 15:38:03,0.0,47.77 M
2019-07-19 15:38:05,0.0,47.77 M
2019-07-19 15:38:07,0.0,47.77 M
2019-07-19 15:38:09,0.0,47.77 M
2019-07-19 15:38:11,0.0,47.77 M
2019-07-19 15:38:13,0.0,47.77 M
2019-07-19 15:38:15,0.0,47.77 M
2019-07-19 15:38:17,0.0,47.77 M
2019-07-19 15:38:19,0.0,47.77 M
2019-07-19 15:38:21,0.0,47.77 M
2019-07-19 15:38:23,0.0,47.77 M
2019-07-19 15:38:25,0.0,47.77 M
2019-07-19 15:38:27,0.0,47.77 M
2019-07-19 15:38:29,0.0,47.77 M
2019-07-19 15:38:31,0.0,47.77 M
2019-07-19 15:38:33,0.0,47.77 M
2019-07-19 15:38:35,0.0,47.77 M
2019-07-19 15:38:37,0.0,47.77 M
2019-07-19 15:38:39,0.0,47.77 M
2019-07-19 15:38:41,0.0,47.77 M
2019-07-19 15:38:43,0.0,47.77 M
2019-07-19 15:38:45,0.0,47.77 M
2019-07-19 15:38:47,0.0,47.77 M
2019-07-19 15:38:49,0.0,47.77 M
2019-07-19 15:38:51,0.0,47.77 M
2019-07-19 15:38:53,0.0,47.77 M
2019-07-19 15:38:55,0.0,47.77 M
2019-07-19 15:38:57,0.0,47.77 M
2019-07-19 15:38:59,0.0,47.77 M
2019-07-19 15:39:01,0.0,47.77 M
2019-07-19 15:39:03,0.0,47.77 M
2019-07-19 15:39:05,0.0,47.77 M
2019-07-19 15:39:07,0.0,47.77 M
2019-07-19 15:39:09,0.0,47.77 M
2019-07-19 15:39:11,0.0,47.77 M
2019-07-19 15:39:13,0.0,47.77 M
2019-07-19 15:39:15,0.0,47.77 M
2019-07-19 15:39:17,1.0,47.77 M
2019-07-19 15:39:20,16.0,47.96 M
2019-07-19 15:39:23,17.0,48.12 M
2019-07-19 15:39:25,0.0,48.12 M
2019-07-19 15:39:27,0.0,48.12 M
2019-07-19 15:39:29,0.0,48.12 M
2019-07-19 15:39:31,0.0,48.12 M
2019-07-19 15:39:33,0.0,48.12 M
2019-07-19 15:39:35,0.0,48.12 M
2019-07-19 15:39:37,0.0,48.12 M
2019-07-19 15:39:39,0.0,48.12 M
2019-07-19 15:39:41,0.0,48.12 M
2019-07-19 15:39:43,0.0,48.12 M
2019-07-19 15:39:45,0.0,48.12 M
2019-07-19 15:39:47,0.0,48.12 M
2019-07-19 15:39:49,0.0,48.12 M
2019-07-19 15:39:51,0.0,48.12 M
2019-07-19 15:39:54,14.0,48.02 M
2019-07-19 15:39:56,0.0,48.02 M
2019-07-19 15:39:58,0.0,48.02 M
2019-07-19 15:40:00,0.0,48.02 M
2019-07-19 15:40:02,0.0,48.02 M
2019-07-19 15:40:05,0.0,48.02 M
2019-07-19 15:40:07,0.0,48.02 M
2019-07-19 15:40:09,0.0,48.02 M
2019-07-19 15:40:11,0.0,48.02 M
2019-07-19 15:40:13,0.0,48.02 M
2019-07-19 15:40:15,0.0,48.02 M
2019-07-19 15:40:17,0.0,48.02 M
2019-07-19 15:40:19,0.0,48.02 M
2019-07-19 15:40:21,0.0,48.02 M
2019-07-19 15:40:24,15.0,48.21 M
2019-07-19 15:40:26,0.0,48.21 M
2019-07-19 15:40:28,0.0,48.21 M
2019-07-19 15:40:30,0.0,48.21 M
2019-07-19 15:40:32,0.0,48.21 M
2019-07-19 15:40:34,0.0,48.21 M
2019-07-19 15:40:36,0.0,48.21 M
2019-07-19 15:40:38,0.0,48.21 M
2019-07-19 15:40:40,0.0,48.21 M
2019-07-19 15:40:42,0.0,48.21 M
2019-07-19 15:40:44,0.0,48.21 M
2019-07-19 15:40:46,0.0,48.21 M
2019-07-19 15:40:48,0.0,48.21 M
2019-07-19 15:40:50,0.0,48.21 M
2019-07-19 15:40:52,0.0,48.21 M
2019-07-19 15:40:54,0.0,48.21 M
2019-07-19 15:40:56,0.0,48.21 M
2019-07-19 15:40:58,0.0,48.21 M
2019-07-19 15:41:00,0.0,48.21 M
2019-07-19 15:41:02,0.0,48.21 M
2019-07-19 15:41:04,0.0,48.21 M
2019-07-19 15:41:06,0.0,48.21 M
2019-07-19 15:41:08,0.0,48.21 M
2019-07-19 15:41:10,0.0,48.21 M
2019-07-19 15:41:12,0.0,48.21 M
2019-07-19 15:41:14,0.0,48.21 M
2019-07-19 15:41:16,0.0,48.21 M
2019-07-19 15:41:18,0.0,48.21 M
2019-07-19 15:41:20,16.0,47.76 M
2019-07-19 15:41:22,0.0,47.76 M
2019-07-19 15:41:24,0.0,47.76 M
2019-07-19 15:41:26,0.0,47.76 M
2019-07-19 15:41:28,0.0,47.76 M
2019-07-19 15:41:30,0.0,47.76 M
2019-07-19 15:41:32,0.0,47.76 M
2019-07-19 15:41:34,0.0,47.76 M
2019-07-19 15:41:36,0.0,47.76 M
2019-07-19 15:41:38,0.0,47.76 M
2019-07-19 15:41:40,0.0,47.76 M
2019-07-19 15:41:42,0.0,47.76 M
2019-07-19 15:41:44,0.0,47.76 M
2019-07-19 15:41:46,0.0,47.76 M
2019-07-19 15:41:48,0.0,47.76 M
2019-07-19 15:41:50,0.0,47.76 M
2019-07-19 15:41:52,0.0,47.76 M
2019-07-19 15:41:54,0.0,47.76 M
2019-07-19 15:41:56,0.0,47.76 M
2019-07-19 15:41:58,0.0,47.76 M
2019-07-19 15:42:00,0.0,47.76 M
2019-07-19 15:42:02,0.0,47.76 M
2019-07-19 15:42:04,0.0,47.76 M
2019-07-19 15:42:06,0.0,47.76 M
2019-07-19 15:42:08,0.0,47.76 M
2019-07-19 15:42:10,0.0,47.76 M
2019-07-19 15:42:12,0.0,47.76 M
2019-07-19 15:42:14,0.0,47.76 M
2019-07-19 15:42:16,0.0,47.76 M
2019-07-19 15:42:18,0.0,47.76 M
2019-07-19 15:42:20,0.0,47.76 M
2019-07-19 15:42:22,0.0,47.76 M
2019-07-19 15:42:24,0.0,47.76 M
2019-07-19 15:42:26,0.0,47.76 M
2019-07-19 15:42:28,0.0,47.76 M
2019-07-19 15:42:30,0.0,47.76 M
2019-07-19 15:42:32,0.0,47.76 M
2019-07-19 15:42:36,14.0,48.52 M
2019-07-19 15:42:38,0.0,48.52 M
2019-07-19 15:42:40,0.0,48.52 M
2019-07-19 15:42:42,0.0,48.52 M
2019-07-19 15:42:44,0.0,48.52 M
2019-07-19 15:42:46,0.0,48.52 M
2019-07-19 15:42:48,0.0,48.52 M
2019-07-19 15:42:50,0.0,48.52 M
2019-07-19 15:42:52,0.0,48.52 M
2019-07-19 15:42:54,0.0,48.52 M
2019-07-19 15:42:56,0.0,48.52 M
2019-07-19 15:42:58,0.0,48.52 M
2019-07-19 15:43:00,0.0,48.52 M
2019-07-19 15:43:02,0.0,48.52 M
2019-07-19 15:43:05,15.0,48.00 M
2019-07-19 15:43:07,0.0,48.00 M
2019-07-19 15:43:09,0.0,48.00 M
2019-07-19 15:43:11,0.0,48.00 M
2019-07-19 15:43:13,0.0,48.00 M
2019-07-19 15:43:15,0.0,48.00 M
2019-07-19 15:43:17,0.0,48.00 M
2019-07-19 15:43:19,0.0,48.00 M
2019-07-19 15:43:21,0.0,48.00 M
2019-07-19 15:43:23,0.0,48.00 M
2019-07-19 15:43:25,0.0,48.00 M
2019-07-19 15:43:27,0.0,48.00 M
2019-07-19 15:43:29,0.0,48.00 M
2019-07-19 15:43:31,0.0,48.00 M
2019-07-19 15:43:33,0.0,48.00 M
2019-07-19 15:43:35,0.0,48.00 M
2019-07-19 15:43:37,0.0,48.00 M
2019-07-19 15:43:39,0.0,48.00 M
2019-07-19 15:43:41,0.0,48.00 M
2019-07-19 15:43:43,0.0,48.00 M
2019-07-19 15:43:45,0.0,48.00 M
2019-07-19 15:43:47,0.0,48.00 M
2019-07-19 15:43:49,0.0,48.00 M
2019-07-19 15:43:51,0.0,48.00 M
2019-07-19 15:43:53,0.0,48.00 M
2019-07-19 15:43:55,0.0,48.00 M
2019-07-19 15:43:57,0.0,48.00 M
2019-07-19 15:43:59,0.0,48.00 M
2019-07-19 15:44:01,0.0,48.00 M
2019-07-19 15:44:03,0.0,48.00 M
2019-07-19 15:44:05,0.0,48.00 M
2019-07-19 15:44:07,0.0,48.00 M
2019-07-19 15:44:09,0.0,48.00 M
2019-07-19 15:44:11,0.0,48.00 M
2019-07-19 15:44:13,0.0,48.00 M
2019-07-19 15:44:15,0.0,48.00 M
2019-07-19 15:44:17,0.0,48.00 M
2019-07-19 15:44:19,0.0,48.00 M
2019-07-19 15:44:22,15.0,47.88 M
2019-07-19 15:44:24,0.0,47.88 M
2019-07-19 15:44:26,0.0,47.88 M
2019-07-19 15:44:28,0.0,47.88 M
2019-07-19 15:44:30,0.0,47.88 M
2019-07-19 15:44:32,0.0,47.88 M
2019-07-19 15:44:34,0.0,47.88 M
2019-07-19 15:44:36,0.0,47.88 M
2019-07-19 15:44:38,0.0,47.88 M
2019-07-19 15:44:40,0.0,47.88 M
2019-07-19 15:44:42,0.0,47.88 M
2019-07-19 15:44:44,0.0,47.88 M
2019-07-19 15:44:46,0.0,47.88 M
2019-07-19 15:44:48,0.0,47.88 M
2019-07-19 15:44:50,0.0,47.88 M
2019-07-19 15:44:52,0.0,47.88 M
2019-07-19 15:44:54,0.0,47.88 M
2019-07-19 15:44:57,0.0,47.88 M
2019-07-19 15:44:59,0.0,47.88 M
2019-07-19 15:45:01,0.0,47.88 M
2019-07-19 15:45:03,0.0,47.88 M
2019-07-19 15:45:05,0.0,47.88 M
2019-07-19 15:45:07,0.0,47.88 M
2019-07-19 15:45:09,0.0,47.88 M
2019-07-19 15:45:11,0.0,47.88 M
2019-07-19 15:45:13,0.0,47.88 M
2019-07-19 15:45:15,0.0,47.88 M
2019-07-19 15:45:17,0.0,47.88 M
2019-07-19 15:45:19,0.0,47.88 M
2019-07-19 15:45:21,0.0,47.88 M
2019-07-19 15:45:23,0.0,47.88 M
2019-07-19 15:45:25,0.0,47.88 M
2019-07-19 15:45:27,0.0,47.88 M
2019-07-19 15:45:29,0.0,47.88 M
2019-07-19 15:45:31,0.0,47.88 M
2019-07-19 15:45:33,0.0,47.88 M
2019-07-19 15:45:35,0.0,47.88 M
2019-07-19 15:45:37,0.0,47.88 M
2019-07-19 15:45:39,0.0,47.88 M
2019-07-19 15:45:41,0.0,47.88 M
2019-07-19 15:45:43,0.0,47.88 M
2019-07-19 15:45:45,0.0,47.88 M
2019-07-19 15:45:47,0.0,47.88 M
2019-07-19 15:45:49,0.0,47.88 M
2019-07-19 15:45:51,0.0,47.88 M
2019-07-19 15:45:53,0.0,47.88 M
2019-07-19 15:45:55,0.0,47.88 M
2019-07-19 15:45:57,0.0,47.88 M
2019-07-19 15:45:59,0.0,47.88 M
2019-07-19 15:46:01,0.0,47.88 M
2019-07-19 15:46:03,0.0,47.88 M
2019-07-19 15:46:05,0.0,47.88 M
2019-07-19 15:46:07,0.0,47.88 M
2019-07-19 15:46:09,0.0,47.88 M
2019-07-19 15:46:11,0.0,47.88 M
2019-07-19 15:46:13,0.0,47.88 M
2019-07-19 15:46:15,0.0,47.88 M
2019-07-19 15:46:17,0.0,47.88 M
2019-07-19 15:46:19,0.0,47.88 M
2019-07-19 15:46:21,0.0,47.88 M
2019-07-19 15:46:23,0.0,47.88 M
2019-07-19 15:46:25,0.0,47.88 M
2019-07-19 15:46:27,0.0,47.88 M
2019-07-19 15:46:29,0.0,47.88 M
2019-07-19 15:46:31,0.0,47.88 M
2019-07-19 15:46:33,0.0,47.88 M
2019-07-19 15:46:35,0.0,47.88 M
2019-07-19 15:46:37,0.0,47.88 M
2019-07-19 15:46:39,0.0,47.88 M
2019-07-19 15:46:41,0.0,47.88 M
2019-07-19 15:46:43,0.0,47.88 M
2019-07-19 15:46:45,0.0,47.88 M
2019-07-19 15:46:47,0.0,47.88 M
2019-07-19 15:46:49,0.0,47.88 M
2019-07-19 15:46:51,0.0,47.88 M
2019-07-19 15:46:53,0.0,47.88 M
2019-07-19 15:46:55,0.0,47.88 M
2019-07-19 15:46:57,0.0,47.88 M
2019-07-19 15:46:59,0.0,47.88 M
2019-07-19 15:47:01,0.0,47.88 M
2019-07-19 15:47:03,0.0,47.88 M
2019-07-19 15:47:05,0.0,47.88 M
2019-07-19 15:47:07,0.0,47.88 M
2019-07-19 15:47:09,0.0,47.88 M
2019-07-19 15:47:11,0.0,47.88 M
2019-07-19 15:47:13,0.0,47.88 M
2019-07-19 15:47:15,0.0,47.88 M
2019-07-19 15:47:17,0.0,47.88 M
2019-07-19 15:47:19,0.0,47.88 M
2019-07-19 15:47:21,0.0,47.88 M
2019-07-19 15:47:23,0.0,47.88 M
2019-07-19 15:47:25,0.0,47.88 M
2019-07-19 15:47:27,0.0,47.88 M
2019-07-19 15:47:29,0.0,47.88 M
2019-07-19 15:47:31,0.0,47.88 M
2019-07-19 15:47:33,0.0,47.88 M
2019-07-19 15:47:35,0.0,47.88 M
2019-07-19 15:47:37,0.0,47.88 M
2019-07-19 15:47:39,0.0,47.88 M
2019-07-19 15:47:41,0.0,47.88 M
2019-07-19 15:47:43,0.0,47.88 M
2019-07-19 15:47:45,0.0,47.88 M
2019-07-19 15:47:47,0.0,47.88 M
2019-07-19 15:47:49,0.0,47.88 M
2019-07-19 15:47:51,0.0,47.88 M
2019-07-19 15:47:53,0.0,47.88 M
2019-07-19 15:47:55,0.0,47.88 M
2019-07-19 15:47:57,0.0,47.88 M
2019-07-19 15:47:59,0.0,47.88 M
2019-07-19 15:48:02,0.0,47.88 M
2019-07-19 15:48:04,0.0,47.88 M
2019-07-19 15:48:06,0.0,47.88 M
2019-07-19 15:48:08,0.0,47.88 M
2019-07-19 15:48:10,0.0,47.88 M
2019-07-19 15:48:12,0.0,47.88 M
2019-07-19 15:48:14,0.0,47.88 M
2019-07-19 15:48:16,0.0,47.88 M
2019-07-19 15:48:18,0.0,47.88 M
2019-07-19 15:48:20,0.0,47.88 M
2019-07-19 15:48:22,0.0,47.88 M
2019-07-19 15:48:24,0.0,47.88 M
2019-07-19 15:48:26,0.0,47.88 M
2019-07-19 15:48:28,0.0,47.88 M
2019-07-19 15:48:30,0.0,47.88 M
2019-07-19 15:48:32,0.0,47.88 M
2019-07-19 15:48:34,0.0,47.88 M
2019-07-19 15:48:36,0.0,47.88 M
2019-07-19 15:48:38,0.0,47.88 M
2019-07-19 15:48:40,0.0,47.88 M
2019-07-19 15:48:42,0.0,47.88 M
2019-07-19 15:48:44,0.0,47.88 M
2019-07-19 15:48:46,0.0,47.88 M
2019-07-19 15:48:48,0.0,47.88 M
2019-07-19 15:48:50,0.0,47.88 M
2019-07-19 15:48:52,0.0,47.88 M
2019-07-19 15:48:54,0.0,47.88 M
2019-07-19 15:48:56,0.0,47.88 M
2019-07-19 15:48:58,0.0,47.88 M
2019-07-19 15:49:00,0.0,47.88 M
2019-07-19 15:49:02,0.0,47.88 M
2019-07-19 15:49:04,0.0,47.88 M
2019-07-19 15:49:06,0.0,47.88 M
2019-07-19 15:49:08,0.0,47.88 M
2019-07-19 15:49:10,0.0,47.88 M
2019-07-19 15:49:12,0.0,47.88 M
2019-07-19 15:49:14,0.0,47.88 M
2019-07-19 15:49:16,0.0,47.88 M
2019-07-19 15:49:18,0.0,47.88 M
2019-07-19 15:49:20,0.0,47.88 M
2019-07-19 15:49:23,17.0,47.87 M
2019-07-19 15:49:26,16.0,48.14 M
2019-07-19 15:49:28,0.0,48.14 M
2019-07-19 15:49:30,0.0,48.14 M
2019-07-19 15:49:32,0.0,48.14 M
2019-07-19 15:49:34,0.0,48.14 M
2019-07-19 15:49:36,0.0,48.14 M
2019-07-19 15:49:38,0.0,48.14 M
2019-07-19 15:49:40,0.0,48.14 M
2019-07-19 15:49:42,0.0,48.14 M
2019-07-19 15:49:44,0.0,48.14 M
2019-07-19 15:49:46,0.0,48.14 M
2019-07-19 15:49:48,0.0,48.14 M
2019-07-19 15:49:50,0.0,48.14 M
2019-07-19 15:49:52,0.0,48.14 M
2019-07-19 15:49:54,0.0,48.14 M
2019-07-19 15:49:56,0.0,48.14 M
2019-07-19 15:49:58,0.0,48.14 M
2019-07-19 15:50:00,0.0,48.14 M
2019-07-19 15:50:02,0.0,48.14 M
2019-07-19 15:50:04,0.0,48.14 M
2019-07-19 15:50:06,0.0,48.14 M
2019-07-19 15:50:08,0.0,48.14 M
2019-07-19 15:50:10,0.0,48.14 M
2019-07-19 15:50:12,0.0,48.14 M
2019-07-19 15:50:14,0.0,48.14 M
2019-07-19 15:50:16,0.0,48.14 M
2019-07-19 15:50:18,0.0,48.14 M
2019-07-19 15:50:20,0.0,48.14 M
2019-07-19 15:50:22,0.0,48.14 M
2019-07-19 15:50:24,0.0,48.14 M
2019-07-19 15:50:26,0.0,48.14 M
2019-07-19 15:50:28,0.0,48.14 M
2019-07-19 15:50:30,0.0,48.14 M
2019-07-19 15:50:32,0.0,48.14 M
2019-07-19 15:50:34,0.0,48.14 M
2019-07-19 15:50:37,0.0,48.14 M
2019-07-19 15:50:39,0.0,48.14 M
2019-07-19 15:50:41,0.0,48.14 M
2019-07-19 15:50:43,0.0,48.14 M
2019-07-19 15:50:45,0.0,48.14 M
2019-07-19 15:50:47,0.0,48.14 M
2019-07-19 15:50:49,0.0,48.14 M
2019-07-19 15:50:51,0.0,48.14 M
2019-07-19 15:50:53,0.0,48.14 M
2019-07-19 15:50:55,0.0,48.14 M
2019-07-19 15:50:57,0.0,48.14 M
2019-07-19 15:50:59,0.0,48.14 M
2019-07-19 15:51:01,0.0,48.14 M
2019-07-19 15:51:03,0.0,48.14 M
2019-07-19 15:51:05,0.0,48.14 M
2019-07-19 15:51:07,0.0,48.14 M
2019-07-19 15:51:09,0.0,48.14 M
2019-07-19 15:51:11,0.0,48.14 M
2019-07-19 15:51:13,0.0,48.14 M
2019-07-19 15:51:15,0.0,48.14 M
2019-07-19 15:51:17,0.0,48.14 M
2019-07-19 15:51:19,0.0,48.14 M
2019-07-19 15:51:21,0.0,48.14 M
2019-07-19 15:51:23,0.0,48.14 M
2019-07-19 15:51:25,0.0,48.14 M
2019-07-19 15:51:27,0.0,48.14 M
2019-07-19 15:51:29,0.0,48.14 M
2019-07-19 15:51:31,0.0,48.14 M
2019-07-19 15:51:33,0.0,48.14 M
2019-07-19 15:51:35,0.0,48.14 M
2019-07-19 15:51:37,0.0,48.14 M
2019-07-19 15:51:39,0.0,48.14 M
2019-07-19 15:51:41,0.0,48.14 M
2019-07-19 15:51:43,0.0,48.14 M
2019-07-19 15:51:45,0.0,48.14 M
2019-07-19 15:51:47,0.0,48.14 M
2019-07-19 15:51:49,0.0,48.14 M
2019-07-19 15:51:51,0.0,48.14 M
2019-07-19 15:51:53,0.0,48.14 M
2019-07-19 15:51:55,0.0,48.14 M
2019-07-19 15:51:57,0.0,48.14 M
2019-07-19 15:51:59,0.0,48.14 M
2019-07-19 15:52:01,0.0,48.14 M
2019-07-19 15:52:03,0.0,48.14 M
2019-07-19 15:52:05,0.0,48.14 M
2019-07-19 15:52:07,0.0,48.14 M
2019-07-19 15:52:09,0.0,48.14 M
2019-07-19 15:52:11,0.0,48.14 M
2019-07-19 15:52:13,0.0,48.14 M
2019-07-19 15:52:15,0.0,48.14 M
2019-07-19 15:52:17,0.0,48.14 M
2019-07-19 15:52:19,0.0,48.14 M
2019-07-19 15:52:21,0.0,48.14 M
2019-07-19 15:52:23,0.0,48.14 M
2019-07-19 15:52:25,0.0,48.14 M
2019-07-19 15:52:27,0.0,48.14 M
2019-07-19 15:52:29,0.0,48.14 M
2019-07-19 15:52:31,0.0,48.14 M
2019-07-19 15:52:33,0.0,48.14 M
2019-07-19 15:52:35,0.0,48.14 M
2019-07-19 15:52:37,0.0,48.14 M
2019-07-19 15:52:39,0.0,48.14 M
2019-07-19 15:52:41,0.0,48.14 M
2019-07-19 15:52:43,0.0,48.14 M
2019-07-19 15:52:45,0.0,48.14 M
2019-07-19 15:52:47,0.0,48.14 M
2019-07-19 15:52:49,0.0,48.14 M
2019-07-19 15:52:51,0.0,48.14 M
2019-07-19 15:52:53,0.0,48.14 M
2019-07-19 15:52:55,0.0,48.14 M
2019-07-19 15:52:57,0.0,48.14 M
2019-07-19 15:52:59,0.0,48.14 M
2019-07-19 15:53:01,0.0,48.14 M
2019-07-19 15:53:03,0.0,48.14 M
2019-07-19 15:53:05,0.0,48.14 M
2019-07-19 15:53:07,0.0,48.14 M
2019-07-19 15:53:09,0.0,48.14 M
2019-07-19 15:53:11,0.0,48.14 M
2019-07-19 15:53:13,0.0,48.14 M
2019-07-19 15:53:15,0.0,48.14 M
2019-07-19 15:53:17,0.0,48.14 M
2019-07-19 15:53:19,0.0,48.14 M
2019-07-19 15:53:21,0.0,48.14 M
2019-07-19 15:53:23,0.0,48.14 M
2019-07-19 15:53:25,0.0,48.14 M
2019-07-19 15:53:27,0.0,48.14 M
2019-07-19 15:53:29,0.0,48.14 M
2019-07-19 15:53:31,0.0,48.14 M
2019-07-19 15:53:33,0.0,48.14 M
2019-07-19 15:53:35,0.0,48.14 M
2019-07-19 15:53:37,0.0,48.14 M
2019-07-19 15:53:39,0.0,48.14 M
2019-07-19 15:53:41,0.0,48.14 M
2019-07-19 15:53:43,0.0,48.14 M
2019-07-19 15:53:45,0.0,48.14 M
2019-07-19 15:53:47,0.0,48.14 M
2019-07-19 15:53:50,0.0,48.14 M
2019-07-19 15:53:52,0.0,48.14 M
2019-07-19 15:53:54,0.0,48.14 M
2019-07-19 15:53:56,0.0,48.14 M
2019-07-19 15:53:58,0.0,48.14 M
2019-07-19 15:54:00,0.0,48.14 M
2019-07-19 15:54:02,0.0,48.14 M
2019-07-19 15:54:04,0.0,48.14 M
2019-07-19 15:54:06,0.0,48.14 M
2019-07-19 15:54:08,0.0,48.14 M
2019-07-19 15:54:10,0.0,48.14 M
2019-07-19 15:54:12,0.0,48.14 M
2019-07-19 15:54:14,0.0,48.14 M
2019-07-19 15:54:16,0.0,48.14 M
2019-07-19 15:54:18,0.0,48.14 M
2019-07-19 15:54:20,0.0,48.14 M
2019-07-19 15:54:22,0.0,48.14 M
2019-07-19 15:54:24,0.0,48.14 M
2019-07-19 15:54:27,15.0,47.55 M
2019-07-19 15:54:29,14.0,47.59 M
2019-07-19 15:54:31,0.0,47.59 M
2019-07-19 15:54:33,0.0,47.59 M
2019-07-19 15:54:35,0.0,47.59 M
2019-07-19 15:54:37,0.0,47.59 M
2019-07-19 15:54:39,0.0,47.59 M
2019-07-19 15:54:41,0.0,47.59 M
2019-07-19 15:54:43,0.0,47.59 M
2019-07-19 15:54:45,0.0,47.59 M
2019-07-19 15:54:47,0.0,47.59 M
2019-07-19 15:54:49,0.0,47.59 M
2019-07-19 15:54:51,0.0,47.59 M
2019-07-19 15:54:53,0.0,47.59 M
2019-07-19 15:54:55,0.0,47.59 M
2019-07-19 15:54:57,0.0,47.59 M
2019-07-19 15:54:59,0.0,47.59 M
2019-07-19 15:55:01,0.0,47.59 M
2019-07-19 15:55:03,0.0,47.59 M
2019-07-19 15:55:05,0.0,47.59 M
2019-07-19 15:55:07,0.0,47.59 M
2019-07-19 15:55:09,0.0,47.59 M
2019-07-19 15:55:11,0.0,47.59 M
2019-07-19 15:55:13,0.0,47.59 M
2019-07-19 15:55:15,0.0,47.59 M
2019-07-19 15:55:17,0.0,47.59 M
2019-07-19 15:55:19,0.0,47.59 M
2019-07-19 15:55:21,0.0,47.59 M
2019-07-19 15:55:23,0.0,47.59 M
2019-07-19 15:55:25,0.0,47.59 M
2019-07-19 15:55:27,0.0,47.59 M
2019-07-19 15:55:29,0.0,47.59 M
2019-07-19 15:55:31,0.0,47.59 M
2019-07-19 15:55:33,0.0,47.59 M
2019-07-19 15:55:35,0.0,47.59 M
2019-07-19 15:55:37,0.0,47.59 M
2019-07-19 15:55:39,0.0,47.59 M
2019-07-19 15:55:41,0.0,47.59 M
2019-07-19 15:55:43,0.0,47.59 M
2019-07-19 15:55:45,0.0,47.59 M
2019-07-19 15:55:47,0.0,47.59 M
2019-07-19 15:55:49,0.0,47.59 M
2019-07-19 15:55:51,0.0,47.59 M
2019-07-19 15:55:53,0.0,47.59 M
2019-07-19 15:55:55,0.0,47.59 M
2019-07-19 15:55:57,0.0,47.59 M
2019-07-19 15:55:59,0.0,47.59 M
2019-07-19 15:56:01,0.0,47.59 M
2019-07-19 15:56:03,0.0,47.59 M
2019-07-19 15:56:05,0.0,47.59 M
2019-07-19 15:56:07,0.0,47.59 M
2019-07-19 15:56:09,0.0,47.59 M
2019-07-19 15:56:11,0.0,47.59 M
2019-07-19 15:56:13,0.0,47.59 M
2019-07-19 15:56:15,0.0,47.59 M
2019-07-19 15:56:17,0.0,47.59 M
2019-07-19 15:56:19,0.0,47.59 M
2019-07-19 15:56:21,0.0,47.59 M
2019-07-19 15:56:23,0.0,47.59 M
2019-07-19 15:56:25,0.0,47.59 M
2019-07-19 15:56:27,0.0,47.59 M
2019-07-19 15:56:29,0.0,47.59 M
2019-07-19 15:56:31,0.0,47.59 M
2019-07-19 15:56:33,0.0,47.59 M
2019-07-19 15:56:35,0.0,47.59 M
2019-07-19 15:56:38,0.0,47.59 M
2019-07-19 15:56:40,0.0,47.59 M
2019-07-19 15:56:42,0.0,47.59 M
2019-07-19 15:56:44,0.0,47.59 M
2019-07-19 15:56:46,0.0,47.59 M
2019-07-19 15:56:48,0.0,47.59 M
2019-07-19 15:56:50,0.0,47.59 M
2019-07-19 15:56:52,0.0,47.59 M
2019-07-19 15:56:54,0.0,47.59 M
2019-07-19 15:56:56,0.0,47.59 M
2019-07-19 15:56:58,0.0,47.59 M
2019-07-19 15:57:00,0.0,47.59 M
2019-07-19 15:57:02,0.0,47.59 M
2019-07-19 15:57:04,0.0,47.59 M
2019-07-19 15:57:06,0.0,47.59 M
2019-07-19 15:57:08,0.0,47.59 M
2019-07-19 15:57:10,0.0,47.59 M
2019-07-19 15:57:12,0.0,47.59 M
2019-07-19 15:57:14,0.0,47.59 M
2019-07-19 15:57:16,0.0,47.59 M
2019-07-19 15:57:18,0.0,47.59 M
2019-07-19 15:57:20,0.0,47.59 M
2019-07-19 15:57:22,0.0,47.59 M
2019-07-19 15:57:24,0.0,47.59 M
2019-07-19 15:57:26,0.0,47.59 M
2019-07-19 15:57:28,0.0,47.59 M
2019-07-19 15:57:30,0.0,47.59 M
2019-07-19 15:57:32,0.0,47.59 M
2019-07-19 15:57:34,0.0,47.59 M
2019-07-19 15:57:36,0.0,47.59 M
2019-07-19 15:57:38,0.0,47.59 M
2019-07-19 15:57:40,0.0,47.59 M
2019-07-19 15:57:42,0.0,47.59 M
2019-07-19 15:57:44,0.0,47.59 M
2019-07-19 15:57:46,0.0,47.59 M
2019-07-19 15:57:48,0.0,47.59 M
2019-07-19 15:57:50,0.0,47.59 M
2019-07-19 15:57:52,0.0,47.59 M
2019-07-19 15:57:54,0.0,47.59 M
2019-07-19 15:57:56,0.0,47.59 M
2019-07-19 15:57:58,0.0,47.59 M
2019-07-19 15:58:00,0.0,47.59 M
2019-07-19 15:58:02,0.0,47.59 M
2019-07-19 15:58:04,0.0,47.59 M
2019-07-19 15:58:06,0.0,47.59 M
2019-07-19 15:58:08,0.0,47.59 M
2019-07-19 15:58:10,0.0,47.59 M
2019-07-19 15:58:12,0.0,47.59 M
2019-07-19 15:58:14,0.0,47.59 M
2019-07-19 15:58:16,0.0,47.59 M
2019-07-19 15:58:18,0.0,47.59 M
2019-07-19 15:58:20,0.0,47.59 M
2019-07-19 15:58:22,0.0,47.59 M
2019-07-19 15:58:24,0.0,47.59 M
2019-07-19 15:58:26,0.0,47.59 M
2019-07-19 15:58:28,0.0,47.59 M
2019-07-19 15:58:30,0.0,47.59 M
2019-07-19 15:58:32,0.0,47.59 M
2019-07-19 15:58:34,0.0,47.59 M
2019-07-19 15:58:36,0.0,47.59 M
2019-07-19 15:58:38,0.0,47.59 M
2019-07-19 15:58:40,0.0,47.59 M
2019-07-19 15:58:42,0.0,47.59 M
2019-07-19 15:58:44,0.0,47.59 M
2019-07-19 15:58:46,0.0,47.59 M
2019-07-19 15:58:48,0.0,47.59 M
2019-07-19 15:58:50,0.0,47.59 M
2019-07-19 15:58:52,0.0,47.59 M
2019-07-19 15:58:54,0.0,47.59 M
2019-07-19 15:58:56,0.0,47.59 M
2019-07-19 15:58:58,0.0,47.59 M
2019-07-19 15:59:00,0.0,47.59 M
2019-07-19 15:59:02,0.0,47.59 M
2019-07-19 15:59:04,0.0,47.59 M
2019-07-19 15:59:06,0.0,47.59 M
2019-07-19 15:59:08,0.0,47.59 M
2019-07-19 15:59:10,0.0,47.59 M
2019-07-19 15:59:12,0.0,47.59 M
2019-07-19 15:59:14,0.0,47.59 M
2019-07-19 15:59:16,0.0,47.59 M
2019-07-19 15:59:18,0.0,47.59 M
2019-07-19 15:59:20,0.0,47.59 M
2019-07-19 15:59:22,0.0,47.59 M
2019-07-19 15:59:24,0.0,47.59 M
2019-07-19 15:59:26,0.0,47.59 M
2019-07-19 15:59:31,14.0,47.93 M
2019-07-19 15:59:33,0.0,47.93 M
2019-07-19 15:59:35,0.0,47.93 M
2019-07-19 15:59:37,0.0,47.93 M
2019-07-19 15:59:39,0.0,47.93 M
2019-07-19 15:59:41,0.0,47.93 M
2019-07-19 15:59:43,0.0,47.93 M
2019-07-19 15:59:45,0.0,47.93 M
2019-07-19 15:59:47,0.0,47.93 M
2019-07-19 15:59:49,0.0,47.93 M
2019-07-19 15:59:51,0.0,47.93 M
2019-07-19 15:59:53,0.0,47.93 M
2019-07-19 15:59:55,0.0,47.93 M
2019-07-19 15:59:57,0.0,47.93 M
2019-07-19 15:59:59,0.0,47.93 M
2019-07-19 16:00:01,0.0,47.93 M
2019-07-19 16:00:03,0.0,47.93 M
2019-07-19 16:00:05,0.0,47.93 M
2019-07-19 16:00:07,0.0,47.93 M
2019-07-19 16:00:09,0.0,47.93 M
2019-07-19 16:00:11,0.0,47.93 M
2019-07-19 16:00:13,0.0,47.93 M
2019-07-19 16:00:15,0.0,47.93 M
2019-07-19 16:00:17,0.0,47.93 M
2019-07-19 16:00:19,0.0,47.93 M
2019-07-19 16:00:21,0.0,47.93 M
2019-07-19 16:00:23,0.0,47.93 M
2019-07-19 16:00:25,0.0,47.93 M
2019-07-19 16:00:27,0.0,47.93 M
2019-07-19 16:00:29,0.0,47.93 M
2019-07-19 16:00:31,0.0,47.93 M
2019-07-19 16:00:33,0.0,47.93 M
2019-07-19 16:00:35,0.0,47.93 M
2019-07-19 16:00:37,0.0,47.93 M
2019-07-19 16:00:39,0.0,47.93 M
2019-07-19 16:00:41,0.0,47.93 M
2019-07-19 16:00:43,0.0,47.93 M
2019-07-19 16:00:45,0.0,47.93 M
2019-07-19 16:00:48,15.0,47.99 M
2019-07-19 16:00:50,0.0,47.99 M
2019-07-19 16:00:52,0.0,47.99 M
2019-07-19 16:00:55,15.0,48.26 M
2019-07-19 16:00:57,0.0,48.26 M
2019-07-19 16:00:59,0.0,48.26 M
2019-07-19 16:01:01,0.0,48.26 M
2019-07-19 16:01:03,0.0,48.26 M
2019-07-19 16:01:05,0.0,48.26 M
2019-07-19 16:01:07,0.0,48.26 M
2019-07-19 16:01:09,0.0,48.26 M
2019-07-19 16:01:12,14.0,47.68 M
2019-07-19 16:01:14,0.0,47.68 M
2019-07-19 16:01:16,0.0,47.68 M
2019-07-19 16:01:18,0.0,47.68 M
2019-07-19 16:01:20,0.0,47.68 M
2019-07-19 16:01:22,0.0,47.68 M
2019-07-19 16:01:24,0.0,47.68 M
2019-07-19 16:01:27,16.0,48.04 M
2019-07-19 16:01:29,0.0,48.04 M
2019-07-19 16:01:31,0.0,48.04 M
2019-07-19 16:01:34,15.0,48.19 M
2019-07-19 16:01:36,0.0,48.19 M
2019-07-19 16:01:38,0.0,48.19 M
2019-07-19 16:01:40,0.0,48.19 M
2019-07-19 16:01:42,0.0,48.19 M
2019-07-19 16:01:44,0.0,48.19 M
2019-07-19 16:01:46,0.0,48.19 M
2019-07-19 16:01:48,0.0,48.19 M
2019-07-19 16:01:50,0.0,48.19 M
2019-07-19 16:01:52,0.0,48.19 M
2019-07-19 16:01:54,0.0,48.19 M
2019-07-19 16:01:56,15.0,48.21 M
2019-07-19 16:01:58,0.0,48.21 M
2019-07-19 16:02:00,15.0,48.21 M
2019-07-19 16:02:02,0.0,48.21 M
2019-07-19 16:02:04,0.0,48.21 M
2019-07-19 16:02:07,15.0,48.21 M
2019-07-19 16:02:09,0.0,48.21 M
2019-07-19 16:02:11,0.0,48.21 M
2019-07-19 16:02:13,0.0,48.21 M
2019-07-19 16:02:15,0.0,48.21 M
2019-07-19 16:02:17,0.0,48.21 M
2019-07-19 16:02:19,0.0,48.21 M
2019-07-19 16:02:21,0.0,48.21 M
2019-07-19 16:02:23,0.0,48.21 M
2019-07-19 16:02:25,0.0,48.21 M
2019-07-19 16:02:27,0.0,48.21 M
2019-07-19 16:02:30,15.0,47.90 M
2019-07-19 16:02:32,0.0,47.90 M
2019-07-19 16:02:34,0.0,47.90 M
2019-07-19 16:02:36,0.0,47.90 M
2019-07-19 16:02:38,0.0,47.90 M
2019-07-19 16:02:40,0.0,47.90 M
2019-07-19 16:02:42,0.0,47.90 M
2019-07-19 16:02:44,0.0,47.90 M
2019-07-19 16:02:46,0.0,47.90 M
2019-07-19 16:02:48,0.0,47.90 M
2019-07-19 16:02:50,0.0,47.90 M
2019-07-19 16:02:52,0.0,47.90 M
2019-07-19 16:02:54,0.0,47.90 M
2019-07-19 16:02:56,0.0,47.90 M
2019-07-19 16:02:58,0.0,47.90 M
2019-07-19 16:03:00,0.0,47.90 M
2019-07-19 16:03:02,0.0,47.90 M
2019-07-19 16:03:04,0.0,47.90 M
2019-07-19 16:03:06,0.0,47.90 M
2019-07-19 16:03:08,0.0,47.90 M
2019-07-19 16:03:10,0.0,47.90 M
2019-07-19 16:03:12,0.0,47.90 M
2019-07-19 16:03:14,0.0,47.90 M
2019-07-19 16:03:16,0.0,47.90 M
2019-07-19 16:03:18,0.0,47.90 M
2019-07-19 16:03:20,0.0,47.90 M
2019-07-19 16:03:22,0.0,47.90 M
2019-07-19 16:03:26,15.0,47.66 M
2019-07-19 16:03:28,0.0,47.66 M
2019-07-19 16:03:31,15.0,48.13 M
2019-07-19 16:03:33,0.0,48.13 M
2019-07-19 16:03:37,14.0,47.85 M
2019-07-19 16:03:39,0.0,47.85 M
2019-07-19 16:03:41,0.0,47.85 M
2019-07-19 16:03:43,0.0,47.85 M
2019-07-19 16:03:45,0.0,47.85 M
2019-07-19 16:03:47,0.0,47.85 M
2019-07-19 16:03:49,0.0,47.85 M
2019-07-19 16:03:51,0.0,47.85 M
2019-07-19 16:03:53,0.0,47.85 M
2019-07-19 16:03:55,0.0,47.85 M
2019-07-19 16:03:57,0.0,47.85 M
2019-07-19 16:03:59,0.0,47.85 M
2019-07-19 16:04:01,0.0,47.85 M
2019-07-19 16:04:03,0.0,47.85 M
2019-07-19 16:04:05,0.0,47.85 M
2019-07-19 16:04:07,0.0,47.85 M
2019-07-19 16:04:09,0.0,47.85 M
2019-07-19 16:04:11,0.0,47.85 M
2019-07-19 16:04:13,0.0,47.85 M
2019-07-19 16:04:15,0.0,47.85 M
2019-07-19 16:04:17,0.0,47.85 M
2019-07-19 16:04:19,0.0,47.85 M
2019-07-19 16:04:21,0.0,47.85 M
2019-07-19 16:04:23,0.0,47.85 M
2019-07-19 16:04:25,0.0,47.85 M
2019-07-19 16:04:27,0.0,47.85 M
2019-07-19 16:04:29,0.0,47.85 M
2019-07-19 16:04:31,0.0,47.85 M
2019-07-19 16:04:33,0.0,47.85 M
2019-07-19 16:04:35,0.0,47.85 M
2019-07-19 16:04:37,0.0,47.85 M
2019-07-19 16:04:43,15.0,47.62 M
2019-07-19 16:04:45,0.0,47.62 M
2019-07-19 16:04:47,0.0,47.62 M
2019-07-19 16:04:49,0.0,47.62 M
2019-07-19 16:04:51,0.0,47.62 M
2019-07-19 16:04:54,0.0,47.62 M
2019-07-19 16:04:56,0.0,47.62 M
2019-07-19 16:04:58,0.0,47.62 M
2019-07-19 16:05:00,0.0,47.62 M
2019-07-19 16:05:02,0.0,47.62 M
2019-07-19 16:05:04,0.0,47.62 M
2019-07-19 16:05:06,0.0,47.62 M
2019-07-19 16:05:08,0.0,47.62 M
2019-07-19 16:05:10,0.0,47.62 M
2019-07-19 16:05:12,0.0,47.62 M
2019-07-19 16:05:14,0.0,47.62 M
2019-07-19 16:05:16,0.0,47.62 M
2019-07-19 16:05:18,0.0,47.62 M
2019-07-19 16:05:20,0.0,47.62 M
2019-07-19 16:05:22,0.0,47.62 M
2019-07-19 16:05:24,0.0,47.62 M
2019-07-19 16:05:26,0.0,47.62 M
2019-07-19 16:05:28,0.0,47.62 M
2019-07-19 16:05:30,0.0,47.62 M
2019-07-19 16:05:32,0.0,47.62 M
2019-07-19 16:05:34,0.0,47.62 M
2019-07-19 16:05:36,0.0,47.62 M
2019-07-19 16:05:38,0.0,47.62 M
2019-07-19 16:05:40,0.0,47.62 M
2019-07-19 16:05:42,0.0,47.62 M
2019-07-19 16:05:44,0.0,47.62 M
2019-07-19 16:05:46,0.0,47.62 M
2019-07-19 16:05:48,0.0,47.62 M
2019-07-19 16:05:50,0.0,47.62 M
2019-07-19 16:05:52,0.0,47.62 M
2019-07-19 16:05:54,0.0,47.62 M
2019-07-19 16:05:56,0.0,47.62 M
2019-07-19 16:05:58,0.0,47.62 M
2019-07-19 16:06:00,0.0,47.62 M
2019-07-19 16:06:02,0.0,47.62 M
2019-07-19 16:06:04,0.0,47.62 M
2019-07-19 16:06:06,0.0,47.62 M
2019-07-19 16:06:08,0.0,47.62 M
2019-07-19 16:06:10,0.0,47.62 M
2019-07-19 16:06:12,0.0,47.62 M
2019-07-19 16:06:14,0.0,47.62 M
2019-07-19 16:06:16,0.0,47.62 M
2019-07-19 16:06:18,0.0,47.62 M
2019-07-19 16:06:20,0.0,47.62 M
2019-07-19 16:06:22,0.0,47.62 M
2019-07-19 16:06:24,0.0,47.62 M
2019-07-19 16:06:26,0.0,47.62 M
2019-07-19 16:06:28,0.0,47.62 M
2019-07-19 16:06:30,0.0,47.62 M
2019-07-19 16:06:32,0.0,47.62 M
2019-07-19 16:06:34,0.0,47.62 M
2019-07-19 16:06:36,0.0,47.62 M
2019-07-19 16:06:38,0.0,47.62 M
2019-07-19 16:06:40,0.0,47.62 M
2019-07-19 16:06:42,0.0,47.62 M
2019-07-19 16:06:44,0.0,47.62 M
2019-07-19 16:06:47,15.0,47.81 M
2019-07-19 16:06:49,0.0,47.81 M
2019-07-19 16:06:51,0.0,47.81 M
2019-07-19 16:06:53,0.0,47.81 M
2019-07-19 16:06:55,0.0,47.81 M
2019-07-19 16:06:57,0.0,47.81 M
2019-07-19 16:06:59,0.0,47.81 M
2019-07-19 16:07:01,0.0,47.81 M
2019-07-19 16:07:03,0.0,47.81 M
2019-07-19 16:07:05,11.0,51.76 M
2019-07-19 16:07:07,15.0,48.16 M
2019-07-19 16:07:09,15.0,48.46 M
2019-07-19 16:07:11,0.0,48.46 M
2019-07-19 16:07:15,15.0,47.37 M
2019-07-19 16:07:17,0.0,47.37 M
2019-07-19 16:07:20,14.0,47.88 M
2019-07-19 16:07:22,0.0,47.88 M
2019-07-19 16:07:24,0.0,47.88 M
2019-07-19 16:07:26,0.0,47.88 M
2019-07-19 16:07:28,0.0,47.88 M
2019-07-19 16:07:30,0.0,47.88 M
2019-07-19 16:07:32,0.0,47.88 M
2019-07-19 16:07:34,0.0,47.88 M
2019-07-19 16:07:36,0.0,47.88 M
2019-07-19 16:07:38,0.0,47.88 M
2019-07-19 16:07:40,0.0,47.88 M
2019-07-19 16:07:42,0.0,47.88 M
2019-07-19 16:07:44,0.0,47.88 M
2019-07-19 16:07:46,0.0,47.88 M
2019-07-19 16:07:48,0.0,47.88 M
2019-07-19 16:07:50,0.0,47.88 M
2019-07-19 16:07:52,0.0,47.88 M
2019-07-19 16:07:54,0.0,47.88 M
2019-07-19 16:07:56,0.0,47.88 M
2019-07-19 16:07:58,0.0,47.88 M
2019-07-19 16:08:00,0.0,47.88 M
2019-07-19 16:08:02,0.0,47.88 M
2019-07-19 16:08:04,0.0,47.88 M
2019-07-19 16:08:06,0.0,47.88 M
2019-07-19 16:08:08,0.0,47.88 M
2019-07-19 16:08:10,0.0,47.88 M
2019-07-19 16:08:12,0.0,47.88 M
2019-07-19 16:08:14,0.0,47.88 M
2019-07-19 16:08:16,0.0,47.88 M
2019-07-19 16:08:18,0.0,47.88 M
2019-07-19 16:08:20,0.0,47.88 M
2019-07-19 16:08:22,0.0,47.88 M
2019-07-19 16:08:24,0.0,47.88 M
2019-07-19 16:08:26,0.0,47.88 M
2019-07-19 16:08:28,0.0,47.88 M
2019-07-19 16:08:30,0.0,47.88 M
2019-07-19 16:08:32,0.0,47.88 M
2019-07-19 16:08:34,0.0,47.88 M
2019-07-19 16:08:36,0.0,47.88 M
2019-07-19 16:08:39,15.0,47.86 M
2019-07-19 16:08:41,0.0,47.86 M
2019-07-19 16:08:43,0.0,47.86 M
2019-07-19 16:08:45,0.0,47.86 M
2019-07-19 16:08:47,0.0,47.86 M
2019-07-19 16:08:49,0.0,47.86 M
2019-07-19 16:08:51,0.0,47.86 M
2019-07-19 16:08:53,0.0,47.86 M
2019-07-19 16:08:55,0.0,47.86 M
2019-07-19 16:08:57,0.0,47.86 M
2019-07-19 16:08:59,0.0,47.86 M
2019-07-19 16:09:01,0.0,47.86 M
2019-07-19 16:09:03,0.0,47.86 M
2019-07-19 16:09:05,0.0,47.86 M
2019-07-19 16:09:07,0.0,47.86 M
2019-07-19 16:09:09,0.0,47.86 M
2019-07-19 16:09:11,0.0,47.86 M
2019-07-19 16:09:13,0.0,47.86 M
2019-07-19 16:09:15,0.0,47.86 M
2019-07-19 16:09:17,0.0,47.86 M
2019-07-19 16:09:21,14.0,48.45 M
2019-07-19 16:09:23,0.0,48.45 M
2019-07-19 16:09:27,14.0,47.90 M
2019-07-19 16:09:29,0.0,47.90 M
2019-07-19 16:09:32,15.0,47.94 M
2019-07-19 16:09:34,0.0,47.94 M
2019-07-19 16:09:36,0.0,47.94 M
2019-07-19 16:09:38,0.0,47.94 M
2019-07-19 16:09:40,0.0,47.94 M
2019-07-19 16:09:42,0.0,47.94 M
2019-07-19 16:09:44,0.0,47.94 M
2019-07-19 16:09:46,0.0,47.94 M
2019-07-19 16:09:48,0.0,47.94 M
2019-07-19 16:09:50,0.0,47.94 M
2019-07-19 16:09:52,0.0,47.94 M
2019-07-19 16:09:54,0.0,47.94 M
2019-07-19 16:09:56,0.0,47.94 M
2019-07-19 16:09:58,0.0,47.94 M
2019-07-19 16:10:00,0.0,47.94 M
2019-07-19 16:10:02,0.0,47.94 M
2019-07-19 16:10:04,0.0,47.94 M
2019-07-19 16:10:06,0.0,47.94 M
2019-07-19 16:10:08,0.0,47.94 M
2019-07-19 16:10:10,0.0,47.94 M
2019-07-19 16:10:12,0.0,47.94 M
2019-07-19 16:10:14,0.0,47.94 M
2019-07-19 16:10:16,0.0,47.94 M
2019-07-19 16:10:18,0.0,47.94 M
2019-07-19 16:10:20,0.0,47.94 M
2019-07-19 16:10:22,0.0,47.94 M
2019-07-19 16:10:24,10.0,49.73 M
2019-07-19 16:10:27,15.0,47.87 M
2019-07-19 16:10:29,0.0,47.87 M
2019-07-19 16:10:32,17.0,47.90 M
2019-07-19 16:10:34,0.0,47.90 M
2019-07-19 16:10:36,0.0,47.90 M
2019-07-19 16:10:39,15.0,47.95 M
2019-07-19 16:10:41,16.0,47.98 M
2019-07-19 16:10:43,0.0,47.98 M
2019-07-19 16:10:45,0.0,47.98 M
2019-07-19 16:10:47,0.0,47.98 M
2019-07-19 16:10:49,0.0,47.98 M
2019-07-19 16:10:52,15.0,48.44 M
2019-07-19 16:10:54,0.0,48.44 M
2019-07-19 16:10:56,0.0,48.44 M
2019-07-19 16:10:58,0.0,48.44 M
2019-07-19 16:11:00,0.0,48.44 M
2019-07-19 16:11:02,0.0,48.44 M
2019-07-19 16:11:04,0.0,48.44 M
2019-07-19 16:11:06,0.0,48.44 M
2019-07-19 16:11:08,0.0,48.44 M
2019-07-19 16:11:10,0.0,48.44 M
2019-07-19 16:11:13,0.0,48.44 M
2019-07-19 16:11:15,0.0,48.44 M
2019-07-19 16:11:17,0.0,48.44 M
2019-07-19 16:11:19,0.0,48.44 M
2019-07-19 16:11:21,0.0,48.44 M
2019-07-19 16:11:23,0.0,48.44 M
2019-07-19 16:11:25,0.0,48.44 M
2019-07-19 16:11:27,0.0,48.44 M
2019-07-19 16:11:29,0.0,48.44 M
2019-07-19 16:11:31,0.0,48.44 M
2019-07-19 16:11:33,0.0,48.44 M
2019-07-19 16:11:35,0.0,48.44 M
2019-07-19 16:11:37,0.0,48.44 M
2019-07-19 16:11:39,0.0,48.44 M
2019-07-19 16:11:41,0.0,48.44 M
2019-07-19 16:11:43,0.0,48.44 M
2019-07-19 16:11:45,0.0,48.44 M
2019-07-19 16:11:47,0.0,48.44 M
2019-07-19 16:11:49,0.0,48.44 M
2019-07-19 16:11:51,0.0,48.44 M
2019-07-19 16:11:53,0.0,48.44 M
2019-07-19 16:11:55,0.0,48.44 M
2019-07-19 16:11:57,0.0,48.44 M
2019-07-19 16:11:59,0.0,48.44 M
2019-07-19 16:12:01,0.0,48.44 M
2019-07-19 16:12:03,0.0,48.44 M
2019-07-19 16:12:05,0.0,48.44 M
2019-07-19 16:12:07,0.0,48.44 M
2019-07-19 16:12:09,0.0,48.44 M
2019-07-19 16:12:11,0.0,48.44 M
2019-07-19 16:12:13,0.0,48.44 M
2019-07-19 16:12:15,0.0,48.44 M
2019-07-19 16:12:17,0.0,48.44 M
2019-07-19 16:12:19,0.0,48.44 M
2019-07-19 16:12:21,0.0,48.44 M
2019-07-19 16:12:23,0.0,48.44 M
2019-07-19 16:12:25,0.0,48.44 M
2019-07-19 16:12:27,0.0,48.44 M
2019-07-19 16:12:29,0.0,48.44 M
2019-07-19 16:12:31,0.0,48.44 M
2019-07-19 16:12:33,0.0,48.44 M
2019-07-19 16:12:35,0.0,48.44 M
2019-07-19 16:12:37,0.0,48.44 M
2019-07-19 16:12:39,0.0,48.44 M
2019-07-19 16:12:41,0.0,48.44 M
2019-07-19 16:12:43,0.0,48.44 M
2019-07-19 16:12:45,0.0,48.44 M
2019-07-19 16:12:47,0.0,48.44 M
2019-07-19 16:12:49,0.0,48.44 M
2019-07-19 16:12:51,0.0,48.44 M
2019-07-19 16:12:53,0.0,48.44 M
2019-07-19 16:12:55,0.0,48.44 M
2019-07-19 16:12:57,0.0,48.44 M
2019-07-19 16:12:59,0.0,48.44 M
2019-07-19 16:13:01,0.0,48.44 M
2019-07-19 16:13:03,0.0,48.44 M
2019-07-19 16:13:05,0.0,48.44 M
2019-07-19 16:13:07,4.0,48.68 M
2019-07-19 16:13:10,16.0,47.95 M
2019-07-19 16:13:12,0.0,47.95 M
2019-07-19 16:13:14,0.0,47.95 M
2019-07-19 16:13:16,0.0,47.95 M
2019-07-19 16:13:18,0.0,47.95 M
2019-07-19 16:13:20,0.0,47.95 M
2019-07-19 16:13:22,0.0,47.95 M
2019-07-19 16:13:24,0.0,47.95 M
2019-07-19 16:13:26,0.0,47.95 M
2019-07-19 16:13:28,0.0,47.95 M
2019-07-19 16:13:30,0.0,47.95 M
2019-07-19 16:13:32,0.0,47.95 M
2019-07-19 16:13:34,0.0,47.95 M
2019-07-19 16:13:36,0.0,47.95 M
2019-07-19 16:13:38,0.0,47.95 M
2019-07-19 16:13:40,0.0,47.95 M
2019-07-19 16:13:42,0.0,47.95 M
2019-07-19 16:13:44,0.0,47.95 M
2019-07-19 16:13:46,0.0,47.95 M
2019-07-19 16:13:48,0.0,47.95 M
2019-07-19 16:13:50,0.0,47.95 M
2019-07-19 16:13:52,0.0,47.95 M
2019-07-19 16:13:54,0.0,47.95 M
2019-07-19 16:13:56,0.0,47.95 M
2019-07-19 16:13:58,0.0,47.95 M
2019-07-19 16:14:00,0.0,47.95 M
2019-07-19 16:14:02,0.0,47.95 M
2019-07-19 16:14:05,0.0,47.95 M
2019-07-19 16:14:07,0.0,47.95 M
2019-07-19 16:14:09,0.0,47.95 M
2019-07-19 16:14:11,0.0,47.95 M
2019-07-19 16:14:13,0.0,47.95 M
2019-07-19 16:14:15,0.0,47.95 M
2019-07-19 16:14:17,0.0,47.95 M
2019-07-19 16:14:19,0.0,47.95 M
2019-07-19 16:14:21,0.0,47.95 M
2019-07-19 16:14:23,0.0,47.95 M
2019-07-19 16:14:25,0.0,47.95 M
2019-07-19 16:14:27,0.0,47.95 M
2019-07-19 16:14:29,0.0,47.95 M
2019-07-19 16:14:32,17.0,47.95 M
2019-07-19 16:14:34,0.0,47.95 M
2019-07-19 16:14:36,0.0,47.95 M
2019-07-19 16:14:38,0.0,47.95 M
2019-07-19 16:14:40,0.0,47.95 M
2019-07-19 16:14:42,0.0,47.95 M
2019-07-19 16:14:44,0.0,47.95 M
2019-07-19 16:14:46,0.0,47.95 M
2019-07-19 16:14:48,0.0,47.95 M
2019-07-19 16:14:50,0.0,47.95 M
2019-07-19 16:14:52,0.0,47.95 M
2019-07-19 16:14:54,0.0,47.95 M
2019-07-19 16:14:56,0.0,47.95 M
2019-07-19 16:14:58,0.0,47.95 M
2019-07-19 16:15:00,15.0,47.75 M
2019-07-19 16:15:02,0.0,47.75 M
2019-07-19 16:15:04,0.0,47.75 M
2019-07-19 16:15:06,0.0,47.75 M
2019-07-19 16:15:08,0.0,47.75 M
2019-07-19 16:15:10,0.0,47.75 M
2019-07-19 16:15:12,0.0,47.75 M
2019-07-19 16:15:14,0.0,47.75 M
2019-07-19 16:15:16,0.0,47.75 M
2019-07-19 16:15:18,0.0,47.75 M
2019-07-19 16:15:20,0.0,47.75 M
2019-07-19 16:15:22,0.0,47.75 M
2019-07-19 16:15:24,0.0,47.75 M
2019-07-19 16:15:26,0.0,47.75 M
2019-07-19 16:15:28,0.0,47.75 M
2019-07-19 16:15:30,0.0,47.75 M
2019-07-19 16:15:32,0.0,47.75 M
2019-07-19 16:15:34,0.0,47.75 M
2019-07-19 16:15:36,0.0,47.75 M
2019-07-19 16:15:38,0.0,47.75 M
2019-07-19 16:15:40,0.0,47.75 M
2019-07-19 16:15:42,0.0,47.75 M
2019-07-19 16:15:44,0.0,47.75 M
2019-07-19 16:15:46,0.0,47.75 M
2019-07-19 16:15:48,0.0,47.75 M
2019-07-19 16:15:50,0.0,47.75 M
2019-07-19 16:15:52,0.0,47.75 M
2019-07-19 16:15:54,0.0,47.75 M
2019-07-19 16:15:56,0.0,47.75 M
2019-07-19 16:15:58,0.0,47.75 M
2019-07-19 16:16:00,0.0,47.75 M
2019-07-19 16:16:02,14.0,47.76 M
2019-07-19 16:16:04,0.0,47.76 M
2019-07-19 16:16:06,0.0,47.76 M
2019-07-19 16:16:08,0.0,47.76 M
2019-07-19 16:16:10,0.0,47.76 M
2019-07-19 16:16:12,0.0,47.76 M
2019-07-19 16:16:14,0.0,47.76 M
2019-07-19 16:16:16,0.0,47.76 M
2019-07-19 16:16:18,0.0,47.76 M
2019-07-19 16:16:20,0.0,47.76 M
2019-07-19 16:16:22,0.0,47.76 M
2019-07-19 16:16:24,0.0,47.76 M
2019-07-19 16:16:26,11.0,50.57 M
2019-07-19 16:16:29,15.0,58.26 M
2019-07-19 16:16:31,7.0,63.91 M
2019-07-19 16:16:34,15.0,47.61 M
2019-07-19 16:16:36,0.0,47.61 M
2019-07-19 16:16:38,0.0,47.61 M
2019-07-19 16:16:40,0.0,47.61 M
2019-07-19 16:16:42,0.0,47.61 M
2019-07-19 16:16:44,0.0,47.61 M
2019-07-19 16:16:46,0.0,47.61 M
2019-07-19 16:16:48,14.0,48.23 M
2019-07-19 16:16:50,0.0,48.23 M
2019-07-19 16:16:52,0.0,48.23 M
2019-07-19 16:16:54,15.0,47.64 M
2019-07-19 16:16:56,0.0,47.64 M
2019-07-19 16:16:58,0.0,47.64 M
2019-07-19 16:17:00,0.0,47.64 M
2019-07-19 16:17:02,0.0,47.64 M
2019-07-19 16:17:04,0.0,47.64 M
2019-07-19 16:17:06,0.0,47.64 M
2019-07-19 16:17:08,0.0,47.64 M
2019-07-19 16:17:10,0.0,47.64 M
2019-07-19 16:17:12,0.0,47.64 M
2019-07-19 16:17:14,0.0,47.64 M
2019-07-19 16:17:16,0.0,47.64 M
2019-07-19 16:17:18,0.0,47.64 M
2019-07-19 16:17:20,0.0,47.64 M
2019-07-19 16:17:22,0.0,47.64 M
2019-07-19 16:17:24,0.0,47.64 M
2019-07-19 16:17:26,0.0,47.64 M
2019-07-19 16:17:28,0.0,47.64 M
2019-07-19 16:17:30,0.0,47.64 M
2019-07-19 16:17:32,0.0,47.64 M
2019-07-19 16:17:34,0.0,47.64 M
2019-07-19 16:17:36,0.0,47.64 M
2019-07-19 16:17:38,0.0,47.64 M
2019-07-19 16:17:40,0.0,47.64 M
2019-07-19 16:17:42,0.0,47.64 M
2019-07-19 16:17:44,0.0,47.64 M
2019-07-19 16:17:46,0.0,47.64 M
2019-07-19 16:17:48,0.0,47.64 M
2019-07-19 16:17:50,0.0,47.64 M
2019-07-19 16:17:52,0.0,47.64 M
2019-07-19 16:17:54,0.0,47.64 M
2019-07-19 16:17:56,0.0,47.64 M
2019-07-19 16:17:58,0.0,47.64 M
2019-07-19 16:18:00,0.0,47.64 M
2019-07-19 16:18:02,0.0,47.64 M
2019-07-19 16:18:04,0.0,47.64 M
2019-07-19 16:18:06,0.0,47.64 M
2019-07-19 16:18:08,0.0,47.64 M
2019-07-19 16:18:10,0.0,47.64 M
2019-07-19 16:18:12,0.0,47.64 M
2019-07-19 16:18:14,0.0,47.64 M
2019-07-19 16:18:16,0.0,47.64 M
2019-07-19 16:18:18,0.0,47.64 M
2019-07-19 16:18:20,0.0,47.64 M
2019-07-19 16:18:22,0.0,47.64 M
2019-07-19 16:18:24,0.0,47.64 M
2019-07-19 16:18:26,0.0,47.64 M
2019-07-19 16:18:28,0.0,47.64 M
2019-07-19 16:18:30,0.0,47.64 M
2019-07-19 16:18:32,15.0,48.04 M
2019-07-19 16:18:34,0.0,48.04 M
2019-07-19 16:18:36,0.0,48.04 M
2019-07-19 16:18:38,0.0,48.04 M
2019-07-19 16:18:40,0.0,48.04 M
2019-07-19 16:18:42,0.0,48.04 M
2019-07-19 16:18:44,0.0,48.04 M
2019-07-19 16:18:46,0.0,48.04 M
2019-07-19 16:18:48,0.0,48.04 M
2019-07-19 16:18:50,0.0,48.04 M
2019-07-19 16:18:53,0.0,48.04 M
2019-07-19 16:18:55,0.0,48.04 M
2019-07-19 16:18:57,0.0,48.04 M
2019-07-19 16:18:59,0.0,48.04 M
2019-07-19 16:19:01,0.0,48.04 M
2019-07-19 16:19:03,0.0,48.04 M
2019-07-19 16:19:05,0.0,48.04 M
2019-07-19 16:19:07,0.0,48.04 M
2019-07-19 16:19:09,0.0,48.04 M
2019-07-19 16:19:11,0.0,48.04 M
2019-07-19 16:19:13,0.0,48.04 M
2019-07-19 16:19:15,0.0,48.04 M
2019-07-19 16:19:17,0.0,48.04 M
2019-07-19 16:19:19,0.0,48.04 M
2019-07-19 16:19:21,0.0,48.04 M
2019-07-19 16:19:23,0.0,48.04 M
2019-07-19 16:19:25,0.0,48.04 M
2019-07-19 16:19:27,0.0,48.04 M
2019-07-19 16:19:29,0.0,48.04 M
2019-07-19 16:19:31,0.0,48.04 M
2019-07-19 16:19:33,0.0,48.04 M
2019-07-19 16:19:35,0.0,48.04 M
2019-07-19 16:19:37,0.0,48.04 M
2019-07-19 16:19:39,0.0,48.04 M
2019-07-19 16:19:41,0.0,48.04 M
2019-07-19 16:19:43,0.0,48.04 M
2019-07-19 16:19:45,0.0,48.04 M
2019-07-19 16:19:47,0.0,48.04 M
2019-07-19 16:19:49,0.0,48.04 M
2019-07-19 16:19:51,0.0,48.04 M
2019-07-19 16:19:53,0.0,48.04 M
2019-07-19 16:19:55,0.0,48.04 M
2019-07-19 16:19:57,0.0,48.04 M
2019-07-19 16:19:59,0.0,48.04 M
2019-07-19 16:20:01,0.0,48.04 M
2019-07-19 16:20:03,0.0,48.04 M
2019-07-19 16:20:05,0.0,48.04 M
2019-07-19 16:20:07,0.0,48.04 M
2019-07-19 16:20:09,0.0,48.04 M
2019-07-19 16:20:11,0.0,48.04 M
2019-07-19 16:20:13,0.0,48.04 M
2019-07-19 16:20:15,0.0,48.04 M
2019-07-19 16:20:17,0.0,48.04 M
2019-07-19 16:20:19,1.0,48.04 M
2019-07-19 16:20:23,15.0,47.85 M
2019-07-19 16:20:25,0.0,47.85 M
2019-07-19 16:20:27,0.0,47.85 M
2019-07-19 16:20:29,0.0,47.85 M
2019-07-19 16:20:31,0.0,47.85 M
2019-07-19 16:20:33,0.0,47.85 M
2019-07-19 16:20:35,0.0,47.85 M
2019-07-19 16:20:37,0.0,47.85 M
2019-07-19 16:20:39,0.0,47.85 M
2019-07-19 16:20:41,0.0,47.85 M
2019-07-19 16:20:43,0.0,47.85 M
2019-07-19 16:20:45,0.0,47.85 M
2019-07-19 16:20:47,0.0,47.85 M
2019-07-19 16:20:49,0.0,47.85 M
2019-07-19 16:20:51,0.0,47.85 M
2019-07-19 16:20:53,0.0,47.85 M
2019-07-19 16:20:55,0.0,47.85 M
2019-07-19 16:20:57,0.0,47.85 M
2019-07-19 16:20:59,0.0,47.85 M
2019-07-19 16:21:01,0.0,47.85 M
2019-07-19 16:21:03,0.0,47.85 M
2019-07-19 16:21:05,0.0,47.85 M
2019-07-19 16:21:07,2.0,47.85 M
2019-07-19 16:21:12,15.0,48.51 M
2019-07-19 16:21:14,0.0,48.51 M
2019-07-19 16:21:16,0.0,48.51 M
2019-07-19 16:21:18,0.0,48.51 M
2019-07-19 16:21:20,0.0,48.51 M
2019-07-19 16:21:22,0.0,48.51 M
2019-07-19 16:21:24,0.0,48.51 M
2019-07-19 16:21:26,0.0,48.51 M
2019-07-19 16:21:28,0.0,48.51 M
2019-07-19 16:21:30,0.0,48.51 M
2019-07-19 16:21:32,0.0,48.51 M
2019-07-19 16:21:34,0.0,48.51 M
2019-07-19 16:21:36,0.0,48.51 M
2019-07-19 16:21:38,0.0,48.51 M
2019-07-19 16:21:40,0.0,48.51 M
2019-07-19 16:21:42,0.0,48.51 M
2019-07-19 16:21:44,0.0,48.51 M
2019-07-19 16:21:46,0.0,48.51 M
2019-07-19 16:21:48,0.0,48.51 M
2019-07-19 16:21:50,0.0,48.51 M
2019-07-19 16:21:52,0.0,48.51 M
2019-07-19 16:21:54,0.0,48.51 M
2019-07-19 16:21:56,0.0,48.51 M
2019-07-19 16:21:58,0.0,48.51 M
2019-07-19 16:22:00,0.0,48.51 M
2019-07-19 16:22:02,0.0,48.51 M
2019-07-19 16:22:04,0.0,48.51 M
2019-07-19 16:22:06,0.0,48.51 M
2019-07-19 16:22:08,0.0,48.51 M
2019-07-19 16:22:10,0.0,48.51 M
2019-07-19 16:22:12,0.0,48.51 M
2019-07-19 16:22:14,0.0,48.51 M
2019-07-19 16:22:16,0.0,48.51 M
2019-07-19 16:22:18,0.0,48.51 M
2019-07-19 16:22:20,0.0,48.51 M
2019-07-19 16:22:22,0.0,48.51 M
2019-07-19 16:22:24,0.0,48.51 M
2019-07-19 16:22:26,0.0,48.51 M
2019-07-19 16:22:28,0.0,48.51 M
2019-07-19 16:22:30,0.0,48.51 M
2019-07-19 16:22:32,0.0,48.51 M
2019-07-19 16:22:34,0.0,48.51 M
2019-07-19 16:22:36,0.0,48.51 M
2019-07-19 16:22:38,0.0,48.51 M
2019-07-19 16:22:40,0.0,48.51 M
2019-07-19 16:22:42,0.0,48.51 M
2019-07-19 16:22:44,0.0,48.51 M
2019-07-19 16:22:46,0.0,48.51 M
2019-07-19 16:22:48,0.0,48.51 M
2019-07-19 16:22:50,0.0,48.51 M
2019-07-19 16:22:52,0.0,48.51 M
2019-07-19 16:22:54,0.0,48.51 M
2019-07-19 16:22:56,0.0,48.51 M
2019-07-19 16:22:58,0.0,48.51 M
2019-07-19 16:23:00,0.0,48.51 M
2019-07-19 16:23:02,0.0,48.51 M
2019-07-19 16:23:04,0.0,48.51 M
2019-07-19 16:23:06,0.0,48.51 M
2019-07-19 16:23:08,0.0,48.51 M
2019-07-19 16:23:10,0.0,48.51 M
2019-07-19 16:23:12,0.0,48.51 M
2019-07-19 16:23:14,0.0,48.51 M
2019-07-19 16:23:16,0.0,48.51 M
2019-07-19 16:23:18,0.0,48.51 M
2019-07-19 16:23:20,0.0,48.51 M
2019-07-19 16:23:22,0.0,48.51 M
2019-07-19 16:23:24,0.0,48.51 M
2019-07-19 16:23:26,0.0,48.51 M
2019-07-19 16:23:28,0.0,48.51 M
2019-07-19 16:23:30,13.0,53.02 M
2019-07-19 16:23:32,14.0,47.97 M
2019-07-19 16:23:34,0.0,47.97 M
2019-07-19 16:23:36,0.0,47.97 M
2019-07-19 16:23:38,0.0,47.97 M
2019-07-19 16:23:40,0.0,47.97 M
2019-07-19 16:23:42,0.0,47.97 M
2019-07-19 16:23:44,0.0,47.97 M
2019-07-19 16:23:46,0.0,47.97 M
2019-07-19 16:23:48,0.0,47.97 M
2019-07-19 16:23:50,0.0,47.97 M
2019-07-19 16:23:53,0.0,47.97 M
2019-07-19 16:23:55,0.0,47.97 M
2019-07-19 16:23:57,0.0,47.97 M
2019-07-19 16:23:59,0.0,47.97 M
2019-07-19 16:24:01,0.0,47.97 M
2019-07-19 16:24:03,0.0,47.97 M
2019-07-19 16:24:05,0.0,47.97 M
2019-07-19 16:24:07,0.0,47.97 M
2019-07-19 16:24:09,0.0,47.97 M
2019-07-19 16:24:11,0.0,47.97 M
2019-07-19 16:24:13,0.0,47.97 M
2019-07-19 16:24:15,0.0,47.97 M
2019-07-19 16:24:17,0.0,47.97 M
2019-07-19 16:24:19,0.0,47.97 M
2019-07-19 16:24:21,0.0,47.97 M
2019-07-19 16:24:23,0.0,47.97 M
2019-07-19 16:24:25,0.0,47.97 M
2019-07-19 16:24:27,0.0,47.97 M
2019-07-19 16:24:29,0.0,47.97 M
2019-07-19 16:24:31,0.0,47.97 M
2019-07-19 16:24:33,0.0,47.97 M
2019-07-19 16:24:35,0.0,47.97 M
2019-07-19 16:24:37,0.0,47.97 M
2019-07-19 16:24:39,0.0,47.97 M
2019-07-19 16:24:41,0.0,47.97 M
2019-07-19 16:24:43,0.0,47.97 M
2019-07-19 16:24:45,0.0,47.97 M
2019-07-19 16:24:47,0.0,47.97 M
2019-07-19 16:24:49,0.0,47.97 M
2019-07-19 16:24:51,0.0,47.97 M
2019-07-19 16:24:53,0.0,47.97 M
2019-07-19 16:24:55,0.0,47.97 M
2019-07-19 16:24:57,0.0,47.97 M
2019-07-19 16:24:59,0.0,47.97 M
2019-07-19 16:25:01,0.0,47.97 M
2019-07-19 16:25:03,0.0,47.97 M
2019-07-19 16:25:05,0.0,47.97 M
2019-07-19 16:25:07,0.0,47.97 M
2019-07-19 16:25:09,0.0,47.97 M
2019-07-19 16:25:11,0.0,47.97 M
2019-07-19 16:25:13,0.0,47.97 M
2019-07-19 16:25:15,0.0,47.97 M
2019-07-19 16:25:17,0.0,47.97 M
2019-07-19 16:25:19,0.0,47.97 M
2019-07-19 16:25:21,0.0,47.97 M
2019-07-19 16:25:23,0.0,47.97 M
2019-07-19 16:25:25,0.0,47.97 M
2019-07-19 16:25:27,0.0,47.97 M
2019-07-19 16:25:29,0.0,47.97 M
2019-07-19 16:25:31,0.0,47.97 M
2019-07-19 16:25:33,0.0,47.97 M
2019-07-19 16:25:35,0.0,47.97 M
2019-07-19 16:25:37,0.0,47.97 M
2019-07-19 16:25:39,0.0,47.97 M
2019-07-19 16:25:41,0.0,47.97 M
2019-07-19 16:25:43,0.0,47.97 M
2019-07-19 16:25:45,0.0,47.97 M
2019-07-19 16:25:47,0.0,47.97 M
2019-07-19 16:25:49,0.0,47.97 M
2019-07-19 16:25:51,0.0,47.97 M
2019-07-19 16:25:53,0.0,47.97 M
2019-07-19 16:25:55,0.0,47.97 M
2019-07-19 16:25:57,0.0,47.97 M
2019-07-19 16:25:59,0.0,47.97 M
2019-07-19 16:26:01,0.0,47.97 M
2019-07-19 16:26:03,0.0,47.97 M
2019-07-19 16:26:05,0.0,47.97 M
2019-07-19 16:26:07,0.0,47.97 M
2019-07-19 16:26:09,0.0,47.97 M
2019-07-19 16:26:11,0.0,47.97 M
2019-07-19 16:26:13,0.0,47.97 M
2019-07-19 16:26:15,0.0,47.97 M
2019-07-19 16:26:17,0.0,47.97 M
2019-07-19 16:26:19,0.0,47.97 M
2019-07-19 16:26:21,0.0,47.97 M
2019-07-19 16:26:23,0.0,47.97 M
2019-07-19 16:26:25,0.0,47.97 M
2019-07-19 16:26:27,3.0,38.85 M
2019-07-19 16:26:30,15.0,48.13 M
2019-07-19 16:26:34,16.0,47.89 M
2019-07-19 16:26:36,0.0,47.89 M
2019-07-19 16:26:38,0.0,47.89 M
2019-07-19 16:26:40,0.0,47.89 M
2019-07-19 16:26:42,14.0,55.61 M
2019-07-19 16:26:46,14.0,47.93 M
2019-07-19 16:26:48,0.0,47.93 M
2019-07-19 16:26:50,0.0,47.93 M
2019-07-19 16:26:52,0.0,47.93 M
2019-07-19 16:26:54,0.0,47.93 M
2019-07-19 16:26:56,0.0,47.93 M
2019-07-19 16:26:58,0.0,47.93 M
2019-07-19 16:27:00,0.0,47.93 M
2019-07-19 16:27:02,0.0,47.93 M
2019-07-19 16:27:04,0.0,47.93 M
2019-07-19 16:27:06,0.0,47.93 M
2019-07-19 16:27:08,0.0,47.93 M
2019-07-19 16:27:10,0.0,47.93 M
2019-07-19 16:27:12,0.0,47.93 M
2019-07-19 16:27:14,15.0,47.56 M
2019-07-19 16:27:16,0.0,47.56 M
2019-07-19 16:27:18,0.0,47.56 M
2019-07-19 16:27:20,0.0,47.56 M
2019-07-19 16:27:22,0.0,47.56 M
2019-07-19 16:27:24,0.0,47.56 M
2019-07-19 16:27:26,0.0,47.56 M
2019-07-19 16:27:28,0.0,47.56 M
2019-07-19 16:27:30,0.0,47.56 M
2019-07-19 16:27:32,0.0,47.56 M
2019-07-19 16:27:34,0.0,47.56 M
2019-07-19 16:27:36,0.0,47.56 M
2019-07-19 16:27:38,0.0,47.56 M
2019-07-19 16:27:40,0.0,47.56 M
2019-07-19 16:27:42,0.0,47.56 M
2019-07-19 16:27:44,0.0,47.56 M
2019-07-19 16:27:46,0.0,47.56 M
2019-07-19 16:27:48,0.0,47.56 M
2019-07-19 16:27:50,0.0,47.56 M
2019-07-19 16:27:52,0.0,47.56 M
2019-07-19 16:27:54,0.0,47.56 M
2019-07-19 16:27:56,0.0,47.56 M
2019-07-19 16:27:58,0.0,47.56 M
2019-07-19 16:28:00,0.0,47.56 M
2019-07-19 16:28:02,0.0,47.56 M
2019-07-19 16:28:04,0.0,47.56 M
2019-07-19 16:28:06,0.0,47.56 M
2019-07-19 16:28:08,0.0,47.56 M
2019-07-19 16:28:10,0.0,47.56 M
2019-07-19 16:28:12,0.0,47.56 M
2019-07-19 16:28:14,0.0,47.56 M
2019-07-19 16:28:16,0.0,47.56 M
2019-07-19 16:28:18,0.0,47.56 M
2019-07-19 16:28:20,0.0,47.56 M
2019-07-19 16:28:22,0.0,47.56 M
2019-07-19 16:28:24,0.0,47.56 M
2019-07-19 16:28:26,0.0,47.56 M
2019-07-19 16:28:28,0.0,47.56 M
2019-07-19 16:28:30,0.0,47.56 M
2019-07-19 16:28:32,0.0,47.56 M
2019-07-19 16:28:34,0.0,47.56 M
2019-07-19 16:28:36,0.0,47.56 M
2019-07-19 16:28:38,0.0,47.56 M
2019-07-19 16:28:40,0.0,47.56 M
2019-07-19 16:28:42,0.0,47.56 M
2019-07-19 16:28:44,0.0,47.56 M
2019-07-19 16:28:46,0.0,47.56 M
2019-07-19 16:28:48,0.0,47.56 M
2019-07-19 16:28:51,0.0,47.56 M
2019-07-19 16:28:53,0.0,47.56 M
2019-07-19 16:28:55,0.0,47.56 M
2019-07-19 16:28:57,0.0,47.56 M
2019-07-19 16:28:59,0.0,47.56 M
2019-07-19 16:29:01,0.0,47.56 M
2019-07-19 16:29:03,0.0,47.56 M
2019-07-19 16:29:05,0.0,47.56 M
2019-07-19 16:29:07,0.0,47.56 M
2019-07-19 16:29:09,0.0,47.56 M
2019-07-19 16:29:11,0.0,47.56 M
2019-07-19 16:29:13,0.0,47.56 M
2019-07-19 16:29:15,0.0,47.56 M
2019-07-19 16:29:17,0.0,47.56 M
2019-07-19 16:29:19,0.0,47.56 M
2019-07-19 16:29:21,0.0,47.56 M
2019-07-19 16:29:23,0.0,47.56 M
2019-07-19 16:29:25,0.0,47.56 M
2019-07-19 16:29:27,0.0,47.56 M
2019-07-19 16:29:29,0.0,47.56 M
2019-07-19 16:29:31,0.0,47.56 M
2019-07-19 16:29:33,0.0,47.56 M
2019-07-19 16:29:35,0.0,47.56 M
2019-07-19 16:29:37,0.0,47.56 M
2019-07-19 16:29:39,0.0,47.56 M
2019-07-19 16:29:41,0.0,47.56 M
2019-07-19 16:29:43,0.0,47.56 M
2019-07-19 16:29:45,0.0,47.56 M
2019-07-19 16:29:47,0.0,47.56 M
2019-07-19 16:29:49,0.0,47.56 M
2019-07-19 16:29:51,0.0,47.56 M
2019-07-19 16:29:53,0.0,47.56 M
2019-07-19 16:29:55,0.0,47.56 M
2019-07-19 16:29:57,0.0,47.56 M
2019-07-19 16:29:59,0.0,47.56 M
2019-07-19 16:30:01,0.0,47.56 M
2019-07-19 16:30:03,0.0,47.56 M
2019-07-19 16:30:05,0.0,47.56 M
2019-07-19 16:30:07,0.0,47.56 M
2019-07-19 16:30:09,0.0,47.56 M
2019-07-19 16:30:11,0.0,47.56 M
2019-07-19 16:30:13,0.0,47.56 M
2019-07-19 16:30:15,0.0,47.56 M
2019-07-19 16:30:17,0.0,47.56 M
2019-07-19 16:30:19,0.0,47.56 M
2019-07-19 16:30:21,0.0,47.56 M
2019-07-19 16:30:23,0.0,47.56 M
2019-07-19 16:30:25,0.0,47.56 M
2019-07-19 16:30:27,0.0,47.56 M
2019-07-19 16:30:29,0.0,47.56 M
2019-07-19 16:30:31,0.0,47.56 M
2019-07-19 16:30:33,0.0,47.56 M
2019-07-19 16:30:35,0.0,47.56 M
2019-07-19 16:30:37,0.0,47.56 M
2019-07-19 16:30:39,0.0,47.56 M
2019-07-19 16:30:41,0.0,47.56 M
2019-07-19 16:30:43,0.0,47.56 M
2019-07-19 16:30:45,0.0,47.56 M
2019-07-19 16:30:47,0.0,47.56 M
2019-07-19 16:30:49,0.0,47.56 M
2019-07-19 16:30:51,0.0,47.56 M
2019-07-19 16:30:53,0.0,47.56 M
2019-07-19 16:30:55,0.0,47.56 M
2019-07-19 16:30:57,0.0,47.56 M
2019-07-19 16:30:59,0.0,47.56 M
2019-07-19 16:31:01,0.0,47.56 M
2019-07-19 16:31:03,0.0,47.56 M
2019-07-19 16:31:05,0.0,47.56 M
2019-07-19 16:31:07,0.0,47.56 M
2019-07-19 16:31:09,0.0,47.56 M
2019-07-19 16:31:11,0.0,47.56 M
2019-07-19 16:31:13,0.0,47.56 M
2019-07-19 16:31:15,0.0,47.56 M
2019-07-19 16:31:17,0.0,47.56 M
2019-07-19 16:31:19,0.0,47.56 M
2019-07-19 16:31:21,0.0,47.56 M
2019-07-19 16:31:23,0.0,47.56 M
2019-07-19 16:31:25,0.0,47.56 M
2019-07-19 16:31:27,0.0,47.56 M
2019-07-19 16:31:29,0.0,47.56 M
2019-07-19 16:31:31,0.0,47.56 M
2019-07-19 16:31:33,0.0,47.56 M
2019-07-19 16:31:35,0.0,47.56 M
2019-07-19 16:31:37,0.0,47.56 M
2019-07-19 16:31:39,0.0,47.56 M
2019-07-19 16:31:41,0.0,47.56 M
2019-07-19 16:31:43,0.0,47.56 M
2019-07-19 16:31:45,0.0,47.56 M
2019-07-19 16:31:47,0.0,47.56 M
2019-07-19 16:31:49,0.0,47.56 M
2019-07-19 16:31:51,0.0,47.56 M
2019-07-19 16:31:53,0.0,47.56 M
2019-07-19 16:31:55,0.0,47.56 M
2019-07-19 16:31:58,0.0,47.56 M
2019-07-19 16:32:00,0.0,47.56 M
2019-07-19 16:32:02,0.0,47.56 M
2019-07-19 16:32:04,0.0,47.56 M
2019-07-19 16:32:06,0.0,47.56 M
2019-07-19 16:32:08,0.0,47.56 M
2019-07-19 16:32:10,0.0,47.56 M
2019-07-19 16:32:12,0.0,47.56 M
2019-07-19 16:32:15,15.0,47.62 M
2019-07-19 16:32:17,15.0,47.75 M
2019-07-19 16:32:21,15.0,47.98 M
2019-07-19 16:32:23,0.0,47.98 M
2019-07-19 16:32:25,0.0,47.98 M
2019-07-19 16:32:27,0.0,47.98 M
2019-07-19 16:32:29,15.0,48.77 M
2019-07-19 16:32:33,15.0,48.29 M
2019-07-19 16:32:35,0.0,48.29 M
2019-07-19 16:32:37,0.0,48.29 M
2019-07-19 16:32:39,0.0,48.29 M
2019-07-19 16:32:41,0.0,48.29 M
2019-07-19 16:32:43,0.0,48.29 M
2019-07-19 16:32:45,0.0,48.29 M
2019-07-19 16:32:47,0.0,48.29 M
2019-07-19 16:32:49,0.0,48.29 M
2019-07-19 16:32:52,15.0,48.21 M
2019-07-19 16:32:54,0.0,48.21 M
2019-07-19 16:32:56,0.0,48.21 M
2019-07-19 16:32:58,0.0,48.21 M
2019-07-19 16:33:00,0.0,48.21 M
2019-07-19 16:33:02,0.0,48.21 M
2019-07-19 16:33:04,0.0,48.21 M
2019-07-19 16:33:06,0.0,48.21 M
2019-07-19 16:33:08,0.0,48.21 M
2019-07-19 16:33:10,0.0,48.21 M
2019-07-19 16:33:12,0.0,48.21 M
2019-07-19 16:33:14,0.0,48.21 M
2019-07-19 16:33:16,0.0,48.21 M
2019-07-19 16:33:18,0.0,48.21 M
2019-07-19 16:33:20,0.0,48.21 M
2019-07-19 16:33:22,0.0,48.21 M
2019-07-19 16:33:24,0.0,48.21 M
2019-07-19 16:33:26,0.0,48.21 M
2019-07-19 16:33:28,0.0,48.21 M
2019-07-19 16:33:31,0.0,48.21 M
2019-07-19 16:33:33,0.0,48.21 M
2019-07-19 16:33:35,0.0,48.21 M
2019-07-19 16:33:37,0.0,48.21 M
2019-07-19 16:33:39,0.0,48.21 M
2019-07-19 16:33:41,0.0,48.21 M
2019-07-19 16:33:43,0.0,48.21 M
2019-07-19 16:33:45,0.0,48.21 M
2019-07-19 16:33:47,0.0,48.21 M
2019-07-19 16:33:49,0.0,48.21 M
2019-07-19 16:33:52,16.0,47.50 M
2019-07-19 16:33:54,0.0,47.50 M
2019-07-19 16:33:56,0.0,47.50 M
2019-07-19 16:33:58,0.0,47.50 M
2019-07-19 16:34:00,0.0,47.50 M
2019-07-19 16:34:02,11.0,52.07 M
2019-07-19 16:34:04,18.0,93.77 M
2019-07-19 16:34:06,15.0,47.98 M
2019-07-19 16:34:08,0.0,47.98 M
2019-07-19 16:34:10,0.0,47.98 M
2019-07-19 16:34:12,0.0,47.98 M
2019-07-19 16:34:14,0.0,47.98 M
2019-07-19 16:34:16,0.0,47.98 M
2019-07-19 16:34:18,0.0,47.98 M
2019-07-19 16:34:20,0.0,47.98 M
2019-07-19 16:34:22,0.0,47.98 M
2019-07-19 16:34:24,0.0,47.98 M
2019-07-19 16:34:26,0.0,47.98 M
2019-07-19 16:34:28,0.0,47.98 M
2019-07-19 16:34:30,0.0,47.98 M
2019-07-19 16:34:32,1.0,47.98 M
2019-07-19 16:34:34,13.0,53.59 M
2019-07-19 16:34:36,11.0,61.29 M
2019-07-19 16:34:38,8.0,66.43 M
2019-07-19 16:34:40,6.0,71.64 M
2019-07-19 16:34:42,6.0,76.62 M
2019-07-19 16:34:44,5.0,81.77 M
2019-07-19 16:34:46,7.0,86.26 M
2019-07-19 16:34:48,4.0,91.11 M
2019-07-19 16:34:50,15.0,48.12 M
2019-07-19 16:34:52,0.0,48.12 M
2019-07-19 16:34:54,0.0,48.12 M
2019-07-19 16:34:56,0.0,48.12 M
2019-07-19 16:34:58,0.0,48.12 M
2019-07-19 16:35:00,14.0,48.09 M
2019-07-19 16:35:02,0.0,48.09 M
2019-07-19 16:35:04,0.0,48.09 M
2019-07-19 16:35:06,0.0,48.09 M
2019-07-19 16:35:08,0.0,48.09 M
2019-07-19 16:35:10,0.0,48.09 M
2019-07-19 16:35:13,16.0,48.21 M
2019-07-19 16:35:15,0.0,48.21 M
2019-07-19 16:35:17,0.0,48.21 M
2019-07-19 16:35:19,0.0,48.21 M
2019-07-19 16:35:23,15.0,47.62 M
2019-07-19 16:35:25,0.0,47.62 M
2019-07-19 16:35:27,0.0,47.62 M
2019-07-19 16:35:29,0.0,47.62 M
2019-07-19 16:35:31,0.0,47.62 M
2019-07-19 16:35:33,0.0,47.62 M
2019-07-19 16:35:35,0.0,47.62 M
2019-07-19 16:35:37,0.0,47.62 M
2019-07-19 16:35:39,6.0,48.47 M
2019-07-19 16:35:41,15.0,48.04 M
2019-07-19 16:35:43,0.0,48.04 M
2019-07-19 16:35:45,0.0,48.04 M
2019-07-19 16:35:47,0.0,48.04 M
2019-07-19 16:35:49,0.0,48.04 M
2019-07-19 16:35:51,0.0,48.04 M
2019-07-19 16:35:53,0.0,48.04 M
2019-07-19 16:35:55,0.0,48.04 M
2019-07-19 16:35:57,0.0,48.04 M
2019-07-19 16:35:59,0.0,48.04 M
2019-07-19 16:36:01,0.0,48.04 M
2019-07-19 16:36:03,0.0,48.04 M
2019-07-19 16:36:05,0.0,48.04 M
2019-07-19 16:36:07,0.0,48.04 M
2019-07-19 16:36:10,14.0,47.69 M
2019-07-19 16:36:13,16.0,48.29 M
2019-07-19 16:36:15,0.0,48.29 M
2019-07-19 16:36:17,0.0,48.29 M
2019-07-19 16:36:19,0.0,48.29 M
2019-07-19 16:36:21,0.0,48.29 M
2019-07-19 16:36:23,0.0,48.29 M
2019-07-19 16:36:25,0.0,48.29 M
2019-07-19 16:36:27,0.0,48.29 M
2019-07-19 16:36:29,0.0,48.29 M
2019-07-19 16:36:31,0.0,48.29 M
2019-07-19 16:36:33,0.0,48.29 M
2019-07-19 16:36:36,16.0,48.21 M
2019-07-19 16:36:38,0.0,48.21 M
2019-07-19 16:36:40,14.0,48.02 M
2019-07-19 16:36:44,14.0,47.64 M
2019-07-19 16:36:46,0.0,47.64 M
2019-07-19 16:36:48,0.0,47.64 M
2019-07-19 16:36:50,0.0,47.64 M
2019-07-19 16:36:54,15.0,47.58 M
2019-07-19 16:36:56,0.0,47.58 M
2019-07-19 16:36:58,15.0,48.15 M
2019-07-19 16:37:00,0.0,48.15 M
2019-07-19 16:37:02,0.0,48.15 M
2019-07-19 16:37:04,0.0,48.15 M
2019-07-19 16:37:06,0.0,48.15 M
2019-07-19 16:37:08,0.0,48.15 M
2019-07-19 16:37:10,0.0,48.15 M
2019-07-19 16:37:12,0.0,48.15 M
2019-07-19 16:37:14,0.0,48.15 M
2019-07-19 16:37:16,0.0,48.15 M
2019-07-19 16:37:18,0.0,48.15 M
2019-07-19 16:37:20,0.0,48.15 M
2019-07-19 16:37:22,0.0,48.15 M
2019-07-19 16:37:24,0.0,48.15 M
2019-07-19 16:37:26,0.0,48.15 M
2019-07-19 16:37:28,0.0,48.15 M
2019-07-19 16:37:30,0.0,48.15 M
2019-07-19 16:37:32,0.0,48.15 M
2019-07-19 16:37:34,0.0,48.15 M
2019-07-19 16:37:36,0.0,48.15 M
2019-07-19 16:37:38,0.0,48.15 M
2019-07-19 16:37:40,0.0,48.15 M
2019-07-19 16:37:42,0.0,48.15 M
2019-07-19 16:37:44,0.0,48.15 M
2019-07-19 16:37:46,0.0,48.15 M
2019-07-19 16:37:48,0.0,48.15 M
2019-07-19 16:37:51,15.0,48.19 M
2019-07-19 16:37:53,0.0,48.19 M
2019-07-19 16:37:55,0.0,48.19 M
2019-07-19 16:37:57,15.0,47.89 M
2019-07-19 16:37:59,15.0,47.65 M
2019-07-19 16:38:01,0.0,47.65 M
2019-07-19 16:38:03,7.0,48.97 M
2019-07-19 16:38:06,16.0,48.20 M
2019-07-19 16:38:08,0.0,48.20 M
2019-07-19 16:38:10,0.0,48.20 M
2019-07-19 16:38:12,0.0,48.20 M
2019-07-19 16:38:14,0.0,48.20 M
2019-07-19 16:38:16,0.0,48.20 M
2019-07-19 16:38:18,0.0,48.20 M
2019-07-19 16:38:20,0.0,48.20 M
2019-07-19 16:38:22,0.0,48.20 M
2019-07-19 16:38:24,0.0,48.20 M
2019-07-19 16:38:26,0.0,48.20 M
2019-07-19 16:38:28,0.0,48.20 M
2019-07-19 16:38:30,0.0,48.20 M
2019-07-19 16:38:32,0.0,48.20 M
2019-07-19 16:38:34,0.0,48.20 M
2019-07-19 16:38:36,0.0,48.20 M
2019-07-19 16:38:38,0.0,48.20 M
2019-07-19 16:38:40,0.0,48.20 M
2019-07-19 16:38:42,0.0,48.20 M
2019-07-19 16:38:44,0.0,48.20 M
2019-07-19 16:38:46,0.0,48.20 M
2019-07-19 16:38:48,0.0,48.20 M
2019-07-19 16:38:50,0.0,48.20 M
2019-07-19 16:38:52,0.0,48.20 M
2019-07-19 16:38:54,0.0,48.20 M
2019-07-19 16:38:56,0.0,48.20 M
2019-07-19 16:38:59,0.0,48.20 M
2019-07-19 16:39:01,0.0,48.20 M
2019-07-19 16:39:03,0.0,48.20 M
2019-07-19 16:39:05,0.0,48.20 M
2019-07-19 16:39:07,0.0,48.20 M
2019-07-19 16:39:09,0.0,48.20 M
2019-07-19 16:39:11,0.0,48.20 M
2019-07-19 16:39:13,0.0,48.20 M
2019-07-19 16:39:15,0.0,48.20 M
2019-07-19 16:39:17,0.0,48.20 M
2019-07-19 16:39:19,0.0,48.20 M
2019-07-19 16:39:21,0.0,48.20 M
2019-07-19 16:39:23,0.0,48.20 M
2019-07-19 16:39:25,0.0,48.20 M
2019-07-19 16:39:27,0.0,48.20 M
2019-07-19 16:39:29,0.0,48.20 M
2019-07-19 16:39:31,0.0,48.20 M
2019-07-19 16:39:33,0.0,48.20 M
2019-07-19 16:39:35,0.0,48.20 M
2019-07-19 16:39:37,0.0,48.20 M
2019-07-19 16:39:39,0.0,48.20 M
2019-07-19 16:39:41,0.0,48.20 M
2019-07-19 16:39:43,0.0,48.20 M
2019-07-19 16:39:45,0.0,48.20 M
2019-07-19 16:39:47,0.0,48.20 M
2019-07-19 16:39:49,0.0,48.20 M
2019-07-19 16:39:51,0.0,48.20 M
2019-07-19 16:39:53,0.0,48.20 M
2019-07-19 16:39:55,0.0,48.20 M
2019-07-19 16:39:57,0.0,48.20 M
2019-07-19 16:39:59,0.0,48.20 M
2019-07-19 16:40:01,0.0,48.20 M
2019-07-19 16:40:03,0.0,48.20 M
2019-07-19 16:40:05,0.0,48.20 M
2019-07-19 16:40:07,0.0,48.20 M
2019-07-19 16:40:09,0.0,48.20 M
2019-07-19 16:40:11,0.0,48.20 M
2019-07-19 16:40:13,0.0,48.20 M
2019-07-19 16:40:15,0.0,48.20 M
2019-07-19 16:40:17,0.0,48.20 M
2019-07-19 16:40:19,0.0,48.20 M
2019-07-19 16:40:21,0.0,48.20 M
2019-07-19 16:40:23,0.0,48.20 M
2019-07-19 16:40:25,0.0,48.20 M
2019-07-19 16:40:27,0.0,48.20 M
2019-07-19 16:40:29,0.0,48.20 M
2019-07-19 16:40:31,13.0,51.27 M
2019-07-19 16:40:33,13.0,58.64 M
2019-07-19 16:40:35,5.0,64.04 M
2019-07-19 16:40:37,15.0,48.14 M
2019-07-19 16:40:39,0.0,48.14 M
2019-07-19 16:40:41,0.0,48.14 M
2019-07-19 16:40:43,0.0,48.14 M
2019-07-19 16:40:45,0.0,48.14 M
2019-07-19 16:40:47,0.0,48.14 M
2019-07-19 16:40:49,0.0,48.14 M
2019-07-19 16:40:51,0.0,48.14 M
2019-07-19 16:40:53,0.0,48.14 M
2019-07-19 16:40:55,0.0,48.14 M
2019-07-19 16:40:57,0.0,48.14 M
2019-07-19 16:41:01,14.0,48.11 M
2019-07-19 16:41:04,14.0,48.34 M
2019-07-19 16:41:06,0.0,48.34 M
2019-07-19 16:41:08,15.0,47.94 M
2019-07-19 16:41:10,16.0,47.91 M
2019-07-19 16:41:12,15.0,47.66 M
2019-07-19 16:41:14,0.0,47.66 M
2019-07-19 16:41:16,0.0,47.66 M
2019-07-19 16:41:18,0.0,47.66 M
2019-07-19 16:41:20,0.0,47.66 M
2019-07-19 16:41:22,0.0,47.66 M
2019-07-19 16:41:24,0.0,47.66 M
2019-07-19 16:41:26,0.0,47.66 M
2019-07-19 16:41:29,14.0,48.33 M
2019-07-19 16:41:31,0.0,48.33 M
2019-07-19 16:41:33,0.0,48.33 M
2019-07-19 16:41:35,0.0,48.33 M
2019-07-19 16:41:37,0.0,48.33 M
2019-07-19 16:41:39,0.0,48.33 M
2019-07-19 16:41:41,0.0,48.33 M
2019-07-19 16:41:43,0.0,48.33 M
2019-07-19 16:41:45,0.0,48.33 M
2019-07-19 16:41:47,0.0,48.33 M
2019-07-19 16:41:50,14.0,47.85 M
2019-07-19 16:41:52,0.0,47.85 M
2019-07-19 16:41:54,0.0,47.85 M
2019-07-19 16:41:56,0.0,47.85 M
2019-07-19 16:41:58,0.0,47.85 M
2019-07-19 16:42:00,0.0,47.85 M
2019-07-19 16:42:02,0.0,47.85 M
2019-07-19 16:42:04,0.0,47.85 M
2019-07-19 16:42:06,0.0,47.85 M
2019-07-19 16:42:08,0.0,47.85 M
2019-07-19 16:42:10,0.0,47.85 M
2019-07-19 16:42:12,0.0,47.85 M
2019-07-19 16:42:14,0.0,47.85 M
2019-07-19 16:42:16,0.0,47.85 M
2019-07-19 16:42:18,0.0,47.85 M
2019-07-19 16:42:20,0.0,47.85 M
2019-07-19 16:42:22,0.0,47.85 M
2019-07-19 16:42:24,0.0,47.85 M
2019-07-19 16:42:26,0.0,47.85 M
2019-07-19 16:42:28,0.0,47.85 M
2019-07-19 16:42:30,0.0,47.85 M
2019-07-19 16:42:32,0.0,47.85 M
2019-07-19 16:42:34,0.0,47.85 M
2019-07-19 16:42:36,5.0,48.20 M
2019-07-19 16:42:39,17.0,47.92 M
2019-07-19 16:42:41,0.0,47.92 M
2019-07-19 16:42:43,0.0,47.92 M
2019-07-19 16:42:45,0.0,47.92 M
2019-07-19 16:42:47,0.0,47.92 M
2019-07-19 16:42:49,0.0,47.92 M
2019-07-19 16:42:51,0.0,47.92 M
2019-07-19 16:42:53,0.0,47.92 M
2019-07-19 16:42:56,0.0,47.92 M
2019-07-19 16:42:58,0.0,47.92 M
2019-07-19 16:43:00,0.0,47.92 M
2019-07-19 16:43:02,0.0,47.92 M
2019-07-19 16:43:04,0.0,47.92 M
2019-07-19 16:43:06,0.0,47.92 M
2019-07-19 16:43:08,0.0,47.92 M
2019-07-19 16:43:10,0.0,47.92 M
2019-07-19 16:43:12,0.0,47.92 M
2019-07-19 16:43:14,0.0,47.92 M
2019-07-19 16:43:16,0.0,47.92 M
2019-07-19 16:43:18,0.0,47.92 M
2019-07-19 16:43:20,0.0,47.92 M
2019-07-19 16:43:22,0.0,47.92 M
2019-07-19 16:43:24,0.0,47.92 M
2019-07-19 16:43:26,0.0,47.92 M
2019-07-19 16:43:28,0.0,47.92 M
2019-07-19 16:43:30,0.0,47.92 M
2019-07-19 16:43:32,0.0,47.92 M
2019-07-19 16:43:34,0.0,47.92 M
2019-07-19 16:43:36,0.0,47.92 M
2019-07-19 16:43:38,0.0,47.92 M
2019-07-19 16:43:40,0.0,47.92 M
2019-07-19 16:43:42,0.0,47.92 M
2019-07-19 16:43:44,0.0,47.92 M
2019-07-19 16:43:46,0.0,47.92 M
2019-07-19 16:43:48,0.0,47.92 M
2019-07-19 16:43:50,0.0,47.92 M
2019-07-19 16:43:52,0.0,47.92 M
2019-07-19 16:43:54,0.0,47.92 M
2019-07-19 16:43:56,0.0,47.92 M
2019-07-19 16:43:58,0.0,47.92 M
2019-07-19 16:44:00,0.0,47.92 M
2019-07-19 16:44:02,0.0,47.92 M
2019-07-19 16:44:04,0.0,47.92 M
2019-07-19 16:44:06,0.0,47.92 M
2019-07-19 16:44:08,0.0,47.92 M
2019-07-19 16:44:10,0.0,47.92 M
2019-07-19 16:44:12,0.0,47.92 M
2019-07-19 16:44:14,0.0,47.92 M
2019-07-19 16:44:16,0.0,47.92 M
2019-07-19 16:44:18,0.0,47.92 M
2019-07-19 16:44:20,0.0,47.92 M
2019-07-19 16:44:22,0.0,47.92 M
2019-07-19 16:44:24,0.0,47.92 M
2019-07-19 16:44:26,0.0,47.92 M
2019-07-19 16:44:28,0.0,47.92 M
2019-07-19 16:44:30,0.0,47.92 M
2019-07-19 16:44:32,0.0,47.92 M
2019-07-19 16:44:34,0.0,47.92 M
2019-07-19 16:44:36,0.0,47.92 M
2019-07-19 16:44:38,0.0,47.92 M
2019-07-19 16:44:40,0.0,47.92 M
2019-07-19 16:44:42,0.0,47.92 M
2019-07-19 16:44:44,0.0,47.92 M
2019-07-19 16:44:46,0.0,47.92 M
2019-07-19 16:44:48,0.0,47.92 M
2019-07-19 16:44:50,0.0,47.92 M
2019-07-19 16:44:52,0.0,47.92 M
2019-07-19 16:44:54,0.0,47.92 M
2019-07-19 16:44:56,0.0,47.92 M
2019-07-19 16:44:58,0.0,47.92 M
2019-07-19 16:45:00,0.0,47.92 M
2019-07-19 16:45:02,0.0,47.92 M
2019-07-19 16:45:04,0.0,47.92 M
2019-07-19 16:45:06,0.0,47.92 M
2019-07-19 16:45:08,0.0,47.92 M
2019-07-19 16:45:10,0.0,47.92 M
2019-07-19 16:45:12,0.0,47.92 M
2019-07-19 16:45:14,0.0,47.92 M
2019-07-19 16:45:16,0.0,47.92 M
2019-07-19 16:45:18,0.0,47.92 M
2019-07-19 16:45:20,0.0,47.92 M
2019-07-19 16:45:22,0.0,47.92 M
2019-07-19 16:45:24,0.0,47.92 M
2019-07-19 16:45:26,0.0,47.92 M
2019-07-19 16:45:28,0.0,47.92 M
2019-07-19 16:45:30,0.0,47.92 M
2019-07-19 16:45:32,0.0,47.92 M
2019-07-19 16:45:34,0.0,47.92 M
2019-07-19 16:45:36,0.0,47.92 M
2019-07-19 16:45:38,0.0,47.92 M
2019-07-19 16:45:40,0.0,47.92 M
2019-07-19 16:45:42,0.0,47.92 M
2019-07-19 16:45:44,12.0,50.52 M
2019-07-19 16:45:46,13.0,57.72 M
2019-07-19 16:45:48,8.0,64.40 M
2019-07-19 16:45:50,8.0,69.02 M
2019-07-19 16:45:52,6.0,74.25 M
2019-07-19 16:45:54,5.0,79.03 M
2019-07-19 16:45:56,6.0,83.66 M
2019-07-19 16:45:58,5.0,88.45 M
2019-07-19 16:46:00,5.0,93.16 M
2019-07-19 16:46:02,5.0,97.87 M
2019-07-19 16:46:04,7.0,102.72 M
2019-07-19 16:46:07,3.0,107.50 M
