2019-06-04 21:36:40,57.0,56.91 M
2019-06-04 21:36:42,46.9,68.02 M
2019-06-04 21:36:44,42.0,86.88 M
2019-06-04 21:36:46,37.0,91.18 M
2019-06-04 21:36:48,39.0,93.67 M
2019-06-04 21:36:50,28.0,94.81 M
2019-06-04 21:36:52,26.0,97.10 M
2019-06-04 21:36:54,27.0,98.74 M
2019-06-04 21:36:56,27.0,98.98 M
2019-06-04 21:36:58,25.0,96.76 M
2019-06-04 21:37:00,34.0,95.91 M
2019-06-04 21:37:02,28.0,97.33 M
2019-06-04 21:37:04,35.0,96.19 M
2019-06-04 21:37:06,34.0,97.92 M
2019-06-04 21:37:08,27.0,99.81 M
2019-06-04 21:37:10,26.0,99.81 M
2019-06-04 21:37:12,27.0,99.80 M
2019-06-04 21:37:14,27.0,97.00 M
2019-06-04 21:37:16,28.0,97.86 M
2019-06-04 21:37:19,56.0,56.13 M
2019-06-04 21:37:21,46.0,68.79 M
2019-06-04 21:37:23,45.9,85.77 M
2019-06-04 21:37:25,28.0,90.81 M
2019-06-04 21:37:27,26.0,91.52 M
2019-06-04 21:37:29,36.0,92.74 M
2019-06-04 21:37:31,23.0,94.46 M
2019-06-04 21:37:33,39.0,95.70 M
2019-06-04 21:37:35,20.0,96.37 M
2019-06-04 21:37:37,39.0,95.69 M
2019-06-04 21:37:39,27.0,97.56 M
2019-06-04 21:37:41,38.0,97.39 M
2019-06-04 21:37:43,30.0,100.12 M
2019-06-04 21:37:45,38.0,98.16 M
2019-06-04 21:37:47,27.0,100.02 M
2019-06-04 21:37:49,38.0,100.12 M
2019-06-04 21:37:51,25.0,100.12 M
2019-06-04 21:37:53,21.0,99.32 M
2019-06-04 21:37:56,31.0,98.46 M
2019-06-04 21:37:58,28.0,100.36 M
2019-06-04 21:38:00,25.0,99.74 M
2019-06-04 21:38:02,23.0,101.46 M
2019-06-04 21:38:04,24.0,100.00 M
2019-06-04 21:38:06,28.0,101.69 M
2019-06-04 21:38:08,29.0,101.34 M
2019-06-04 21:38:10,25.0,101.34 M
2019-06-04 21:38:12,22.0,101.65 M
2019-06-04 21:38:14,30.0,101.90 M
2019-06-04 21:38:16,22.0,102.32 M
2019-06-04 21:38:18,37.0,99.42 M
2019-06-04 21:38:20,29.0,101.29 M
2019-06-04 21:38:22,35.0,100.67 M
2019-06-04 21:38:24,23.0,102.57 M
2019-06-04 21:38:26,23.0,104.95 M
2019-06-04 21:38:28,30.0,105.47 M
2019-06-04 21:38:30,24.0,104.13 M
2019-06-04 21:38:32,33.0,103.54 M
2019-06-04 21:38:34,25.0,104.91 M
2019-06-04 21:38:36,30.0,105.03 M
2019-06-04 21:38:38,19.0,106.76 M
2019-06-04 21:38:40,24.0,104.30 M
2019-06-04 21:38:42,23.0,106.55 M
2019-06-04 21:38:44,25.0,102.12 M
2019-06-04 21:38:46,29.0,102.12 M
2019-06-04 21:38:48,25.0,103.17 M
2019-06-04 21:38:50,30.0,103.02 M
2019-06-04 21:38:52,26.0,105.23 M
2019-06-04 21:38:54,34.0,104.13 M
2019-06-04 21:38:56,25.0,105.79 M
2019-06-04 21:38:58,25.0,107.06 M
2019-06-04 21:39:00,25.0,107.06 M
2019-06-04 21:39:02,26.0,106.61 M
2019-06-04 21:39:04,33.0,106.87 M
2019-06-04 21:39:06,28.0,107.90 M
2019-06-04 21:39:08,26.0,105.94 M
2019-06-04 21:39:10,23.0,107.18 M
2019-06-04 21:39:12,21.0,106.51 M
2019-06-04 21:39:14,32.0,104.86 M
2019-06-04 21:39:16,25.0,106.94 M
2019-06-04 21:39:18,24.0,104.91 M
2019-06-04 21:39:20,23.0,107.18 M
2019-06-04 21:39:22,37.0,103.62 M
2019-06-04 21:39:24,23.0,105.50 M
2019-06-04 21:39:26,25.0,108.10 M
2019-06-04 21:39:28,37.0,106.07 M
2019-06-04 21:39:30,29.0,107.60 M
2019-06-04 21:39:32,31.0,106.54 M
2019-06-04 21:39:34,27.0,108.60 M
2019-06-04 21:39:36,24.0,109.98 M
2019-06-04 21:39:38,25.0,109.98 M
2019-06-04 21:39:40,19.0,110.97 M
2019-06-04 21:39:42,25.0,111.23 M
2019-06-04 21:39:44,24.0,111.02 M
2019-06-04 21:39:46,26.0,109.72 M
2019-06-04 21:39:48,24.0,112.00 M
2019-06-04 21:39:50,33.0,104.54 M
2019-06-04 21:39:52,26.0,106.01 M
2019-06-04 21:39:54,27.0,107.87 M
2019-06-04 21:39:56,34.0,107.10 M
2019-06-04 21:39:58,23.0,108.22 M
2019-06-04 21:40:00,27.0,106.58 M
2019-06-04 21:40:02,24.0,106.58 M
2019-06-04 21:40:04,31.0,105.38 M
2019-06-04 21:40:06,31.0,106.26 M
2019-06-04 21:40:08,26.0,107.86 M
2019-06-04 21:40:10,35.0,105.04 M
2019-06-04 21:40:12,32.0,106.79 M
2019-06-04 21:40:14,31.0,107.82 M
2019-06-04 21:40:16,37.0,107.58 M
2019-06-04 21:40:18,10.0,107.58 M
2019-06-04 21:40:20,21.0,106.83 M
2019-06-04 21:40:22,12.0,108.03 M
2019-06-04 21:40:24,8.0,108.03 M
2019-06-04 21:40:26,17.0,108.03 M
2019-06-04 21:40:28,42.9,109.08 M
2019-06-04 21:40:30,38.0,108.55 M
2019-06-04 21:40:32,29.0,110.36 M
2019-06-04 21:40:34,21.0,111.39 M
2019-06-04 21:40:36,21.0,112.39 M
2019-06-04 21:40:38,19.0,112.13 M
2019-06-04 21:40:40,28.0,106.82 M
2019-06-04 21:40:42,26.0,107.17 M
2019-06-04 21:40:44,27.0,107.93 M
2019-06-04 21:40:46,28.0,110.49 M
2019-06-04 21:40:48,18.0,112.30 M
2019-06-04 21:40:50,24.0,112.55 M
2019-06-04 21:40:52,27.0,112.37 M
2019-06-04 21:40:54,23.0,112.37 M
2019-06-04 21:40:56,12.0,112.12 M
2019-06-04 21:40:58,29.0,112.60 M
2019-06-04 21:41:00,27.0,114.11 M
2019-06-04 21:41:02,26.0,112.93 M
2019-06-04 21:41:04,22.0,114.72 M
2019-06-04 21:41:07,21.0,111.70 M
2019-06-04 21:41:09,22.0,111.70 M
2019-06-04 21:41:11,20.0,112.33 M
2019-06-04 21:41:13,16.0,112.33 M
2019-06-04 21:41:15,16.0,111.18 M
2019-06-04 21:41:17,22.0,111.18 M
2019-06-04 21:41:19,32.0,112.48 M
2019-06-04 21:41:21,26.0,111.00 M
2019-06-04 21:41:23,23.0,112.28 M
2019-06-04 21:41:25,29.0,110.14 M
2019-06-04 21:41:27,24.0,111.79 M
2019-06-04 21:41:29,38.0,110.98 M
2019-06-04 21:41:31,17.0,113.20 M
2019-06-04 21:41:33,19.0,112.55 M
2019-06-04 21:41:35,25.0,114.96 M
2019-06-04 21:41:37,23.0,113.87 M
2019-06-04 21:41:39,30.0,114.10 M
2019-06-04 21:41:41,26.0,114.64 M
2019-06-04 21:41:43,22.0,114.90 M
2019-06-04 21:41:45,26.0,115.49 M
2019-06-04 21:41:47,19.0,115.49 M
2019-06-04 21:41:49,22.0,116.09 M
2019-06-04 21:41:51,31.0,114.57 M
2019-06-04 21:41:53,31.0,114.57 M
2019-06-04 21:41:55,36.0,114.93 M
2019-06-04 21:41:57,22.0,114.93 M
2019-06-04 21:41:59,25.0,115.48 M
2019-06-04 21:42:01,32.0,113.81 M
2019-06-04 21:42:03,23.0,115.20 M
2019-06-04 21:42:05,29.0,115.09 M
2019-06-04 21:42:07,26.0,116.87 M
2019-06-04 21:42:09,24.0,116.64 M
2019-06-04 21:42:11,23.0,116.64 M
2019-06-04 21:42:13,23.0,115.85 M
2019-06-04 21:42:15,27.0,116.87 M
2019-06-04 21:42:17,18.0,118.88 M
2019-06-04 21:42:20,64.9,58.47 M
2019-06-04 21:42:22,48.9,68.40 M
2019-06-04 21:42:24,44.0,86.26 M
2019-06-04 21:42:26,36.0,89.40 M
2019-06-04 21:42:28,40.0,90.09 M
2019-06-04 21:42:30,30.0,91.62 M
2019-06-04 21:42:32,28.0,93.66 M
2019-06-04 21:42:34,30.0,95.44 M
2019-06-04 21:42:36,30.0,95.62 M
2019-06-04 21:42:38,46.0,96.14 M
2019-06-04 21:42:40,39.0,97.93 M
2019-06-04 21:42:42,44.9,97.46 M
2019-06-04 21:42:44,27.0,97.46 M
2019-06-04 21:42:46,26.0,97.16 M
2019-06-04 21:42:48,30.0,95.90 M
2019-06-04 21:42:50,22.0,96.74 M
2019-06-04 21:42:52,20.0,95.82 M
2019-06-04 21:42:54,31.0,97.98 M
2019-06-04 21:42:56,29.0,97.24 M
2019-06-04 21:42:58,37.0,97.90 M
2019-06-04 21:43:00,24.0,99.13 M
2019-06-04 21:43:02,32.0,98.10 M
2019-06-04 21:43:04,26.0,99.70 M
2019-06-04 21:43:06,23.0,98.43 M
2019-06-04 21:43:08,36.0,96.71 M
2019-06-04 21:43:10,26.0,98.62 M
2019-06-04 21:43:12,31.0,96.94 M
2019-06-04 21:43:14,32.0,97.39 M
2019-06-04 21:43:16,31.0,98.75 M
2019-06-04 21:43:18,31.0,98.06 M
2019-06-04 21:43:20,23.0,98.80 M
2019-06-04 21:43:22,33.0,97.07 M
2019-06-04 21:43:24,26.0,99.20 M
2019-06-04 21:43:26,27.0,99.11 M
2019-06-04 21:43:28,31.0,97.98 M
2019-06-04 21:43:30,22.0,98.20 M
2019-06-04 21:43:32,28.0,99.10 M
2019-06-04 21:43:34,28.0,99.10 M
2019-06-04 21:43:36,25.0,101.18 M
2019-06-04 21:43:38,31.0,98.94 M
2019-06-04 21:43:40,27.0,99.84 M
2019-06-04 21:43:42,25.0,99.04 M
2019-06-04 21:43:44,35.0,98.09 M
2019-06-04 21:43:46,27.0,98.51 M
2019-06-04 21:43:48,23.0,98.48 M
2019-06-04 21:43:50,21.0,98.73 M
2019-06-04 21:43:52,21.0,99.16 M
2019-06-04 21:43:54,23.0,99.16 M
2019-06-04 21:43:56,14.0,98.98 M
2019-06-04 21:43:58,26.0,99.32 M
2019-06-04 21:44:00,18.0,101.45 M
2019-06-04 21:44:02,30.0,98.77 M
2019-06-04 21:44:04,24.0,98.77 M
2019-06-04 21:44:06,22.0,100.77 M
2019-06-04 21:44:08,27.0,101.79 M
2019-06-04 21:44:10,21.0,100.97 M
2019-06-04 21:44:12,25.0,100.40 M
2019-06-04 21:44:15,22.0,102.62 M
2019-06-04 21:44:17,23.0,100.09 M
2019-06-04 21:44:19,20.0,100.46 M
2019-06-04 21:44:21,29.0,100.06 M
2019-06-04 21:44:23,26.0,100.32 M
2019-06-04 21:44:25,31.0,100.50 M
2019-06-04 21:44:27,22.0,101.76 M
2019-06-04 21:44:29,27.0,101.00 M
2019-06-04 21:44:31,24.0,101.04 M
2019-06-04 21:44:33,22.0,101.04 M
2019-06-04 21:44:35,23.0,101.12 M
2019-06-04 21:44:37,27.0,101.94 M
2019-06-04 21:44:39,25.0,100.05 M
2019-06-04 21:44:41,30.0,100.86 M
2019-06-04 21:44:43,25.0,99.97 M
2019-06-04 21:44:45,35.0,101.25 M
2019-06-04 21:44:47,26.0,101.56 M
2019-06-04 21:44:49,23.0,103.84 M
2019-06-04 21:44:51,23.0,104.10 M
2019-06-04 21:44:53,23.0,101.97 M
2019-06-04 21:44:55,33.0,102.12 M
2019-06-04 21:44:57,22.0,103.97 M
2019-06-04 21:45:00,53.9,64.86 M
2019-06-04 21:45:02,37.0,77.09 M
2019-06-04 21:45:04,46.9,90.13 M
2019-06-04 21:45:06,33.0,91.39 M
2019-06-04 21:45:08,33.0,94.04 M
2019-06-04 21:45:10,41.0,94.26 M
2019-06-04 21:45:12,28.0,94.17 M
2019-06-04 21:45:14,38.0,94.82 M
2019-06-04 21:45:16,38.0,94.72 M
2019-06-04 21:45:18,38.0,95.43 M
2019-06-04 21:45:20,39.0,96.79 M
2019-06-04 21:45:22,28.0,96.64 M
2019-06-04 21:45:24,26.0,96.64 M
2019-06-04 21:45:26,29.0,95.54 M
2019-06-04 21:45:28,39.0,96.09 M
2019-06-04 21:45:30,31.0,96.83 M
2019-06-04 21:45:32,28.0,98.28 M
2019-06-04 21:45:34,28.0,97.09 M
2019-06-04 21:45:36,41.0,96.86 M
2019-06-04 21:45:38,31.0,97.86 M
2019-06-04 21:45:40,32.0,96.39 M
2019-06-04 21:45:42,37.0,96.38 M
2019-06-04 21:45:44,22.0,96.67 M
2019-06-04 21:45:46,37.0,97.48 M
2019-06-04 21:45:48,32.0,97.77 M
2019-06-04 21:45:50,36.0,97.96 M
2019-06-04 21:45:52,41.0,98.67 M
2019-06-04 21:45:54,34.0,99.24 M
2019-06-04 21:45:56,40.0,99.18 M
2019-06-04 21:45:58,29.0,98.85 M
2019-06-04 21:46:00,21.0,99.43 M
2019-06-04 21:46:02,26.0,102.27 M
2019-06-04 21:46:04,34.0,99.70 M
2019-06-04 21:46:06,37.0,99.42 M
2019-06-04 21:46:08,32.0,100.52 M
2019-06-04 21:46:10,34.0,98.52 M
2019-06-04 21:46:12,33.0,99.86 M
2019-06-04 21:46:14,33.0,98.45 M
2019-06-04 21:46:16,28.0,100.71 M
2019-06-04 21:46:18,27.0,101.70 M
2019-06-04 21:46:20,26.0,100.00 M
2019-06-04 21:46:22,39.0,99.39 M
2019-06-04 21:46:24,26.0,99.87 M
2019-06-04 21:46:26,31.0,101.98 M
2019-06-04 21:46:28,28.0,98.93 M
2019-06-04 21:46:30,25.0,97.81 M
2019-06-04 21:46:32,30.0,98.43 M
2019-06-04 21:46:34,31.0,99.65 M
2019-06-04 21:46:36,26.0,98.60 M
2019-06-04 21:46:38,31.0,98.70 M
2019-06-04 21:46:40,23.0,99.85 M
2019-06-04 21:46:42,24.0,98.10 M
2019-06-04 21:46:44,28.0,100.49 M
2019-06-04 21:46:46,26.0,96.81 M
2019-06-04 21:46:48,32.0,97.07 M
2019-06-04 21:46:50,31.0,97.54 M
2019-06-04 21:46:52,36.0,97.61 M
2019-06-04 21:46:54,42.9,98.24 M
2019-06-04 21:46:56,32.0,99.06 M
2019-06-04 21:46:58,26.0,99.84 M
2019-06-04 21:47:00,25.0,102.05 M
2019-06-04 21:47:02,37.0,101.59 M
2019-06-04 21:47:04,29.0,101.68 M
2019-06-04 21:47:06,29.0,100.88 M
2019-06-04 21:47:08,28.0,99.96 M
2019-06-04 21:47:10,37.0,99.25 M
2019-06-04 21:47:12,34.0,99.39 M
2019-06-04 21:47:14,27.0,99.95 M
2019-06-04 21:47:16,35.0,101.95 M
2019-06-04 21:47:18,34.0,97.97 M
2019-06-04 21:47:20,44.0,98.56 M
2019-06-04 21:47:22,24.0,99.96 M
2019-06-04 21:47:25,36.0,101.70 M
2019-06-04 21:47:27,34.0,101.52 M
2019-06-04 21:47:29,30.0,99.70 M
2019-06-04 21:47:31,26.0,101.13 M
2019-06-04 21:47:33,23.0,99.31 M
2019-06-04 21:47:35,37.0,98.99 M
2019-06-04 21:47:37,43.0,99.96 M
2019-06-04 21:47:39,29.0,100.22 M
2019-06-04 21:47:41,31.0,101.27 M
2019-06-04 21:47:43,41.0,100.87 M
2019-06-04 21:47:45,35.0,100.87 M
2019-06-04 21:47:47,18.0,101.46 M
2019-06-04 21:47:49,35.0,101.67 M
2019-06-04 21:47:51,25.0,101.93 M
2019-06-04 21:47:53,32.0,103.29 M
2019-06-04 21:47:55,35.0,101.29 M
2019-06-04 21:47:57,21.0,102.38 M
2019-06-04 21:47:59,32.0,103.57 M
2019-06-04 21:48:01,27.0,104.12 M
2019-06-04 21:48:03,27.0,104.49 M
2019-06-04 21:48:05,29.0,102.74 M
2019-06-04 21:48:07,38.0,103.14 M
2019-06-04 21:48:09,31.0,103.17 M
2019-06-04 21:48:11,30.0,104.88 M
2019-06-04 21:48:13,31.0,105.02 M
2019-06-04 21:48:15,28.0,102.62 M
2019-06-04 21:48:17,26.0,103.54 M
2019-06-04 21:48:19,35.0,100.63 M
2019-06-04 21:48:21,28.0,102.30 M
2019-06-04 21:48:23,36.0,102.27 M
2019-06-04 21:48:25,26.0,103.18 M
2019-06-04 21:48:27,40.0,102.57 M
2019-06-04 21:48:29,28.0,102.71 M
2019-06-04 21:48:31,29.0,102.30 M
2019-06-04 21:48:33,32.0,102.33 M
2019-06-04 21:48:35,25.0,103.70 M
2019-06-04 21:48:37,29.0,103.54 M
2019-06-04 21:48:39,27.0,102.39 M
2019-06-04 21:48:41,30.0,102.03 M
2019-06-04 21:48:43,38.0,102.65 M
2019-06-04 21:48:45,28.0,102.84 M
2019-06-04 21:48:47,36.0,104.58 M
2019-06-04 21:48:49,20.0,103.32 M
2019-06-04 21:48:51,39.0,103.36 M
2019-06-04 21:48:53,27.0,102.74 M
2019-06-04 21:48:55,31.0,104.73 M
2019-06-04 21:48:57,27.0,100.82 M
2019-06-04 21:48:59,17.0,101.73 M
2019-06-04 21:49:01,41.9,102.39 M
2019-06-04 21:49:03,24.0,104.11 M
2019-06-04 21:49:05,27.0,102.30 M
2019-06-04 21:49:07,29.0,104.44 M
2019-06-04 21:49:09,34.0,102.57 M
2019-06-04 21:49:11,33.0,103.00 M
2019-06-04 21:49:13,27.0,102.25 M
2019-06-04 21:49:15,38.0,100.76 M
2019-06-04 21:49:17,29.0,103.48 M
2019-06-04 21:49:19,37.0,103.23 M
2019-06-04 21:49:21,33.0,104.24 M
2019-06-04 21:49:24,49.9,58.47 M
2019-06-04 21:49:26,48.0,71.44 M
2019-06-04 21:49:28,33.0,87.42 M
2019-06-04 21:49:30,40.9,92.17 M
2019-06-04 21:49:32,36.0,93.80 M
2019-06-04 21:49:34,41.0,94.05 M
2019-06-04 21:49:36,32.0,94.66 M
2019-06-04 21:49:38,29.0,95.50 M
2019-06-04 21:49:40,31.0,96.23 M
2019-06-04 21:49:42,24.0,93.55 M
2019-06-04 21:49:44,42.9,93.88 M
2019-06-04 21:49:46,34.0,95.58 M
2019-06-04 21:49:48,43.0,97.09 M
2019-06-04 21:49:50,41.0,96.20 M
2019-06-04 21:49:52,34.0,96.38 M
2019-06-04 21:49:54,26.0,98.29 M
2019-06-04 21:49:56,25.0,97.76 M
2019-06-04 21:49:58,38.0,95.91 M
2019-06-04 21:50:00,36.0,97.88 M
2019-06-04 21:50:02,30.0,98.10 M
2019-06-04 21:50:04,31.0,99.24 M
2019-06-04 21:50:06,50.0,97.43 M
2019-06-04 21:50:08,35.0,97.35 M
2019-06-04 21:50:10,41.0,98.12 M
2019-06-04 21:50:12,31.0,99.39 M
2019-06-04 21:50:14,20.0,101.96 M
2019-06-04 21:50:16,4.0,102.21 M
2019-06-04 21:50:18,11.0,102.46 M
2019-06-04 21:50:20,37.0,98.73 M
2019-06-04 21:50:22,36.0,99.12 M
2019-06-04 21:50:24,41.9,99.28 M
2019-06-04 21:50:26,19.0,100.20 M
2019-06-04 21:50:28,8.0,99.36 M
2019-06-04 21:50:30,16.0,100.64 M
2019-06-04 21:50:32,16.0,100.64 M
2019-06-04 21:50:34,26.0,97.54 M
2019-06-04 21:50:36,30.0,97.89 M
2019-06-04 21:50:38,33.0,99.36 M
2019-06-04 21:50:41,29.0,97.13 M
2019-06-04 21:50:43,20.0,97.15 M
2019-06-04 21:50:45,25.0,99.38 M
2019-06-04 21:50:47,43.9,101.34 M
2019-06-04 21:50:49,25.0,101.34 M
2019-06-04 21:50:51,28.0,99.71 M
2019-06-04 21:50:53,25.0,100.56 M
2019-06-04 21:50:55,34.0,97.81 M
2019-06-04 21:50:57,33.0,99.74 M
2019-06-04 21:50:59,26.0,100.00 M
2019-06-04 21:51:01,32.0,100.16 M
2019-06-04 21:51:03,32.0,99.68 M
2019-06-04 21:51:05,32.0,100.23 M
2019-06-04 21:51:07,31.0,102.16 M
2019-06-04 21:51:09,38.0,98.70 M
2019-06-04 21:51:11,23.0,98.70 M
2019-06-04 21:51:13,30.0,100.24 M
2019-06-04 21:51:15,24.0,102.46 M
2019-06-04 21:51:17,32.0,103.51 M
2019-06-04 21:51:19,43.0,100.31 M
2019-06-04 21:51:21,19.0,100.56 M
2019-06-04 21:51:23,35.0,103.53 M
2019-06-04 21:51:25,36.0,101.75 M
2019-06-04 21:51:27,24.0,103.90 M
2019-06-04 21:51:29,34.0,103.58 M
2019-06-04 21:51:31,35.0,104.18 M
2019-06-04 21:51:33,31.0,102.52 M
2019-06-04 21:51:35,27.0,102.52 M
2019-06-04 21:51:37,36.0,103.49 M
2019-06-04 21:51:39,41.0,104.42 M
2019-06-04 21:51:41,27.0,104.42 M
2019-06-04 21:51:43,35.0,103.97 M
2019-06-04 21:51:45,28.0,105.46 M
2019-06-04 21:51:47,36.0,102.18 M
2019-06-04 21:51:49,23.0,102.18 M
2019-06-04 21:51:51,31.0,101.96 M
2019-06-04 21:51:53,33.0,103.19 M
2019-06-04 21:51:55,37.0,103.02 M
2019-06-04 21:51:57,21.0,104.95 M
2019-06-04 21:51:59,33.0,103.32 M
2019-06-04 21:52:01,38.0,104.16 M
2019-06-04 21:52:03,37.0,103.90 M
2019-06-04 21:52:05,31.0,105.68 M
2019-06-04 21:52:07,34.0,106.85 M
2019-06-04 21:52:09,26.0,104.67 M
2019-06-04 21:52:11,34.0,105.38 M
2019-06-04 21:52:13,34.0,106.63 M
2019-06-04 21:52:15,24.0,105.31 M
2019-06-04 21:52:17,37.0,103.71 M
2019-06-04 21:52:19,22.0,103.71 M
2019-06-04 21:52:21,21.0,104.75 M
2019-06-04 21:52:23,36.0,103.71 M
2019-06-04 21:52:25,38.0,104.36 M
2019-06-04 21:52:27,24.0,105.90 M
2019-06-04 21:52:29,23.0,105.32 M
2019-06-04 21:52:31,39.0,105.34 M
2019-06-04 21:52:33,30.0,105.34 M
2019-06-04 21:52:35,28.0,107.60 M
2019-06-04 21:52:37,38.0,105.55 M
2019-06-04 21:52:39,25.0,106.33 M
2019-06-04 21:52:41,31.0,106.17 M
2019-06-04 21:52:43,34.0,107.63 M
2019-06-04 21:52:45,39.0,106.36 M
2019-06-04 21:52:47,25.0,108.14 M
2019-06-04 21:52:49,25.0,106.88 M
2019-06-04 21:52:51,36.0,107.32 M
2019-06-04 21:52:53,41.0,107.55 M
2019-06-04 21:52:55,37.0,109.77 M
2019-06-04 21:52:57,27.0,108.32 M
2019-06-04 21:52:59,28.0,107.50 M
2019-06-04 21:53:01,33.0,108.77 M
2019-06-04 21:53:03,25.0,109.04 M
2019-06-04 21:53:05,29.0,106.57 M
2019-06-04 21:53:07,28.0,107.59 M
2019-06-04 21:53:09,29.0,107.80 M
2019-06-04 21:53:11,39.0,107.60 M
2019-06-04 21:53:13,25.0,109.05 M
2019-06-04 21:53:15,43.0,110.45 M
2019-06-04 21:53:17,29.0,110.45 M
2019-06-04 21:53:19,32.0,111.47 M
2019-06-04 21:53:21,35.0,111.27 M
2019-06-04 21:53:23,21.0,113.64 M
2019-06-04 21:53:25,35.0,113.38 M
2019-06-04 21:53:27,28.0,113.64 M
2019-06-04 21:53:29,38.0,112.52 M
2019-06-04 21:53:31,30.0,112.75 M
2019-06-04 21:53:33,36.0,112.09 M
2019-06-04 21:53:35,29.0,112.09 M
2019-06-04 21:53:37,27.0,113.37 M
2019-06-04 21:53:39,29.0,110.64 M
2019-06-04 21:53:41,30.0,108.46 M
2019-06-04 21:53:43,30.0,110.02 M
2019-06-04 21:53:45,33.0,105.80 M
2019-06-04 21:53:47,40.0,108.47 M
2019-06-04 21:53:49,32.0,108.00 M
2019-06-04 21:53:51,30.0,108.00 M
2019-06-04 21:53:53,30.0,110.73 M
2019-06-04 21:53:55,23.0,108.49 M
2019-06-04 21:53:57,22.0,109.74 M
2019-06-04 21:53:59,27.0,109.56 M
2019-06-04 21:54:01,34.0,108.34 M
2019-06-04 21:54:04,36.0,108.41 M
2019-06-04 21:54:06,30.0,110.22 M
2019-06-04 21:54:08,33.0,110.60 M
2019-06-04 21:54:10,35.0,111.04 M
2019-06-04 21:54:12,24.0,111.04 M
2019-06-04 21:54:14,29.0,111.95 M
2019-06-04 21:54:16,38.0,111.80 M
2019-06-04 21:54:18,29.0,111.80 M
2019-06-04 21:54:20,37.0,110.63 M
2019-06-04 21:54:22,28.0,110.21 M
2019-06-04 21:54:25,55.9,59.40 M
2019-06-04 21:54:27,50.9,69.68 M
2019-06-04 21:54:30,47.0,56.89 M
2019-06-04 21:54:32,44.0,68.36 M
2019-06-04 21:54:34,40.0,85.75 M
2019-06-04 21:54:36,36.0,89.79 M
2019-06-04 21:54:38,28.0,91.84 M
2019-06-04 21:54:40,27.0,92.52 M
2019-06-04 21:54:42,21.0,94.04 M
2019-06-04 21:54:44,39.0,94.93 M
2019-06-04 21:54:46,30.0,94.93 M
2019-06-04 21:54:48,36.0,94.58 M
2019-06-04 21:54:50,37.0,95.11 M
2019-06-04 21:54:52,28.0,95.61 M
2019-06-04 21:54:54,37.0,95.12 M
2019-06-04 21:54:56,27.0,95.94 M
2019-06-04 21:54:58,36.0,97.44 M
2019-06-04 21:55:00,31.0,97.44 M
2019-06-04 21:55:02,27.0,99.38 M
2019-06-04 21:55:04,29.0,96.38 M
2019-06-04 21:55:06,28.0,97.33 M
2019-06-04 21:55:08,31.0,98.02 M
2019-06-04 21:55:10,26.0,98.02 M
2019-06-04 21:55:12,32.0,99.30 M
2019-06-04 21:55:14,34.0,97.11 M
2019-06-04 21:55:16,26.0,98.81 M
2019-06-04 21:55:18,31.0,98.63 M
2019-06-04 21:55:20,35.0,97.29 M
2019-06-04 21:55:22,30.0,98.62 M
2019-06-04 21:55:24,23.0,98.75 M
2019-06-04 21:55:26,39.0,98.04 M
2019-06-04 21:55:28,26.0,100.04 M
2019-06-04 21:55:30,32.0,100.40 M
2019-06-04 21:55:32,28.0,101.95 M
2019-06-04 21:55:34,29.0,101.42 M
2019-06-04 21:55:36,26.0,101.84 M
2019-06-04 21:55:38,27.0,101.38 M
2019-06-04 21:55:40,23.0,101.38 M
2019-06-04 21:55:42,24.0,101.00 M
2019-06-04 21:55:44,36.0,98.29 M
2019-06-04 21:55:46,25.0,98.40 M
2019-06-04 21:55:48,28.0,99.07 M
2019-06-04 21:55:50,30.0,101.26 M
2019-06-04 21:55:52,27.0,99.58 M
2019-06-04 21:55:54,29.0,99.21 M
2019-06-04 21:55:56,32.0,100.83 M
2019-06-04 21:55:58,24.0,98.86 M
2019-06-04 21:56:00,33.0,99.05 M
2019-06-04 21:56:02,27.0,99.81 M
2019-06-04 21:56:04,27.0,99.27 M
2019-06-04 21:56:06,22.0,100.81 M
2019-06-04 21:56:08,27.0,99.20 M
2019-06-04 21:56:10,25.0,99.45 M
2019-06-04 21:56:12,18.0,100.41 M
2019-06-04 21:56:14,30.0,100.72 M
2019-06-04 21:56:16,25.0,101.05 M
2019-06-04 21:56:18,30.0,100.84 M
2019-06-04 21:56:20,26.0,101.39 M
2019-06-04 21:56:22,28.0,101.71 M
2019-06-04 21:56:24,40.0,101.19 M
2019-06-04 21:56:26,24.0,102.91 M
2019-06-04 21:56:28,27.0,101.82 M
2019-06-04 21:56:30,27.0,102.08 M
2019-06-04 21:56:32,21.0,102.30 M
2019-06-04 21:56:34,28.0,104.42 M
2019-06-04 21:56:36,24.0,102.58 M
2019-06-04 21:56:38,24.0,103.27 M
2019-06-04 21:56:40,20.0,105.93 M
2019-06-04 21:56:42,32.0,103.19 M
2019-06-04 21:56:44,33.0,105.22 M
2019-06-04 21:56:46,25.0,106.05 M
2019-06-04 21:56:48,31.0,105.76 M
2019-06-04 21:56:50,26.0,106.70 M
2019-06-04 21:56:53,31.0,106.91 M
2019-06-04 21:56:55,27.0,107.50 M
2019-06-04 21:56:57,23.0,107.35 M
2019-06-04 21:56:59,21.0,107.35 M
2019-06-04 21:57:01,24.0,105.59 M
2019-06-04 21:57:03,33.0,105.61 M
2019-06-04 21:57:05,22.0,107.60 M
2019-06-04 21:57:07,24.0,107.31 M
2019-06-04 21:57:09,25.0,108.84 M
2019-06-04 21:57:11,21.0,108.43 M
2019-06-04 21:57:13,34.0,106.83 M
2019-06-04 21:57:15,30.0,107.04 M
2019-06-04 21:57:17,31.0,106.08 M
2019-06-04 21:57:19,29.0,106.75 M
2019-06-04 21:57:21,28.0,107.90 M
2019-06-04 21:57:23,31.0,104.28 M
2019-06-04 21:57:25,27.0,105.50 M
2019-06-04 21:57:27,31.0,104.91 M
2019-06-04 21:57:29,25.0,105.24 M
2019-06-04 21:57:31,28.0,109.11 M
2019-06-04 21:57:33,32.0,107.50 M
2019-06-04 21:57:35,28.0,108.46 M
2019-06-04 21:57:37,23.0,110.01 M
2019-06-04 21:57:39,27.0,110.01 M
2019-06-04 21:57:41,30.0,108.27 M
2019-06-04 21:57:43,24.0,107.19 M
2019-06-04 21:57:45,28.0,109.59 M
2019-06-04 21:57:47,24.0,108.98 M
2019-06-04 21:57:49,29.0,107.73 M
2019-06-04 21:57:51,28.0,110.32 M
2019-06-04 21:57:53,28.0,107.88 M
2019-06-04 21:57:55,33.0,108.57 M
2019-06-04 21:57:57,26.0,109.54 M
2019-06-04 21:57:59,35.0,108.32 M
2019-06-04 21:58:01,28.0,110.33 M
2019-06-04 21:58:03,23.0,111.70 M
2019-06-04 21:58:05,35.0,109.47 M
2019-06-04 21:58:07,21.0,110.62 M
2019-06-04 21:58:09,33.0,110.20 M
2019-06-04 21:58:11,29.0,111.84 M
2019-06-04 21:58:13,25.0,111.61 M
2019-06-04 21:58:15,35.0,111.20 M
2019-06-04 21:58:17,24.0,113.01 M
2019-06-04 21:58:19,31.0,110.13 M
2019-06-04 21:58:21,33.0,110.88 M
2019-06-04 21:58:23,24.0,110.93 M
2019-06-04 21:58:25,26.0,110.93 M
2019-06-04 21:58:27,25.0,110.77 M
2019-06-04 21:58:29,27.0,109.81 M
2019-06-04 21:58:31,25.0,111.87 M
2019-06-04 21:58:33,28.0,111.04 M
2019-06-04 21:58:35,34.0,109.61 M
2019-06-04 21:58:37,27.0,110.63 M
2019-06-04 21:58:39,28.0,111.84 M
2019-06-04 21:58:41,35.0,110.62 M
2019-06-04 21:58:43,25.0,111.38 M
2019-06-04 21:58:45,33.0,111.19 M
2019-06-04 21:58:47,26.0,112.43 M
2019-06-04 21:58:49,22.0,112.10 M
2019-06-04 21:58:51,39.0,110.23 M
2019-06-04 21:58:53,27.0,112.24 M
2019-06-04 21:58:55,23.0,112.34 M
2019-06-04 21:58:57,24.0,112.34 M
2019-06-04 21:58:59,26.0,112.84 M
2019-06-04 21:59:01,36.0,113.09 M
2019-06-04 21:59:03,36.0,113.86 M
2019-06-04 21:59:05,28.0,114.66 M
2019-06-04 21:59:07,25.0,114.09 M
2019-06-04 21:59:09,25.0,114.71 M
2019-06-04 21:59:11,25.0,113.82 M
2019-06-04 21:59:13,30.0,115.29 M
2019-06-04 21:59:15,22.0,111.14 M
2019-06-04 21:59:17,37.0,110.98 M
2019-06-04 21:59:19,24.0,110.98 M
2019-06-04 21:59:21,26.0,112.48 M
2019-06-04 21:59:23,24.0,112.48 M
2019-06-04 21:59:25,28.0,113.20 M
2019-06-04 21:59:27,32.0,111.76 M
2019-06-04 21:59:30,47.9,54.21 M
2019-06-04 21:59:33,53.9,58.82 M
2019-06-04 21:59:35,51.0,71.34 M
2019-06-04 21:59:37,44.9,88.53 M
2019-06-04 21:59:39,41.0,92.18 M
2019-06-04 21:59:41,39.0,91.67 M
2019-06-04 21:59:43,44.9,94.64 M
2019-06-04 21:59:45,27.0,97.56 M
2019-06-04 21:59:48,47.9,96.86 M
2019-06-04 21:59:50,29.0,99.30 M
2019-06-04 21:59:52,41.0,100.35 M
2019-06-04 21:59:54,33.0,100.55 M
2019-06-04 21:59:56,31.0,97.57 M
2019-06-04 21:59:58,31.0,97.30 M
2019-06-04 22:00:00,33.0,100.04 M
2019-06-04 22:00:02,28.0,99.39 M
2019-06-04 22:00:04,37.0,98.71 M
2019-06-04 22:00:06,32.0,100.65 M
2019-06-04 22:00:08,32.0,99.63 M
2019-06-04 22:00:10,16.0,101.60 M
2019-06-04 22:00:12,27.0,101.65 M
2019-06-04 22:00:14,27.0,100.65 M
2019-06-04 22:00:16,27.0,102.56 M
2019-06-04 22:00:18,32.0,100.28 M
2019-06-04 22:00:20,25.0,102.16 M
2019-06-04 22:00:22,25.0,102.78 M
2019-06-04 22:00:24,25.0,102.78 M
2019-06-04 22:00:26,27.0,100.85 M
2019-06-04 22:00:28,57.0,58.74 M
2019-06-04 22:00:30,56.9,68.84 M
2019-06-04 22:00:32,43.0,88.28 M
2019-06-04 22:00:34,36.0,91.61 M
2019-06-04 22:00:36,42.0,93.09 M
2019-06-04 22:00:38,33.0,94.77 M
2019-06-04 22:00:40,25.0,96.46 M
2019-06-04 22:00:42,36.0,95.67 M
2019-06-04 22:00:44,42.0,97.86 M
2019-06-04 22:00:46,33.0,95.36 M
2019-06-04 22:00:48,32.0,95.96 M
2019-06-04 22:00:50,32.0,97.34 M
2019-06-04 22:00:52,46.0,96.07 M
2019-06-04 22:00:54,33.0,96.56 M
2019-06-04 22:00:56,31.0,98.99 M
2019-06-04 22:00:58,42.0,99.22 M
2019-06-04 22:01:00,35.0,101.15 M
2019-06-04 22:01:02,30.0,98.98 M
2019-06-04 22:01:04,34.0,97.49 M
2019-06-04 22:01:06,19.0,98.03 M
2019-06-04 22:01:08,36.0,98.25 M
2019-06-04 22:01:10,32.0,100.42 M
2019-06-04 22:01:12,26.0,100.38 M
2019-06-04 22:01:14,39.0,99.88 M
2019-06-04 22:01:16,30.0,101.88 M
2019-06-04 22:01:18,23.0,102.73 M
2019-06-04 22:01:20,40.0,101.72 M
2019-06-04 22:01:22,32.0,101.97 M
2019-06-04 22:01:24,29.0,102.16 M
2019-06-04 22:01:26,38.0,101.12 M
2019-06-04 22:01:28,26.0,102.99 M
2019-06-04 22:01:30,33.0,101.23 M
2019-06-04 22:01:32,35.0,103.00 M
2019-06-04 22:01:34,32.0,102.82 M
2019-06-04 22:01:36,32.0,102.36 M
2019-06-04 22:01:38,31.0,103.34 M
2019-06-04 22:01:40,58.0,59.02 M
2019-06-04 22:01:42,45.0,55.82 M
2019-06-04 22:01:44,44.0,66.94 M
2019-06-04 22:01:46,41.9,85.68 M
2019-06-04 22:01:48,43.0,90.29 M
2019-06-04 22:01:50,35.0,92.04 M
2019-06-04 22:01:52,34.0,95.02 M
2019-06-04 22:01:54,45.0,94.70 M
2019-06-04 22:01:56,29.0,96.97 M
2019-06-04 22:01:58,35.0,98.74 M
2019-06-04 22:02:00,31.0,97.45 M
2019-06-04 22:02:02,26.0,98.98 M
2019-06-04 22:02:04,38.0,95.57 M
2019-06-04 22:02:06,28.0,96.80 M
2019-06-04 22:02:08,32.0,98.46 M
2019-06-04 22:02:10,24.0,98.95 M
2019-06-04 22:02:12,34.0,99.70 M
2019-06-04 22:02:14,42.0,99.91 M
2019-06-04 22:02:16,43.0,101.57 M
2019-06-04 22:02:18,29.0,101.34 M
2019-06-04 22:02:20,30.0,99.73 M
2019-06-04 22:02:22,27.0,101.95 M
2019-06-04 22:02:25,25.0,100.33 M
2019-06-04 22:02:27,40.0,98.16 M
2019-06-04 22:02:29,27.0,99.33 M
2019-06-04 22:02:31,27.0,100.94 M
2019-06-04 22:02:33,24.0,101.45 M
2019-06-04 22:02:35,24.0,101.29 M
2019-06-04 22:02:37,28.0,100.02 M
2019-06-04 22:02:39,30.0,101.76 M
2019-06-04 22:02:41,19.0,101.92 M
2019-06-04 22:02:43,27.0,101.92 M
2019-06-04 22:02:45,29.0,102.32 M
2019-06-04 22:02:47,29.0,101.87 M
2019-06-04 22:02:49,22.0,102.22 M
2019-06-04 22:02:51,33.0,102.93 M
2019-06-04 22:02:53,29.0,103.41 M
2019-06-04 22:02:55,22.0,103.02 M
2019-06-04 22:02:57,28.0,101.18 M
2019-06-04 22:02:59,26.0,101.85 M
2019-06-04 22:03:01,31.0,101.95 M
2019-06-04 22:03:03,26.0,104.24 M
2019-06-04 22:03:05,34.0,104.70 M
2019-06-04 22:03:07,22.0,104.70 M
2019-06-04 22:03:09,25.0,106.20 M
2019-06-04 22:03:11,36.0,105.75 M
2019-06-04 22:03:13,25.0,107.75 M
2019-06-04 22:03:15,21.0,107.59 M
2019-06-04 22:03:17,28.0,107.59 M
2019-06-04 22:03:19,26.0,105.70 M
2019-06-04 22:03:21,32.0,106.47 M
2019-06-04 22:03:23,25.0,106.47 M
2019-06-04 22:03:25,19.0,107.23 M
2019-06-04 22:03:28,65.0,62.90 M
2019-06-04 22:03:30,49.0,84.52 M
2019-06-04 22:03:32,37.0,88.38 M
2019-06-04 22:03:34,43.0,91.89 M
2019-06-04 22:03:36,46.9,92.89 M
2019-06-04 22:03:38,44.9,94.01 M
2019-06-04 22:03:40,33.0,92.00 M
2019-06-04 22:03:42,40.0,92.91 M
2019-06-04 22:03:44,42.9,94.61 M
2019-06-04 22:03:46,38.0,93.99 M
2019-06-04 22:03:48,45.9,92.82 M
2019-06-04 22:03:50,36.0,94.37 M
2019-06-04 22:03:52,37.0,93.84 M
2019-06-04 22:03:54,35.0,93.94 M
2019-06-04 22:03:56,33.0,95.66 M
2019-06-04 22:03:58,32.0,96.66 M
2019-06-04 22:04:00,38.0,96.64 M
2019-06-04 22:04:02,30.0,98.02 M
2019-06-04 22:04:04,30.0,98.68 M
2019-06-04 22:04:06,42.0,97.07 M
2019-06-04 22:04:08,30.0,97.44 M
2019-06-04 22:04:10,27.0,98.99 M
2019-06-04 22:04:12,36.0,99.25 M
2019-06-04 22:04:14,38.0,97.26 M
2019-06-04 22:04:16,45.0,98.03 M
2019-06-04 22:04:18,36.0,99.31 M
2019-06-04 22:04:20,32.0,99.74 M
2019-06-04 22:04:22,41.9,98.91 M
2019-06-04 22:04:24,31.0,99.16 M
2019-06-04 22:04:26,35.0,99.79 M
2019-06-04 22:04:28,28.0,101.66 M
2019-06-04 22:04:30,39.0,100.34 M
2019-06-04 22:04:32,36.0,100.34 M
2019-06-04 22:04:34,30.0,96.65 M
2019-06-04 22:04:36,42.9,97.36 M
2019-06-04 22:04:38,37.0,99.20 M
2019-06-04 22:04:40,25.0,99.59 M
2019-06-04 22:04:42,27.0,100.21 M
2019-06-04 22:04:44,33.0,98.80 M
2019-06-04 22:04:46,31.0,96.23 M
2019-06-04 22:04:48,27.0,96.48 M
2019-06-04 22:04:50,28.0,99.04 M
2019-06-04 22:04:52,40.0,99.62 M
2019-06-04 22:04:54,32.0,99.62 M
2019-06-04 22:04:56,30.0,100.16 M
2019-06-04 22:04:58,35.0,100.90 M
2019-06-04 22:05:00,34.0,98.06 M
2019-06-04 22:05:02,24.0,98.12 M
2019-06-04 22:05:04,40.0,100.25 M
2019-06-04 22:05:06,34.0,100.67 M
2019-06-04 22:05:08,27.0,101.95 M
2019-06-04 22:05:10,30.0,98.55 M
2019-06-04 22:05:12,32.0,100.06 M
2019-06-04 22:05:14,37.0,101.05 M
2019-06-04 22:05:16,39.0,102.88 M
2019-06-04 22:05:18,40.0,98.66 M
2019-06-04 22:05:20,44.9,98.74 M
2019-06-04 22:05:22,29.0,100.64 M
2019-06-04 22:05:24,37.0,99.58 M
2019-06-04 22:05:26,29.0,101.88 M
2019-06-04 22:05:28,32.0,102.35 M
2019-06-04 22:05:30,26.0,103.01 M
2019-06-04 22:05:32,31.0,103.34 M
2019-06-04 22:05:34,36.0,103.34 M
2019-06-04 22:05:36,36.0,104.95 M
2019-06-04 22:05:38,28.0,104.95 M
2019-06-04 22:05:40,40.0,101.85 M
2019-06-04 22:05:43,39.0,102.72 M
2019-06-04 22:05:45,30.0,104.14 M
2019-06-04 22:05:47,33.0,103.48 M
2019-06-04 22:05:49,31.0,104.38 M
2019-06-04 22:05:51,26.0,103.64 M
2019-06-04 22:05:53,36.0,103.25 M
2019-06-04 22:05:55,31.0,104.20 M
2019-06-04 22:05:57,29.0,104.88 M
2019-06-04 22:05:59,36.0,104.88 M
2019-06-04 22:06:01,30.0,105.04 M
2019-06-04 22:06:03,40.0,103.46 M
2019-06-04 22:06:05,29.0,103.46 M
2019-06-04 22:06:07,32.0,104.98 M
2019-06-04 22:06:09,36.0,103.60 M
2019-06-04 22:06:11,32.0,105.61 M
2019-06-04 22:06:13,31.0,103.88 M
2019-06-04 22:06:15,29.0,104.61 M
2019-06-04 22:06:17,28.0,105.15 M
2019-06-04 22:06:19,32.0,105.14 M
2019-06-04 22:06:21,28.0,105.65 M
2019-06-04 22:06:23,33.0,104.79 M
2019-06-04 22:06:25,33.0,102.24 M
2019-06-04 22:06:27,35.0,102.24 M
2019-06-04 22:06:29,37.0,104.59 M
2019-06-04 22:06:31,41.0,105.82 M
2019-06-04 22:06:33,38.0,106.34 M
2019-06-04 22:06:35,36.0,107.02 M
2019-06-04 22:06:37,35.0,106.46 M
2019-06-04 22:06:39,32.0,106.72 M
2019-06-04 22:06:41,38.0,109.20 M
2019-06-04 22:06:43,37.0,106.17 M
2019-06-04 22:06:45,31.0,106.17 M
2019-06-04 22:06:47,31.0,108.86 M
2019-06-04 22:06:49,40.0,109.38 M
2019-06-04 22:06:51,34.0,106.81 M
2019-06-04 22:06:53,41.0,105.52 M
2019-06-04 22:06:55,33.0,106.88 M
2019-06-04 22:06:57,35.0,107.94 M
2019-06-04 22:06:59,41.0,107.47 M
2019-06-04 22:07:01,33.0,107.47 M
2019-06-04 22:07:03,33.0,107.62 M
2019-06-04 22:07:05,30.0,107.88 M
2019-06-04 22:07:07,28.0,108.34 M
2019-06-04 22:07:09,36.0,105.63 M
2019-06-04 22:07:11,36.0,104.42 M
2019-06-04 22:07:13,37.0,106.37 M
2019-06-04 22:07:15,28.0,108.09 M
2019-06-04 22:07:17,31.0,108.60 M
2019-06-04 22:07:19,29.0,108.48 M
2019-06-04 22:07:21,35.0,107.64 M
2019-06-04 22:07:23,33.0,108.26 M
2019-06-04 22:07:25,44.9,108.29 M
2019-06-04 22:07:27,35.0,109.04 M
2019-06-04 22:07:29,28.0,109.18 M
2019-06-04 22:07:31,39.0,107.96 M
2019-06-04 22:07:33,29.0,108.86 M
2019-06-04 22:07:35,35.0,105.88 M
2019-06-04 22:07:37,30.0,106.60 M
2019-06-04 22:07:39,28.0,105.92 M
2019-06-04 22:07:41,33.0,105.63 M
2019-06-04 22:07:43,35.0,107.14 M
2019-06-04 22:07:45,32.0,108.35 M
2019-06-04 22:07:47,24.0,108.35 M
2019-06-04 22:07:49,29.0,107.54 M
2019-06-04 22:07:51,31.0,107.60 M
2019-06-04 22:07:53,34.0,109.11 M
2019-06-04 22:07:55,33.0,109.10 M
2019-06-04 22:07:57,32.0,109.36 M
2019-06-04 22:07:59,25.0,109.23 M
2019-06-04 22:08:01,29.0,109.23 M
2019-06-04 22:08:03,40.0,110.68 M
2019-06-04 22:08:05,33.0,111.68 M
2019-06-04 22:08:07,26.0,112.20 M
2019-06-04 22:08:09,31.0,105.86 M
2019-06-04 22:08:11,37.0,105.93 M
2019-06-04 22:08:13,38.0,107.23 M
2019-06-04 22:08:15,31.0,106.68 M
2019-06-04 22:08:17,40.0,106.72 M
2019-06-04 22:08:19,26.0,108.59 M
2019-06-04 22:08:21,26.0,108.53 M
2019-06-04 22:08:23,30.0,108.89 M
2019-06-04 22:08:25,31.0,110.60 M
2019-06-04 22:08:28,49.0,57.62 M
2019-06-04 22:08:30,48.0,69.15 M
2019-06-04 22:08:32,31.0,86.28 M
2019-06-04 22:08:34,39.0,92.58 M
2019-06-04 22:08:36,33.0,93.82 M
2019-06-04 22:08:38,39.0,92.77 M
2019-06-04 22:08:40,37.0,94.03 M
2019-06-04 22:08:42,41.0,94.68 M
2019-06-04 22:08:44,35.0,97.12 M
2019-06-04 22:08:46,43.0,95.64 M
2019-06-04 22:08:48,44.0,95.73 M
2019-06-04 22:08:50,33.0,96.29 M
2019-06-04 22:08:52,40.0,96.29 M
2019-06-04 22:08:54,25.0,96.81 M
2019-06-04 22:08:56,30.0,95.14 M
2019-06-04 22:08:58,34.0,96.51 M
2019-06-04 22:09:00,28.0,96.75 M
2019-06-04 22:09:02,39.0,96.62 M
2019-06-04 22:09:05,30.0,98.14 M
2019-06-04 22:09:07,34.0,96.97 M
2019-06-04 22:09:09,26.0,97.71 M
2019-06-04 22:09:11,32.0,96.56 M
2019-06-04 22:09:13,40.0,97.16 M
2019-06-04 22:09:15,27.0,97.67 M
2019-06-04 22:09:17,24.0,97.92 M
2019-06-04 22:09:19,35.0,96.60 M
2019-06-04 22:09:21,32.0,98.03 M
2019-06-04 22:09:23,32.0,96.95 M
2019-06-04 22:09:25,28.0,97.80 M
2019-06-04 22:09:27,33.0,99.33 M
2019-06-04 22:09:29,24.0,100.09 M
2019-06-04 22:09:31,31.0,99.68 M
2019-06-04 22:09:33,26.0,100.44 M
2019-06-04 22:09:35,26.0,98.16 M
2019-06-04 22:09:37,28.0,98.22 M
2019-06-04 22:09:39,28.0,100.19 M
2019-06-04 22:09:41,34.0,100.93 M
2019-06-04 22:09:43,28.0,102.20 M
2019-06-04 22:09:45,28.0,104.49 M
2019-06-04 22:09:47,24.0,100.79 M
2019-06-04 22:09:49,27.0,101.03 M
2019-06-04 22:09:51,30.0,100.75 M
2019-06-04 22:09:53,25.0,100.75 M
2019-06-04 22:09:55,23.0,103.03 M
2019-06-04 22:09:57,29.0,100.91 M
2019-06-04 22:09:59,18.0,101.40 M
2019-06-04 22:10:01,29.0,100.11 M
2019-06-04 22:10:03,33.0,101.52 M
2019-06-04 22:10:05,34.0,102.34 M
2019-06-04 22:10:07,23.0,101.06 M
2019-06-04 22:10:09,31.0,101.12 M
2019-06-04 22:10:11,33.0,102.88 M
2019-06-04 22:10:13,27.0,103.39 M
2019-06-04 22:10:15,34.0,101.39 M
2019-06-04 22:10:17,28.0,102.52 M
2019-06-04 22:10:19,27.0,102.03 M
2019-06-04 22:10:21,30.0,102.89 M
2019-06-04 22:10:23,26.0,104.46 M
2019-06-04 22:10:25,28.0,103.36 M
2019-06-04 22:10:27,31.0,103.79 M
2019-06-04 22:10:29,29.0,104.80 M
2019-06-04 22:10:31,28.0,104.68 M
2019-06-04 22:10:33,23.0,105.45 M
2019-06-04 22:10:35,34.0,102.32 M
2019-06-04 22:10:37,26.0,104.54 M
2019-06-04 22:10:39,30.0,103.07 M
2019-06-04 22:10:41,26.0,104.85 M
2019-06-04 22:10:43,24.0,103.77 M
2019-06-04 22:10:45,28.0,105.27 M
2019-06-04 22:10:47,25.0,103.18 M
2019-06-04 22:10:49,39.0,103.45 M
2019-06-04 22:10:51,21.0,105.41 M
2019-06-04 22:10:53,26.0,103.64 M
2019-06-04 22:10:55,37.0,102.21 M
2019-06-04 22:10:57,25.0,102.79 M
2019-06-04 22:10:59,26.0,102.62 M
2019-06-04 22:11:01,35.0,103.18 M
2019-06-04 22:11:03,25.0,104.86 M
2019-06-04 22:11:05,25.0,104.81 M
2019-06-04 22:11:07,19.0,104.81 M
2019-06-04 22:11:09,35.0,106.75 M
2019-06-04 22:11:11,31.0,104.88 M
2019-06-04 22:11:13,28.0,105.14 M
2019-06-04 22:11:15,24.0,106.62 M
2019-06-04 22:11:17,53.9,56.09 M
2019-06-04 22:11:19,36.0,67.04 M
2019-06-04 22:11:21,42.0,87.67 M
2019-06-04 22:11:23,34.0,91.84 M
2019-06-04 22:11:25,23.0,93.04 M
2019-06-04 22:11:27,43.9,96.27 M
2019-06-04 22:11:29,34.0,97.04 M
2019-06-04 22:11:31,30.0,98.01 M
2019-06-04 22:11:33,37.0,96.29 M
2019-06-04 22:11:35,29.0,98.45 M
2019-06-04 22:11:37,34.0,97.25 M
2019-06-04 22:11:39,26.0,99.23 M
2019-06-04 22:11:41,30.0,97.25 M
2019-06-04 22:11:43,28.0,99.18 M
2019-06-04 22:11:45,29.0,98.06 M
2019-06-04 22:11:47,24.0,100.30 M
2019-06-04 22:11:49,36.0,100.34 M
2019-06-04 22:11:51,30.0,100.34 M
2019-06-04 22:11:53,26.0,99.83 M
2019-06-04 22:11:55,21.0,99.83 M
2019-06-04 22:11:57,29.0,101.27 M
2019-06-04 22:11:59,34.0,101.27 M
2019-06-04 22:12:05,59.0,58.39 M
2019-06-04 22:12:07,48.0,68.86 M
2019-06-04 22:12:09,35.0,85.16 M
2019-06-04 22:12:11,40.0,89.34 M
2019-06-04 22:12:13,41.0,89.81 M
2019-06-04 22:12:15,40.0,92.88 M
2019-06-04 22:12:17,36.0,93.32 M
2019-06-04 22:12:19,36.0,93.48 M
2019-06-04 22:12:21,38.0,93.89 M
2019-06-04 22:12:23,41.0,93.97 M
2019-06-04 22:12:25,38.0,94.75 M
2019-06-04 22:12:27,35.0,97.13 M
2019-06-04 22:12:29,37.0,95.11 M
2019-06-04 22:12:31,37.0,95.45 M
2019-06-04 22:12:33,28.0,96.17 M
2019-06-04 22:12:35,42.0,96.08 M
2019-06-04 22:12:37,32.0,96.73 M
2019-06-04 22:12:39,38.0,97.61 M
2019-06-04 22:12:41,35.0,97.11 M
2019-06-04 22:12:43,31.0,97.76 M
2019-06-04 22:12:45,31.0,96.44 M
2019-06-04 22:12:47,31.0,97.57 M
2019-06-04 22:12:49,29.0,97.57 M
2019-06-04 22:12:51,33.0,98.32 M
2019-06-04 22:12:53,32.0,97.21 M
2019-06-04 22:12:55,31.0,97.84 M
2019-06-04 22:12:57,33.0,96.13 M
2019-06-04 22:12:59,30.0,96.41 M
2019-06-04 22:13:01,30.0,98.59 M
2019-06-04 22:13:03,30.0,97.70 M
2019-06-04 22:13:05,35.0,97.05 M
2019-06-04 22:13:07,36.0,97.53 M
2019-06-04 22:13:09,31.0,97.71 M
2019-06-04 22:13:11,35.0,99.83 M
2019-06-04 22:13:13,28.0,99.83 M
2019-06-04 22:13:15,27.0,98.74 M
2019-06-04 22:13:17,26.0,100.05 M
2019-06-04 22:13:19,29.0,100.05 M
2019-06-04 22:13:21,28.0,99.77 M
2019-06-04 22:13:23,34.0,99.27 M
2019-06-04 22:13:25,32.0,100.53 M
2019-06-04 22:13:27,30.0,99.97 M
2019-06-04 22:13:29,31.0,99.64 M
2019-06-04 22:13:31,36.0,98.52 M
2019-06-04 22:13:33,22.0,99.53 M
2019-06-04 22:13:35,26.0,101.62 M
2019-06-04 22:13:37,38.0,101.85 M
2019-06-04 22:13:39,28.0,99.90 M
2019-06-04 22:13:41,27.0,99.00 M
2019-06-04 22:13:43,38.0,99.13 M
2019-06-04 22:13:45,28.0,101.11 M
2019-06-04 22:13:47,29.0,100.69 M
2019-06-04 22:13:49,19.0,101.20 M
2019-06-04 22:13:51,32.0,99.74 M
2019-06-04 22:13:53,24.0,99.38 M
2019-06-04 22:13:55,37.0,98.51 M
2019-06-04 22:13:57,28.0,100.01 M
2019-06-04 22:13:59,33.0,99.42 M
2019-06-04 22:14:01,37.0,99.16 M
2019-06-04 22:14:03,34.0,99.58 M
2019-06-04 22:14:05,33.0,100.93 M
2019-06-04 22:14:07,33.0,100.52 M
2019-06-04 22:14:09,28.0,100.96 M
2019-06-04 22:14:11,24.0,101.95 M
2019-06-04 22:14:13,34.0,101.41 M
2019-06-04 22:14:15,27.0,101.67 M
2019-06-04 22:14:17,29.0,101.47 M
2019-06-04 22:14:19,37.0,102.05 M
2019-06-04 22:14:21,30.0,104.50 M
2019-06-04 22:14:23,28.0,104.16 M
2019-06-04 22:14:25,34.0,102.34 M
2019-06-04 22:14:27,24.0,102.34 M
2019-06-04 22:14:29,35.0,103.15 M
2019-06-04 22:14:31,29.0,100.96 M
2019-06-04 22:14:33,35.0,100.23 M
2019-06-04 22:14:35,37.0,100.97 M
2019-06-04 22:14:37,25.0,101.01 M
2019-06-04 22:14:39,32.0,100.56 M
2019-06-04 22:14:41,31.0,103.07 M
2019-06-04 22:14:43,25.0,102.55 M
2019-06-04 22:14:45,32.0,102.46 M
2019-06-04 22:14:47,26.0,102.71 M
2019-06-04 22:14:49,31.0,103.95 M
2019-06-04 22:14:51,33.0,102.14 M
2019-06-04 22:14:53,24.0,102.22 M
2019-06-04 22:14:56,28.0,103.35 M
2019-06-04 22:14:58,31.0,101.98 M
2019-06-04 22:15:00,31.0,101.02 M
2019-06-04 22:15:02,29.0,101.86 M
2019-06-04 22:15:04,30.0,103.09 M
2019-06-04 22:15:06,39.0,102.89 M
2019-06-04 22:15:08,32.0,103.14 M
2019-06-04 22:15:10,27.0,102.85 M
2019-06-04 22:15:12,32.0,103.24 M
2019-06-04 22:15:14,31.0,103.24 M
2019-06-04 22:15:16,37.0,105.93 M
2019-06-04 22:15:18,42.0,103.11 M
2019-06-04 22:15:20,35.0,103.57 M
2019-06-04 22:15:22,34.0,104.10 M
2019-06-04 22:15:24,30.0,106.21 M
2019-06-04 22:15:26,27.0,103.23 M
2019-06-04 22:15:28,31.0,103.49 M
2019-06-04 22:15:30,25.0,103.67 M
2019-06-04 22:15:32,37.0,103.73 M
2019-06-04 22:15:34,34.0,104.99 M
2019-06-04 22:15:36,19.0,105.48 M
2019-06-04 22:15:38,36.0,104.58 M
2019-06-04 22:15:40,36.0,105.09 M
2019-06-04 22:15:42,32.0,105.23 M
2019-06-04 22:15:44,34.0,104.53 M
2019-06-04 22:15:46,30.0,105.14 M
2019-06-04 22:15:48,27.0,106.12 M
2019-06-04 22:15:50,27.0,104.47 M
2019-06-04 22:15:52,26.0,104.98 M
2019-06-04 22:15:54,27.0,105.66 M
2019-06-04 22:15:56,32.0,105.82 M
2019-06-04 22:15:58,30.0,107.96 M
2019-06-04 22:16:00,31.0,108.01 M
2019-06-04 22:16:02,29.0,105.79 M
2019-06-04 22:16:04,28.0,105.79 M
2019-06-04 22:16:06,35.0,105.15 M
2019-06-04 22:16:08,34.0,107.70 M
2019-06-04 22:16:10,39.0,106.27 M
2019-06-04 22:16:12,26.0,106.84 M
2019-06-04 22:16:14,33.0,107.39 M
2019-06-04 22:16:16,33.0,105.77 M
2019-06-04 22:16:18,28.0,107.16 M
2019-06-04 22:16:20,28.0,104.86 M
2019-06-04 22:16:22,42.0,105.39 M
2019-06-04 22:16:24,27.0,105.39 M
2019-06-04 22:16:26,34.0,107.66 M
2019-06-04 22:16:28,37.0,106.73 M
2019-06-04 22:16:30,29.0,108.52 M
2019-06-04 22:16:32,35.0,106.41 M
2019-06-04 22:16:34,31.0,108.11 M
2019-06-04 22:16:36,35.0,108.40 M
2019-06-04 22:16:38,30.0,109.89 M
2019-06-04 22:16:40,31.0,107.89 M
2019-06-04 22:16:42,31.0,108.19 M
2019-06-04 22:16:44,27.0,109.42 M
2019-06-04 22:16:46,28.0,107.11 M
2019-06-04 22:16:48,38.0,106.77 M
2019-06-04 22:16:50,29.0,107.93 M
2019-06-04 22:16:52,24.0,108.92 M
2019-06-04 22:16:54,34.0,108.63 M
2019-06-04 22:16:56,28.0,109.30 M
2019-06-04 22:16:58,25.0,108.26 M
2019-06-04 22:17:00,33.0,107.04 M
2019-06-04 22:17:02,24.0,109.28 M
2019-06-04 22:17:05,63.0,64.26 M
2019-06-04 22:17:07,37.0,77.44 M
2019-06-04 22:17:09,39.0,90.93 M
2019-06-04 22:17:11,32.0,91.35 M
2019-06-04 22:17:13,29.0,94.07 M
2019-06-04 22:17:15,44.0,95.25 M
2019-06-04 22:17:17,31.0,94.84 M
2019-06-04 22:17:19,37.0,96.57 M
2019-06-04 22:17:21,29.0,96.46 M
2019-06-04 22:17:23,47.9,96.21 M
2019-06-04 22:17:25,43.0,96.89 M
2019-06-04 22:17:27,27.0,97.38 M
2019-06-04 22:17:29,41.0,96.62 M
2019-06-04 22:17:31,29.0,98.25 M
2019-06-04 22:17:33,34.0,98.83 M
2019-06-04 22:17:35,33.0,99.04 M
2019-06-04 22:17:37,30.0,98.28 M
2019-06-04 22:17:39,36.0,99.53 M
2019-06-04 22:17:41,29.0,98.02 M
2019-06-04 22:17:43,22.0,98.72 M
2019-06-04 22:17:45,35.0,98.30 M
2019-06-04 22:17:47,41.9,99.13 M
2019-06-04 22:17:49,31.0,99.45 M
2019-06-04 22:17:51,32.0,98.91 M
2019-06-04 22:17:53,32.0,101.01 M
2019-06-04 22:17:55,35.0,100.26 M
2019-06-04 22:17:58,49.9,55.09 M
2019-06-04 22:18:00,40.0,66.43 M
2019-06-04 22:18:02,40.0,87.27 M
2019-06-04 22:18:04,41.9,90.84 M
2019-06-04 22:18:06,33.0,91.10 M
2019-06-04 22:18:08,39.0,92.99 M
2019-06-04 22:18:10,36.0,94.15 M
2019-06-04 22:18:12,30.0,95.91 M
2019-06-04 22:18:14,37.0,95.54 M
2019-06-04 22:18:16,37.0,98.70 M
2019-06-04 22:18:18,33.0,98.60 M
2019-06-04 22:18:20,37.0,98.73 M
2019-06-04 22:18:22,38.0,99.73 M
2019-06-04 22:18:24,35.0,99.27 M
2019-06-04 22:18:26,30.0,99.50 M
2019-06-04 22:18:28,22.0,100.50 M
2019-06-04 22:18:30,28.0,98.87 M
2019-06-04 22:18:32,30.0,101.17 M
2019-06-04 22:18:34,34.0,98.39 M
2019-06-04 22:18:36,31.0,99.84 M
2019-06-04 22:18:38,28.0,99.02 M
2019-06-04 22:18:40,33.0,99.27 M
2019-06-04 22:18:42,24.0,100.92 M
2019-06-04 22:18:44,31.0,101.84 M
2019-06-04 22:18:46,32.0,102.36 M
2019-06-04 22:18:48,34.0,102.74 M
2019-06-04 22:18:50,33.0,100.55 M
2019-06-04 22:18:52,36.0,100.88 M
2019-06-04 22:18:54,34.0,102.46 M
2019-06-04 22:18:56,32.0,102.46 M
2019-06-04 22:18:58,29.0,102.45 M
2019-06-04 22:19:00,27.0,99.73 M
2019-06-04 22:19:02,34.0,100.22 M
2019-06-04 22:19:04,28.0,101.05 M
2019-06-04 22:19:06,39.0,101.43 M
2019-06-04 22:19:08,30.0,101.69 M
2019-06-04 22:19:10,32.0,98.84 M
2019-06-04 22:19:12,25.0,98.89 M
2019-06-04 22:19:14,27.0,101.23 M
2019-06-04 22:19:16,32.0,100.65 M
2019-06-04 22:19:18,25.0,101.53 M
2019-06-04 22:19:20,30.0,101.92 M
2019-06-04 22:19:22,27.0,101.92 M
2019-06-04 22:19:24,33.0,103.13 M
2019-06-04 22:19:26,32.0,101.39 M
2019-06-04 22:19:28,27.0,101.64 M
2019-06-04 22:19:30,28.0,102.10 M
2019-06-04 22:19:32,20.0,102.90 M
2019-06-04 22:19:34,38.0,103.73 M
2019-06-04 22:19:36,26.0,103.73 M
2019-06-04 22:19:38,27.0,104.28 M
2019-06-04 22:19:40,29.0,104.54 M
2019-06-04 22:19:42,26.0,106.12 M
2019-06-04 22:19:44,11.0,103.50 M
2019-06-04 22:19:46,27.0,103.91 M
2019-06-04 22:19:48,26.0,102.62 M
2019-06-04 22:19:50,22.0,103.28 M
2019-06-04 22:19:52,29.0,103.32 M
2019-06-04 22:19:54,33.0,103.74 M
2019-06-04 22:19:56,25.0,104.09 M
2019-06-04 22:19:58,30.0,104.28 M
2019-06-04 22:20:00,21.0,105.55 M
2019-06-04 22:20:02,37.0,105.13 M
2019-06-04 22:20:04,27.0,105.13 M
2019-06-04 22:20:06,27.0,105.42 M
2019-06-04 22:20:08,29.0,103.54 M
2019-06-04 22:20:10,26.0,104.27 M
2019-06-04 22:20:12,32.0,104.33 M
2019-06-04 22:20:14,23.0,105.10 M
2019-06-04 22:20:16,23.0,106.30 M
2019-06-04 22:20:18,27.0,106.81 M
2019-06-04 22:20:20,28.0,105.32 M
2019-06-04 22:20:22,26.0,105.89 M
2019-06-04 22:20:24,30.0,107.52 M
2019-06-04 22:20:26,24.0,105.74 M
2019-06-04 22:20:28,27.0,105.98 M
2019-06-04 22:20:30,27.0,106.98 M
2019-06-04 22:20:32,24.0,104.73 M
2019-06-04 22:20:34,33.0,105.35 M
2019-06-04 22:20:36,25.0,105.25 M
2019-06-04 22:20:38,22.0,106.25 M
2019-06-04 22:20:40,29.0,106.54 M
2019-06-04 22:20:42,25.0,106.88 M
2019-06-04 22:20:44,28.0,108.64 M
2019-06-04 22:20:46,28.0,109.85 M
2019-06-04 22:20:48,34.0,110.40 M
2019-06-04 22:20:50,28.0,107.74 M
2019-06-04 22:20:52,23.0,107.74 M
2019-06-04 22:20:54,26.0,108.99 M
2019-06-04 22:20:56,18.0,109.50 M
2019-06-04 22:20:58,24.0,108.71 M
2019-06-04 22:21:00,34.0,108.80 M
2019-06-04 22:21:02,27.0,109.31 M
2019-06-04 22:21:04,24.0,108.02 M
2019-06-04 22:21:06,25.0,108.02 M
2019-06-04 22:21:08,29.0,108.92 M
2019-06-04 22:21:10,35.0,108.61 M
2019-06-04 22:21:12,24.0,108.61 M
2019-06-04 22:21:14,25.0,105.88 M
2019-06-04 22:21:17,36.0,106.32 M
2019-06-04 22:21:19,34.0,108.34 M
2019-06-04 22:21:21,36.0,109.17 M
2019-06-04 22:21:23,29.0,109.85 M
2019-06-04 22:21:25,33.0,109.17 M
2019-06-04 22:21:27,26.0,109.25 M
2019-06-04 22:21:29,33.0,111.58 M
2019-06-04 22:21:31,39.0,109.96 M
2019-06-04 22:21:33,30.0,110.81 M
2019-06-04 22:21:35,26.0,107.79 M
2019-06-04 22:21:37,29.0,107.79 M
2019-06-04 22:21:39,33.0,109.70 M
2019-06-04 22:21:41,27.0,110.11 M
2019-06-04 22:21:43,33.0,111.18 M
2019-06-04 22:21:45,31.0,110.23 M
2019-06-04 22:21:47,29.0,109.73 M
2019-06-04 22:21:49,28.0,111.25 M
2019-06-04 22:21:51,32.0,111.70 M
2019-06-04 22:21:53,38.0,111.25 M
2019-06-04 22:21:55,30.0,113.04 M
2019-06-04 22:21:57,37.0,113.24 M
2019-06-04 22:21:59,27.0,114.27 M
2019-06-04 22:22:01,26.0,114.01 M
2019-06-04 22:22:03,38.0,113.00 M
2019-06-04 22:22:05,29.0,114.51 M
2019-06-04 22:22:07,28.0,113.88 M
2019-06-04 22:22:09,33.0,112.20 M
2019-06-04 22:22:11,39.0,112.20 M
2019-06-04 22:22:13,27.0,112.45 M
2019-06-04 22:22:15,31.0,112.51 M
2019-06-04 22:22:17,35.0,110.94 M
2019-06-04 22:22:19,24.0,111.70 M
2019-06-04 22:22:21,32.0,113.43 M
2019-06-04 22:22:23,24.0,113.68 M
2019-06-04 22:22:25,26.0,110.41 M
2019-06-04 22:22:27,28.0,110.45 M
2019-06-04 22:22:29,29.0,111.82 M
2019-06-04 22:22:31,31.0,112.09 M
2019-06-04 22:22:33,27.0,114.31 M
2019-06-04 22:22:35,25.0,113.25 M
2019-06-04 22:22:37,33.0,112.96 M
2019-06-04 22:22:39,32.0,114.38 M
2019-06-04 22:22:41,26.0,114.30 M
2019-06-04 22:22:43,28.0,114.79 M
2019-06-04 22:22:45,26.0,112.43 M
2019-06-04 22:22:47,29.0,112.81 M
2019-06-04 22:22:49,30.0,114.55 M
2019-06-04 22:22:51,50.9,59.04 M
2019-06-04 22:22:54,57.0,58.56 M
2019-06-04 22:22:56,43.0,70.40 M
2019-06-04 22:22:58,39.0,84.89 M
2019-06-04 22:23:00,40.0,88.08 M
2019-06-04 22:23:02,31.0,88.85 M
2019-06-04 22:23:04,36.0,91.43 M
2019-06-04 22:23:06,36.0,92.45 M
2019-06-04 22:23:08,30.0,94.36 M
2019-06-04 22:23:10,34.0,95.09 M
2019-06-04 22:23:12,32.0,97.80 M
2019-06-04 22:23:14,32.0,95.14 M
2019-06-04 22:23:16,35.0,95.50 M
2019-06-04 22:23:18,31.0,96.07 M
2019-06-04 22:23:20,32.0,96.53 M
2019-06-04 22:23:22,28.0,96.00 M
2019-06-04 22:23:24,32.0,95.40 M
2019-06-04 22:23:26,31.0,97.38 M
2019-06-04 22:23:28,24.0,96.11 M
2019-06-04 22:23:30,27.0,96.34 M
2019-06-04 22:23:32,36.0,96.23 M
2019-06-04 22:23:34,31.0,95.38 M
2019-06-04 22:23:36,21.0,95.38 M
2019-06-04 22:23:38,36.0,96.58 M
2019-06-04 22:23:40,26.0,96.84 M
2019-06-04 22:23:42,27.0,97.52 M
2019-06-04 22:23:44,25.0,96.68 M
2019-06-04 22:23:46,28.0,98.09 M
2019-06-04 22:23:48,19.0,98.31 M
2019-06-04 22:23:50,23.0,100.88 M
2019-06-04 22:23:52,25.0,101.88 M
2019-06-04 22:23:54,23.0,96.46 M
2019-06-04 22:23:56,34.0,95.59 M
2019-06-04 22:23:58,23.0,97.32 M
2019-06-04 22:24:00,24.0,98.23 M
2019-06-04 22:24:02,20.0,98.29 M
2019-06-04 22:24:04,26.0,98.02 M
2019-06-04 22:24:06,25.0,98.02 M
2019-06-04 22:24:08,25.0,98.08 M
2019-06-04 22:24:10,15.0,98.08 M
2019-06-04 22:24:13,23.0,99.16 M
2019-06-04 22:24:15,32.0,97.39 M
2019-06-04 22:24:17,23.0,97.39 M
2019-06-04 22:24:19,23.0,99.45 M
2019-06-04 22:24:21,27.0,99.93 M
2019-06-04 22:24:23,27.0,97.41 M
2019-06-04 22:24:25,31.0,97.20 M
2019-06-04 22:24:27,30.0,98.84 M
2019-06-04 22:24:29,31.0,99.65 M
2019-06-04 22:24:31,29.0,100.29 M
2019-06-04 22:24:33,24.0,101.21 M
2019-06-04 22:24:35,22.0,101.99 M
2019-06-04 22:24:37,24.0,98.98 M
2019-06-04 22:24:39,26.0,98.98 M
2019-06-04 22:24:41,23.0,100.55 M
2019-06-04 22:24:43,23.0,101.43 M
2019-06-04 22:24:45,22.0,97.93 M
2019-06-04 22:24:47,21.0,97.93 M
2019-06-04 22:24:49,25.0,99.96 M
2019-06-04 22:24:51,23.0,100.22 M
2019-06-04 22:24:53,20.0,100.00 M
2019-06-04 22:24:55,37.0,100.54 M
2019-06-04 22:24:57,23.0,102.13 M
2019-06-04 22:24:59,30.0,102.29 M
2019-06-04 22:25:01,23.0,102.81 M
2019-06-04 22:25:03,22.0,102.52 M
2019-06-04 22:25:05,21.0,102.77 M
2019-06-04 22:25:07,23.0,105.00 M
2019-06-04 22:25:09,21.0,106.02 M
2019-06-04 22:25:11,21.0,101.72 M
2019-06-04 22:25:13,24.0,100.06 M
2019-06-04 22:25:15,22.0,101.37 M
2019-06-04 22:25:17,25.0,98.30 M
2019-06-04 22:25:19,25.0,98.30 M
2019-06-04 22:25:21,19.0,98.60 M
2019-06-04 22:25:23,25.0,100.29 M
2019-06-04 22:25:25,24.0,100.54 M
2019-06-04 22:25:27,29.0,99.96 M
2019-06-04 22:25:29,25.0,101.50 M
2019-06-04 22:25:31,31.0,101.05 M
2019-06-04 22:25:33,22.0,101.05 M
2019-06-04 22:25:35,22.0,103.12 M
2019-06-04 22:25:37,21.0,103.37 M
2019-06-04 22:25:39,25.0,105.82 M
2019-06-04 22:25:41,23.0,105.82 M
2019-06-04 22:25:43,21.0,100.20 M
2019-06-04 22:25:45,34.0,100.20 M
2019-06-04 22:25:47,25.0,101.65 M
2019-06-04 22:25:49,21.0,101.65 M
2019-06-04 22:25:51,22.0,101.57 M
2019-06-04 22:25:53,23.0,101.52 M
2019-06-04 22:25:55,22.0,103.37 M
2019-06-04 22:25:57,23.0,103.89 M
2019-06-04 22:25:59,27.0,100.12 M
2019-06-04 22:26:01,29.0,100.52 M
2019-06-04 22:26:03,24.0,102.04 M
2019-06-04 22:26:05,31.0,102.41 M
2019-06-04 22:26:07,26.0,104.16 M
2019-06-04 22:26:09,24.0,104.36 M
2019-06-04 22:26:11,25.0,105.29 M
2019-06-04 22:26:13,22.0,105.54 M
2019-06-04 22:26:15,23.0,101.20 M
2019-06-04 22:26:17,32.0,100.73 M
2019-06-04 22:26:19,21.0,102.60 M
2019-06-04 22:26:21,24.0,102.77 M
2019-06-04 22:26:23,24.0,102.77 M
2019-06-04 22:26:25,21.0,104.16 M
2019-06-04 22:26:27,24.0,104.16 M
2019-06-04 22:26:29,18.0,106.36 M
2019-06-04 22:26:31,27.0,106.85 M
2019-06-04 22:26:33,21.0,106.68 M
2019-06-04 22:26:35,22.0,106.68 M
2019-06-04 22:26:37,22.0,102.01 M
2019-06-04 22:26:39,37.0,102.18 M
2019-06-04 22:26:41,20.0,104.19 M
2019-06-04 22:26:43,34.0,103.44 M
2019-06-04 22:26:45,18.0,104.05 M
2019-06-04 22:26:47,29.0,103.58 M
2019-06-04 22:26:49,23.0,103.79 M
2019-06-04 22:26:51,28.0,105.31 M
2019-06-04 22:26:53,20.0,105.31 M
2019-06-04 22:26:55,21.0,103.37 M
2019-06-04 22:26:57,30.0,103.15 M
2019-06-04 22:26:59,20.0,104.50 M
2019-06-04 22:27:01,35.0,104.09 M
2019-06-04 22:27:03,28.0,104.35 M
2019-06-04 22:27:05,23.0,106.39 M
2019-06-04 22:27:07,17.0,106.64 M
2019-06-04 22:27:09,29.0,106.05 M
2019-06-04 22:27:11,16.0,106.05 M
2019-06-04 22:27:13,38.0,107.90 M
2019-06-04 22:27:15,21.0,108.16 M
2019-06-04 22:27:17,23.0,106.35 M
2019-06-04 22:27:19,20.0,106.35 M
2019-06-04 22:27:21,26.0,105.38 M
2019-06-04 22:27:23,35.0,105.31 M
2019-06-04 22:27:25,22.0,105.31 M
2019-06-04 22:27:27,24.0,106.29 M
2019-06-04 22:27:29,21.0,107.85 M
2019-06-04 22:27:31,26.0,105.75 M
2019-06-04 22:27:33,21.0,105.75 M
2019-06-04 22:27:36,20.0,105.09 M
2019-06-04 22:27:38,25.0,106.98 M
2019-06-04 22:27:40,24.0,104.79 M
2019-06-04 22:27:42,17.0,104.79 M
2019-06-04 22:27:44,23.0,105.60 M
2019-06-04 22:27:46,28.0,107.09 M
2019-06-04 22:27:48,29.0,107.76 M
2019-06-04 22:27:50,14.0,109.02 M
2019-06-04 22:27:52,17.0,109.53 M
2019-06-04 22:27:55,69.9,65.27 M
2019-06-04 22:27:57,58.9,88.87 M
2019-06-04 22:27:59,51.0,93.15 M
2019-06-04 22:28:01,47.9,92.53 M
2019-06-04 22:28:03,53.9,94.29 M
2019-06-04 22:28:05,53.0,96.59 M
2019-06-04 22:28:07,44.0,97.24 M
2019-06-04 22:28:09,49.9,96.89 M
2019-06-04 22:28:11,51.0,99.26 M
2019-06-04 22:28:13,47.0,101.22 M
2019-06-04 22:28:15,53.0,97.30 M
2019-06-04 22:28:17,49.0,98.25 M
2019-06-04 22:28:19,43.0,97.15 M
2019-06-04 22:28:21,43.0,98.07 M
2019-06-04 22:28:23,48.0,101.94 M
2019-06-04 22:28:25,47.9,103.98 M
2019-06-04 22:28:27,52.9,97.51 M
2019-06-04 22:28:29,52.9,98.08 M
2019-06-04 22:28:31,45.0,101.96 M
2019-06-04 22:28:33,37.0,104.83 M
2019-06-04 22:28:35,37.0,105.76 M
2019-06-04 22:28:37,42.0,97.56 M
2019-06-04 22:28:39,37.0,99.59 M
2019-06-04 22:28:41,43.0,101.14 M
2019-06-04 22:28:43,39.0,101.37 M
2019-06-04 22:28:45,46.9,101.50 M
2019-06-04 22:28:47,44.0,100.62 M
2019-06-04 22:28:49,46.9,102.41 M
2019-06-04 22:28:51,47.0,103.46 M
2019-06-04 22:28:53,38.0,103.29 M
2019-06-04 22:28:55,24.0,104.65 M
2019-06-04 22:28:57,36.0,103.70 M
2019-06-04 22:28:59,26.0,104.04 M
2019-06-04 22:29:01,35.0,100.64 M
2019-06-04 22:29:03,25.0,100.89 M
2019-06-04 22:29:05,28.0,101.88 M
2019-06-04 22:29:07,32.0,102.50 M
2019-06-04 22:29:09,19.0,104.20 M
2019-06-04 22:29:11,33.0,104.14 M
2019-06-04 22:29:13,27.0,104.54 M
2019-06-04 22:29:15,31.0,105.13 M
2019-06-04 22:29:17,25.0,105.64 M
2019-06-04 22:29:19,26.0,107.06 M
2019-06-04 22:29:21,32.0,104.41 M
2019-06-04 22:29:23,28.0,106.36 M
2019-06-04 22:29:25,28.0,107.20 M
2019-06-04 22:29:27,31.0,108.39 M
2019-06-04 22:29:29,25.0,103.57 M
2019-06-04 22:29:31,25.0,103.57 M
2019-06-04 22:29:33,25.0,105.57 M
2019-06-04 22:29:35,29.0,104.93 M
2019-06-04 22:29:37,23.0,104.93 M
2019-06-04 22:29:39,32.0,105.08 M
2019-06-04 22:29:41,30.0,106.81 M
2019-06-04 22:29:43,26.0,106.94 M
2019-06-04 22:29:45,40.0,108.18 M
2019-06-04 22:29:47,32.0,105.22 M
2019-06-04 22:29:49,36.0,105.27 M
2019-06-04 22:29:51,26.0,107.75 M
2019-06-04 22:29:53,27.0,105.82 M
2019-06-04 22:29:55,32.0,105.82 M
2019-06-04 22:29:57,33.0,107.70 M
2019-06-04 22:29:59,32.0,108.25 M
2019-06-04 22:30:01,30.0,109.97 M
2019-06-04 22:30:03,31.0,108.08 M
2019-06-04 22:30:05,34.0,104.89 M
2019-06-04 22:30:07,29.0,104.89 M
2019-06-04 22:30:09,30.0,105.82 M
2019-06-04 22:30:11,42.0,108.31 M
2019-06-04 22:30:13,27.0,109.02 M
2019-06-04 22:30:15,37.0,109.81 M
2019-06-04 22:30:17,26.0,109.81 M
2019-06-04 22:30:19,27.0,110.63 M
2019-06-04 22:30:21,22.0,110.63 M
2019-06-04 22:30:23,28.0,109.30 M
2019-06-04 22:30:25,30.0,109.80 M
2019-06-04 22:30:27,45.9,107.04 M
2019-06-04 22:30:29,52.0,106.04 M
2019-06-04 22:30:31,47.0,105.81 M
2019-06-04 22:30:33,52.0,109.05 M
2019-06-04 22:30:35,48.9,111.30 M
2019-06-04 22:30:37,56.0,116.54 M
2019-06-04 22:30:39,54.9,120.63 M
2019-06-04 22:30:41,54.9,124.93 M
2019-06-04 22:30:43,40.0,128.07 M
2019-06-04 22:30:45,42.0,102.33 M
2019-06-04 22:30:47,45.9,105.36 M
2019-06-04 22:30:49,43.0,105.90 M
2019-06-04 22:30:51,45.0,106.87 M
2019-06-04 22:30:53,46.0,107.62 M
2019-06-04 22:30:55,49.0,104.64 M
2019-06-04 22:30:57,40.0,106.36 M
2019-06-04 22:30:59,39.0,108.07 M
2019-06-04 22:31:01,46.0,107.01 M
2019-06-04 22:31:03,43.0,106.05 M
2019-06-04 22:31:05,37.0,106.45 M
2019-06-04 22:31:08,32.0,108.02 M
2019-06-04 22:31:10,23.0,107.00 M
2019-06-04 22:31:12,23.0,107.77 M
2019-06-04 22:31:14,30.0,108.92 M
2019-06-04 22:31:16,26.0,106.94 M
2019-06-04 22:31:18,17.0,107.39 M
2019-06-04 22:31:20,26.0,106.88 M
2019-06-04 22:31:22,27.0,107.36 M
2019-06-04 22:31:24,32.0,109.61 M
2019-06-04 22:31:26,30.0,106.94 M
2019-06-04 22:31:28,26.0,107.53 M
2019-06-04 22:31:30,36.0,108.50 M
2019-06-04 22:31:32,26.0,108.50 M
2019-06-04 22:31:34,29.0,107.65 M
2019-06-04 22:31:36,35.0,107.50 M
2019-06-04 22:31:38,29.0,108.41 M
2019-06-04 22:31:40,30.0,109.56 M
2019-06-04 22:31:42,37.0,108.09 M
2019-06-04 22:31:44,24.0,110.27 M
2019-06-04 22:31:46,34.0,108.44 M
2019-06-04 22:31:48,33.0,108.44 M
2019-06-04 22:31:50,23.0,109.62 M
2019-06-04 22:31:52,28.0,110.10 M
2019-06-04 22:31:54,24.0,112.36 M
2019-06-04 22:31:56,36.0,109.32 M
2019-06-04 22:31:58,27.0,109.32 M
2019-06-04 22:32:00,32.0,110.89 M
2019-06-04 22:32:02,31.0,110.89 M
2019-06-04 22:32:04,31.0,109.80 M
2019-06-04 22:32:06,31.0,109.10 M
2019-06-04 22:32:08,31.0,110.46 M
2019-06-04 22:32:10,31.0,108.37 M
2019-06-04 22:32:12,34.0,108.77 M
2019-06-04 22:32:14,27.0,110.30 M
2019-06-04 22:32:16,41.0,110.49 M
2019-06-04 22:32:18,28.0,110.49 M
2019-06-04 22:32:20,31.0,109.97 M
2019-06-04 22:32:22,34.0,109.06 M
2019-06-04 22:32:24,24.0,110.75 M
2019-06-04 22:32:26,31.0,110.17 M
2019-06-04 22:32:28,50.0,107.79 M
2019-06-04 22:32:30,24.0,107.79 M
2019-06-04 22:32:32,32.0,109.06 M
2019-06-04 22:32:34,23.0,110.90 M
2019-06-04 22:32:36,27.0,110.66 M
2019-06-04 22:32:38,34.0,110.66 M
2019-06-04 22:32:40,29.0,111.13 M
2019-06-04 22:32:42,43.9,109.76 M
2019-06-04 22:32:44,38.0,106.99 M
2019-06-04 22:32:46,23.0,108.23 M
2019-06-04 22:32:48,25.0,108.84 M
2019-06-04 22:32:50,26.0,108.84 M
2019-06-04 22:32:52,32.0,107.48 M
2019-06-04 22:32:55,56.9,58.78 M
2019-06-04 22:32:57,44.9,69.60 M
2019-06-04 22:32:59,41.0,88.69 M
2019-06-04 22:33:01,32.0,91.37 M
2019-06-04 22:33:03,30.0,91.62 M
2019-06-04 22:33:05,34.0,94.29 M
2019-06-04 22:33:07,39.0,95.25 M
2019-06-04 22:33:09,35.0,97.23 M
2019-06-04 22:33:11,37.0,95.78 M
2019-06-04 22:33:13,33.0,96.96 M
2019-06-04 22:33:15,35.0,97.08 M
2019-06-04 22:33:17,43.9,96.70 M
2019-06-04 22:33:19,40.0,98.70 M
2019-06-04 22:33:21,36.0,98.84 M
2019-06-04 22:33:23,36.0,99.09 M
2019-06-04 22:33:25,27.0,99.01 M
2019-06-04 22:33:27,29.0,97.54 M
2019-06-04 22:33:29,31.0,97.64 M
2019-06-04 22:33:31,23.0,97.84 M
2019-06-04 22:33:33,32.0,100.01 M
2019-06-04 22:33:35,27.0,100.78 M
2019-06-04 22:33:37,31.0,98.77 M
2019-06-04 22:33:39,31.0,100.33 M
2019-06-04 22:33:41,35.0,101.50 M
2019-06-04 22:33:43,34.0,101.66 M
2019-06-04 22:33:45,29.0,103.57 M
2019-06-04 22:33:47,26.0,100.34 M
2019-06-04 22:33:49,25.0,102.21 M
2019-06-04 22:33:51,27.0,103.45 M
2019-06-04 22:33:53,32.0,100.53 M
2019-06-04 22:33:55,29.0,103.07 M
2019-06-04 22:33:57,22.0,101.34 M
2019-06-04 22:33:59,24.0,101.83 M
2019-06-04 22:34:01,29.0,103.54 M
2019-06-04 22:34:03,34.0,103.20 M
2019-06-04 22:34:05,30.0,103.20 M
2019-06-04 22:34:07,26.0,104.69 M
2019-06-04 22:34:09,33.0,102.78 M
2019-06-04 22:34:11,26.0,104.56 M
2019-06-04 22:34:14,25.0,102.19 M
2019-06-04 22:34:16,39.0,100.23 M
2019-06-04 22:34:18,29.0,101.44 M
2019-06-04 22:34:20,20.0,103.77 M
2019-06-04 22:34:22,27.0,104.28 M
2019-06-04 22:34:24,32.0,106.54 M
2019-06-04 22:34:26,25.0,106.70 M
2019-06-04 22:34:28,34.0,107.84 M
2019-06-04 22:34:30,30.0,106.72 M
2019-06-04 22:34:32,28.0,105.55 M
2019-06-04 22:34:34,29.0,106.05 M
2019-06-04 22:34:36,22.0,106.52 M
2019-06-04 22:34:38,24.0,106.66 M
2019-06-04 22:34:40,30.0,106.59 M
2019-06-04 22:34:42,28.0,105.00 M
2019-06-04 22:34:44,25.0,106.91 M
2019-06-04 22:34:46,22.0,104.68 M
2019-06-04 22:34:48,22.0,106.34 M
2019-06-04 22:34:50,30.0,106.66 M
2019-06-04 22:34:52,29.0,105.80 M
2019-06-04 22:34:54,29.0,106.49 M
2019-06-04 22:34:56,25.0,105.82 M
2019-06-04 22:34:58,22.0,106.32 M
2019-06-04 22:35:00,22.0,105.81 M
2019-06-04 22:35:02,28.0,105.07 M
2019-06-04 22:35:04,28.0,105.49 M
2019-06-04 22:35:06,28.0,108.24 M
2019-06-04 22:35:08,34.0,106.37 M
2019-06-04 22:35:10,26.0,107.84 M
2019-06-04 22:35:12,24.0,108.44 M
2019-06-04 22:35:14,25.0,108.44 M
2019-06-04 22:35:16,25.0,109.00 M
2019-06-04 22:35:18,34.0,106.74 M
2019-06-04 22:35:20,28.0,108.17 M
2019-06-04 22:35:22,29.0,109.86 M
2019-06-04 22:35:24,35.0,107.61 M
2019-06-04 22:35:26,29.0,109.54 M
2019-06-04 22:35:28,33.0,109.16 M
2019-06-04 22:35:30,22.0,110.68 M
2019-06-04 22:35:32,33.0,111.46 M
2019-06-04 22:35:34,34.0,108.95 M
2019-06-04 22:35:36,32.0,110.98 M
2019-06-04 22:35:38,24.0,112.54 M
2019-06-04 22:35:40,28.0,113.05 M
2019-06-04 22:35:42,26.0,112.97 M
2019-06-04 22:35:44,73.0,67.58 M
2019-06-04 22:35:46,52.0,88.35 M
2019-06-04 22:35:48,49.0,92.78 M
2019-06-04 22:35:50,58.0,94.49 M
2019-06-04 22:35:52,51.9,97.09 M
2019-06-04 22:35:54,55.9,96.20 M
2019-06-04 22:35:56,50.0,99.66 M
2019-06-04 22:35:58,43.9,98.75 M
2019-06-04 22:36:00,48.0,100.09 M
2019-06-04 22:36:02,50.9,99.74 M
2019-06-04 22:36:04,51.0,101.15 M
2019-06-04 22:36:06,42.0,101.26 M
2019-06-04 22:36:08,43.9,104.73 M
2019-06-04 22:36:10,50.0,103.29 M
2019-06-04 22:36:12,50.0,101.12 M
2019-06-04 22:36:14,43.0,105.72 M
2019-06-04 22:36:16,38.0,108.27 M
2019-06-04 22:36:18,43.0,100.79 M
2019-06-04 22:36:20,49.9,105.35 M
2019-06-04 22:36:22,51.9,103.24 M
2019-06-04 22:36:24,38.0,102.79 M
2019-06-04 22:36:26,48.9,105.96 M
2019-06-04 22:36:28,35.0,108.26 M
2019-06-04 22:36:30,37.0,106.92 M
2019-06-04 22:36:32,49.0,104.75 M
2019-06-04 22:36:34,42.9,106.20 M
2019-06-04 22:36:36,25.0,107.71 M
2019-06-04 22:36:38,21.0,108.49 M
2019-06-04 22:36:40,23.0,108.49 M
2019-06-04 22:36:42,26.0,108.09 M
2019-06-04 22:36:44,28.0,107.54 M
2019-06-04 22:36:46,22.0,109.16 M
2019-06-04 22:36:48,33.0,109.54 M
2019-06-04 22:36:50,23.0,109.78 M
2019-06-04 22:36:52,25.0,109.02 M
2019-06-04 22:36:54,26.0,106.11 M
2019-06-04 22:36:56,27.0,108.30 M
2019-06-04 22:36:58,24.0,107.18 M
2019-06-04 22:37:00,20.0,107.18 M
2019-06-04 22:37:02,26.0,107.07 M
2019-06-04 22:37:04,25.0,106.82 M
2019-06-04 22:37:06,21.0,108.43 M
2019-06-04 22:37:08,26.0,106.44 M
2019-06-04 22:37:10,23.0,107.72 M
2019-06-04 22:37:12,32.0,103.81 M
2019-06-04 22:37:14,18.0,106.01 M
2019-06-04 22:37:16,47.0,104.23 M
2019-06-04 22:37:18,51.0,104.35 M
2019-06-04 22:37:20,46.0,104.85 M
2019-06-04 22:37:22,46.9,107.71 M
2019-06-04 22:37:24,44.0,108.48 M
2019-06-04 22:37:26,45.9,109.02 M
2019-06-04 22:37:28,46.9,107.18 M
2019-06-04 22:37:30,42.9,107.41 M
2019-06-04 22:37:32,37.0,109.87 M
2019-06-04 22:37:34,39.0,103.61 M
2019-06-04 22:37:37,44.0,107.61 M
2019-06-04 22:37:39,42.9,107.74 M
2019-06-04 22:37:41,40.0,105.46 M
2019-06-04 22:37:43,47.0,108.33 M
2019-06-04 22:37:45,50.9,109.43 M
2019-06-04 22:37:47,44.0,113.27 M
2019-06-04 22:37:49,46.0,115.21 M
2019-06-04 22:37:51,44.9,116.86 M
2019-06-04 22:37:53,36.0,121.63 M
2019-06-04 22:37:55,38.0,117.40 M
2019-06-04 22:37:57,41.0,115.95 M
2019-06-04 22:37:59,37.0,113.06 M
2019-06-04 22:38:01,48.9,110.28 M
2019-06-04 22:38:03,42.0,112.28 M
2019-06-04 22:38:05,46.0,115.53 M
2019-06-04 22:38:07,52.0,110.83 M
2019-06-04 22:38:09,53.9,113.07 M
2019-06-04 22:38:11,45.9,115.88 M
2019-06-04 22:38:13,46.9,115.86 M
2019-06-04 22:38:15,47.0,119.07 M
2019-06-04 22:38:17,46.0,122.02 M
2019-06-04 22:38:19,42.0,123.55 M
2019-06-04 22:38:21,45.0,120.68 M
2019-06-04 22:38:23,40.0,110.95 M
2019-06-04 22:38:25,46.0,113.75 M
2019-06-04 22:38:27,35.0,115.16 M
2019-06-04 22:38:29,41.0,117.21 M
2019-06-04 22:38:31,38.0,118.52 M
2019-06-04 22:38:33,41.9,120.46 M
2019-06-04 22:38:35,25.0,121.21 M
2019-06-04 22:38:37,20.0,115.74 M
2019-06-04 22:38:39,20.0,116.76 M
2019-06-04 22:38:41,26.0,113.94 M
2019-06-04 22:38:43,25.0,115.91 M
2019-06-04 22:38:45,27.0,113.57 M
2019-06-04 22:38:47,20.0,113.57 M
2019-06-04 22:38:49,18.0,110.70 M
2019-06-04 22:38:51,26.0,107.23 M
2019-06-04 22:38:53,21.0,109.31 M
2019-06-04 22:38:55,24.0,108.06 M
2019-06-04 22:38:57,23.0,108.66 M
2019-06-04 22:38:59,28.0,108.12 M
2019-06-04 22:39:01,27.0,109.57 M
2019-06-04 22:39:03,20.0,110.45 M
2019-06-04 22:39:05,19.0,110.95 M
2019-06-04 22:39:07,25.0,113.14 M
2019-06-04 22:39:09,28.0,112.09 M
2019-06-04 22:39:11,22.0,113.82 M
2019-06-04 22:39:13,26.0,109.54 M
2019-06-04 22:39:15,23.0,109.54 M
2019-06-04 22:39:17,19.0,107.14 M
2019-06-04 22:39:19,20.0,109.42 M
2019-06-04 22:39:21,27.0,107.83 M
2019-06-04 22:39:23,28.0,107.98 M
2019-06-04 22:39:25,26.0,109.95 M
2019-06-04 22:39:27,27.0,108.54 M
2019-06-04 22:39:29,22.0,110.30 M
2019-06-04 22:39:31,34.0,108.95 M
2019-06-04 22:39:33,20.0,111.11 M
2019-06-04 22:39:35,28.0,111.38 M
2019-06-04 22:39:37,45.9,107.94 M
2019-06-04 22:39:39,47.9,106.43 M
2019-06-04 22:39:41,48.0,106.60 M
2019-06-04 22:39:43,47.0,108.97 M
2019-06-04 22:39:45,37.0,110.87 M
2019-06-04 22:39:47,61.0,113.56 M
2019-06-04 22:39:49,53.9,115.49 M
2019-06-04 22:39:51,53.9,117.67 M
2019-06-04 22:39:53,44.9,118.93 M
2019-06-04 22:39:55,44.9,120.60 M
2019-06-04 22:39:57,41.0,115.34 M
2019-06-04 22:39:59,45.9,117.62 M
2019-06-04 22:40:01,43.0,118.51 M
2019-06-04 22:40:03,43.9,121.43 M
2019-06-04 22:40:05,45.0,111.84 M
2019-06-04 22:40:07,51.0,112.87 M
2019-06-04 22:40:09,45.0,116.15 M
2019-06-04 22:40:11,42.0,120.30 M
2019-06-04 22:40:13,33.0,123.04 M
2019-06-04 22:40:15,44.9,122.44 M
2019-06-04 22:40:17,42.0,116.51 M
2019-06-04 22:40:19,50.9,117.65 M
2019-06-04 22:40:21,56.9,122.11 M
2019-06-04 22:40:23,44.0,124.72 M
2019-06-04 22:40:25,44.9,124.53 M
2019-06-04 22:40:27,48.9,127.78 M
2019-06-04 22:40:29,42.0,128.54 M
2019-06-04 22:40:31,47.9,130.88 M
2019-06-04 22:40:33,44.0,126.89 M
2019-06-04 22:40:35,48.9,122.85 M
2019-06-04 22:40:37,48.9,123.68 M
2019-06-04 22:40:39,35.0,126.43 M
2019-06-04 22:40:41,48.0,129.50 M
2019-06-04 22:40:44,53.0,56.11 M
2019-06-04 22:40:46,39.0,66.83 M
2019-06-04 22:40:48,28.0,80.65 M
2019-06-04 22:40:50,38.0,88.32 M
2019-06-04 22:40:52,33.0,92.11 M
2019-06-04 22:40:54,38.0,92.55 M
2019-06-04 22:40:57,30.0,94.27 M
2019-06-04 22:40:59,22.0,95.26 M
2019-06-04 22:41:01,38.0,97.50 M
2019-06-04 22:41:03,34.0,96.45 M
2019-06-04 22:41:05,25.0,96.96 M
2019-06-04 22:41:07,33.0,97.66 M
2019-06-04 22:41:09,37.0,95.43 M
2019-06-04 22:41:11,23.0,97.70 M
2019-06-04 22:41:13,33.0,96.90 M
2019-06-04 22:41:15,27.0,98.89 M
2019-06-04 22:41:17,36.0,96.50 M
2019-06-04 22:41:19,22.0,98.27 M
2019-06-04 22:41:21,27.0,99.39 M
2019-06-04 22:41:23,24.0,99.89 M
2019-06-04 22:41:25,24.0,100.97 M
2019-06-04 22:41:27,26.0,100.97 M
2019-06-04 22:41:29,24.0,99.84 M
2019-06-04 22:41:31,28.0,99.84 M
2019-06-04 22:41:33,26.0,100.10 M
2019-06-04 22:41:35,26.0,98.75 M
2019-06-04 22:41:37,24.0,99.63 M
2019-06-04 22:41:39,27.0,99.58 M
2019-06-04 22:41:41,28.0,101.52 M
2019-06-04 22:41:43,32.0,100.33 M
2019-06-04 22:41:45,26.0,102.62 M
2019-06-04 22:41:47,33.0,99.27 M
2019-06-04 22:41:49,24.0,101.22 M
2019-06-04 22:41:51,33.0,103.14 M
2019-06-04 22:41:53,26.0,103.14 M
2019-06-04 22:41:55,25.0,103.22 M
2019-06-04 22:41:57,35.0,99.70 M
2019-06-04 22:41:59,22.0,101.26 M
2019-06-04 22:42:01,27.0,101.35 M
2019-06-04 22:42:03,29.0,103.92 M
2019-06-04 22:42:05,29.0,102.48 M
2019-06-04 22:42:07,28.0,104.42 M
2019-06-04 22:42:09,22.0,103.28 M
2019-06-04 22:42:11,27.0,103.28 M
2019-06-04 22:42:13,23.0,104.43 M
2019-06-04 22:42:15,18.0,104.43 M
2019-06-04 22:42:17,26.0,104.05 M
2019-06-04 22:42:19,30.0,104.31 M
2019-06-04 22:42:21,26.0,106.46 M
2019-06-04 22:42:23,30.0,105.64 M
2019-06-04 22:42:25,26.0,107.26 M
2019-06-04 22:42:27,22.0,102.33 M
2019-06-04 22:42:29,25.0,104.21 M
2019-06-04 22:42:31,32.0,104.56 M
2019-06-04 22:42:33,24.0,104.82 M
2019-06-04 22:42:35,29.0,105.64 M
2019-06-04 22:42:37,24.0,105.64 M
2019-06-04 22:42:39,23.0,106.20 M
2019-06-04 22:42:41,25.0,106.20 M
2019-06-04 22:42:43,24.0,106.86 M
2019-06-04 22:42:45,29.0,104.85 M
2019-06-04 22:42:47,23.0,106.57 M
2019-06-04 22:42:49,26.0,106.60 M
2019-06-04 22:42:51,27.0,106.86 M
2019-06-04 22:42:53,21.0,107.05 M
2019-06-04 22:42:55,17.0,107.56 M
2019-06-04 22:42:57,22.0,108.00 M
2019-06-04 22:42:59,23.0,108.00 M
2019-06-04 22:43:01,24.0,106.30 M
2019-06-04 22:43:03,29.0,107.05 M
2019-06-04 22:43:05,24.0,109.46 M
2019-06-04 22:43:07,27.0,106.62 M
2019-06-04 22:43:09,21.0,108.14 M
2019-06-04 22:43:11,19.0,105.29 M
2019-06-04 22:43:13,27.0,105.29 M
2019-06-04 22:43:15,26.0,108.43 M
2019-06-04 22:43:17,18.0,108.68 M
2019-06-04 22:43:19,27.0,109.32 M
2019-06-04 22:43:21,34.0,108.73 M
2019-06-04 22:43:23,24.0,109.86 M
2019-06-04 22:43:25,38.0,110.36 M
2019-06-04 22:43:27,24.0,110.36 M
2019-06-04 22:43:29,21.0,111.38 M
2019-06-04 22:43:31,25.0,111.63 M
2019-06-04 22:43:33,23.0,110.25 M
2019-06-04 22:43:35,30.0,109.82 M
2019-06-04 22:43:37,26.0,111.45 M
2019-06-04 22:43:39,30.0,110.39 M
2019-06-04 22:43:41,23.0,112.18 M
2019-06-04 22:43:43,33.0,109.51 M
2019-06-04 22:43:45,20.0,109.85 M
2019-06-04 22:43:47,38.0,110.03 M
2019-06-04 22:43:49,30.0,112.20 M
2019-06-04 22:43:51,23.0,111.80 M
2019-06-04 22:43:53,25.0,112.70 M
2019-06-04 22:43:55,25.0,114.93 M
2019-06-04 22:43:57,32.0,110.36 M
2019-06-04 22:43:59,19.0,112.46 M
2019-06-04 22:44:01,23.0,113.68 M
2019-06-04 22:44:03,20.0,113.68 M
2019-06-04 22:44:05,25.0,113.64 M
2019-06-04 22:44:07,24.0,113.64 M
2019-06-04 22:44:09,21.0,114.89 M
2019-06-04 22:44:11,33.0,115.16 M
2019-06-04 22:44:14,26.0,117.23 M
2019-06-04 22:44:16,28.0,116.07 M
2019-06-04 22:44:18,24.0,118.08 M
2019-06-04 22:44:20,22.0,117.58 M
2019-06-04 22:44:22,37.0,112.62 M
2019-06-04 22:44:24,20.0,114.45 M
2019-06-04 22:44:26,33.0,114.64 M
2019-06-04 22:44:28,26.0,116.02 M
2019-06-04 22:44:30,25.0,114.79 M
2019-06-04 22:44:32,25.0,114.79 M
2019-06-04 22:44:34,21.0,113.06 M
2019-06-04 22:44:36,35.0,111.74 M
2019-06-04 22:44:38,24.0,113.85 M
2019-06-04 22:44:40,33.0,113.39 M
2019-06-04 22:44:42,25.0,115.19 M
2019-06-04 22:44:44,34.0,114.39 M
2019-06-04 22:44:46,28.0,114.39 M
2019-06-04 22:44:48,26.0,114.73 M
2019-06-04 22:44:50,27.0,114.94 M
2019-06-04 22:44:52,24.0,116.82 M
2019-06-04 22:44:54,31.0,114.11 M
2019-06-04 22:44:56,22.0,114.11 M
2019-06-04 22:44:58,34.0,114.61 M
2019-06-04 22:45:00,20.0,116.86 M
2019-06-04 22:45:02,27.0,114.87 M
2019-06-04 22:45:04,27.0,117.18 M
2019-06-04 22:45:06,31.0,115.07 M
2019-06-04 22:45:08,25.0,116.60 M
2019-06-04 22:45:10,25.0,119.18 M
2019-06-04 22:45:12,20.0,119.70 M
2019-06-04 22:45:14,20.0,119.85 M
2019-06-04 22:45:16,23.0,119.85 M
2019-06-04 22:45:18,26.0,118.64 M
2019-06-04 22:45:20,29.0,116.38 M
2019-06-04 22:45:22,25.0,117.88 M
2019-06-04 22:45:24,24.0,115.91 M
2019-06-04 22:45:26,22.0,116.93 M
2019-06-04 22:45:28,38.0,116.51 M
2019-06-04 22:45:30,23.0,117.02 M
2019-06-04 22:45:32,25.0,119.38 M
2019-06-04 22:45:34,25.0,119.64 M
2019-06-04 22:45:36,21.0,119.05 M
2019-06-04 22:45:38,23.0,119.05 M
2019-06-04 22:45:40,22.0,119.44 M
2019-06-04 22:45:42,24.0,119.60 M
2019-06-04 22:45:46,52.9,54.79 M
2019-06-04 22:45:48,44.9,67.79 M
2019-06-04 22:45:50,35.0,81.28 M
2019-06-04 22:45:52,29.0,87.95 M
2019-06-04 22:45:54,31.0,92.59 M
2019-06-04 22:45:56,24.0,93.57 M
2019-06-04 22:45:58,25.0,94.73 M
2019-06-04 22:46:00,24.0,94.99 M
2019-06-04 22:46:02,24.0,97.71 M
2019-06-04 22:46:04,19.0,97.71 M
2019-06-04 22:46:06,36.0,95.03 M
2019-06-04 22:46:08,27.0,95.71 M
2019-06-04 22:46:10,41.9,95.62 M
2019-06-04 22:46:12,33.0,97.54 M
2019-06-04 22:46:14,33.0,96.28 M
2019-06-04 22:46:16,32.0,98.04 M
2019-06-04 22:46:18,28.0,96.94 M
2019-06-04 22:46:20,20.0,97.41 M
2019-06-04 22:46:22,35.0,96.75 M
2019-06-04 22:46:24,21.0,98.41 M
2019-06-04 22:46:26,27.0,98.63 M
2019-06-04 22:46:28,21.0,101.10 M
2019-06-04 22:46:30,28.0,101.59 M
2019-06-04 22:46:32,19.0,100.97 M
2019-06-04 22:46:34,22.0,100.97 M
2019-06-04 22:46:36,13.0,100.06 M
2019-06-04 22:46:38,23.0,102.01 M
2019-06-04 22:46:40,26.0,98.15 M
2019-06-04 22:46:42,24.0,98.98 M
2019-06-04 22:46:44,30.0,98.37 M
2019-06-04 22:46:46,21.0,100.11 M
2019-06-04 22:46:48,28.0,99.47 M
2019-06-04 22:46:50,25.0,101.22 M
2019-06-04 22:46:52,21.0,100.65 M
2019-06-04 22:46:55,18.0,102.63 M
2019-06-04 22:46:57,31.0,99.52 M
2019-06-04 22:46:59,14.0,102.18 M
2019-06-04 22:47:01,27.0,100.18 M
2019-06-04 22:47:03,21.0,102.07 M
2019-06-04 22:47:05,29.0,102.04 M
2019-06-04 22:47:07,22.0,102.66 M
2019-06-04 22:47:09,22.0,102.24 M
2019-06-04 22:47:11,23.0,102.64 M
2019-06-04 22:47:13,30.0,102.23 M
2019-06-04 22:47:15,24.0,104.18 M
2019-06-04 22:47:17,27.0,102.70 M
2019-06-04 22:47:19,22.0,103.27 M
2019-06-04 22:47:21,29.0,102.09 M
2019-06-04 22:47:23,30.0,102.35 M
2019-06-04 22:47:25,28.0,103.06 M
2019-06-04 22:47:27,21.0,103.32 M
2019-06-04 22:47:29,21.0,104.67 M
2019-06-04 22:47:31,22.0,104.67 M
2019-06-04 22:47:33,20.0,104.57 M
2019-06-04 22:47:35,23.0,104.57 M
2019-06-04 22:47:37,20.0,104.45 M
2019-06-04 22:47:39,24.0,105.32 M
2019-06-04 22:47:41,29.0,100.97 M
2019-06-04 22:47:43,20.0,101.70 M
2019-06-04 22:47:45,30.0,100.67 M
2019-06-04 22:47:47,23.0,102.40 M
2019-06-04 22:47:49,30.0,102.05 M
2019-06-04 22:47:51,20.0,104.21 M
2019-06-04 22:47:53,28.0,103.41 M
2019-06-04 22:47:55,24.0,105.69 M
2019-06-04 22:47:57,32.0,105.19 M
2019-06-04 22:47:59,18.0,105.86 M
2019-06-04 22:48:01,20.0,104.89 M
2019-06-04 22:48:03,23.0,107.33 M
2019-06-04 22:48:05,24.0,105.43 M
2019-06-04 22:48:07,20.0,106.13 M
2019-06-04 22:48:09,20.0,106.13 M
2019-06-04 22:48:11,20.0,105.39 M
2019-06-04 22:48:13,39.0,104.10 M
2019-06-04 22:48:15,27.0,105.23 M
2019-06-04 22:48:17,34.0,103.58 M
2019-06-04 22:48:19,22.0,104.55 M
2019-06-04 22:48:21,22.0,104.55 M
2019-06-04 22:48:23,22.0,105.32 M
2019-06-04 22:48:25,19.0,105.32 M
2019-06-04 22:48:27,22.0,106.51 M
2019-06-04 22:48:29,21.0,106.51 M
2019-06-04 22:48:31,25.0,105.59 M
2019-06-04 22:48:33,21.0,105.82 M
2019-06-04 22:48:35,22.0,106.02 M
2019-06-04 22:48:37,25.0,105.04 M
2019-06-04 22:48:39,21.0,106.50 M
2019-06-04 22:48:41,29.0,106.45 M
2019-06-04 22:48:43,21.0,108.37 M
2019-06-04 22:48:45,26.0,106.24 M
2019-06-04 22:48:47,22.0,107.41 M
2019-06-04 22:48:49,33.0,107.13 M
2019-06-04 22:48:51,21.0,107.39 M
2019-06-04 22:48:53,23.0,108.04 M
2019-06-04 22:48:55,23.0,108.55 M
2019-06-04 22:48:57,31.0,106.29 M
2019-06-04 22:48:59,22.0,107.51 M
2019-06-04 22:49:01,26.0,108.26 M
2019-06-04 22:49:03,27.0,109.54 M
2019-06-04 22:49:05,30.0,109.65 M
2019-06-04 22:49:07,16.0,111.55 M
2019-06-04 22:49:09,26.0,109.98 M
2019-06-04 22:49:11,18.0,112.25 M
2019-06-04 22:49:13,25.0,111.02 M
2019-06-04 22:49:15,22.0,112.16 M
2019-06-04 22:49:17,30.0,110.83 M
2019-06-04 22:49:19,25.0,113.13 M
2019-06-04 22:49:21,35.0,110.78 M
2019-06-04 22:49:23,31.0,112.02 M
2019-06-04 22:49:25,29.0,109.29 M
2019-06-04 22:49:27,22.0,110.04 M
2019-06-04 22:49:29,28.0,110.77 M
2019-06-04 22:49:31,23.0,112.57 M
2019-06-04 22:49:33,25.0,111.00 M
2019-06-04 22:49:35,21.0,111.63 M
2019-06-04 22:49:37,16.0,111.59 M
2019-06-04 22:49:39,22.0,113.20 M
2019-06-04 22:49:41,16.0,112.52 M
2019-06-04 22:49:43,17.0,114.70 M
2019-06-04 22:49:45,33.0,114.29 M
2019-06-04 22:49:47,25.0,116.08 M
2019-06-04 22:49:49,24.0,114.14 M
2019-06-04 22:49:51,21.0,115.15 M
2019-06-04 22:49:53,34.0,112.52 M
2019-06-04 22:49:55,27.0,112.77 M
2019-06-04 22:49:57,16.0,112.93 M
2019-06-04 22:49:59,18.0,113.70 M
2019-06-04 22:50:01,25.0,112.90 M
2019-06-04 22:50:03,20.0,113.15 M
2019-06-04 22:50:05,30.0,113.39 M
2019-06-04 22:50:07,25.0,115.14 M
2019-06-04 22:50:09,32.0,115.16 M
2019-06-04 22:50:11,22.0,115.90 M
2019-06-04 22:50:13,23.0,117.14 M
2019-06-04 22:50:15,27.0,117.14 M
2019-06-04 22:50:18,16.0,114.75 M
2019-06-04 22:50:20,25.0,117.06 M
2019-06-04 22:50:22,26.0,115.88 M
2019-06-04 22:50:24,16.0,117.56 M
2019-06-04 22:50:26,28.0,116.46 M
2019-06-04 22:50:28,23.0,118.39 M
2019-06-04 22:50:30,24.0,117.14 M
2019-06-04 22:50:32,21.0,117.85 M
2019-06-04 22:50:34,28.0,116.14 M
2019-06-04 22:50:36,23.0,117.00 M
2019-06-04 22:50:38,29.0,115.69 M
2019-06-04 22:50:40,26.0,118.12 M
2019-06-04 22:50:42,25.0,116.81 M
2019-06-04 22:50:44,29.0,118.17 M
2019-06-04 22:50:47,51.9,63.75 M
2019-06-04 22:50:49,50.0,77.43 M
2019-06-04 22:50:51,48.0,88.99 M
2019-06-04 22:50:53,35.0,90.96 M
2019-06-04 22:50:55,29.0,94.43 M
2019-06-04 22:50:57,47.0,94.88 M
2019-06-04 22:50:59,34.0,95.14 M
2019-06-04 22:51:01,38.0,94.48 M
2019-06-04 22:51:03,43.0,94.94 M
2019-06-04 22:51:05,43.0,97.14 M
2019-06-04 22:51:07,32.0,96.66 M
2019-06-04 22:51:09,45.9,96.78 M
2019-06-04 22:51:11,38.0,96.78 M
2019-06-04 22:51:13,26.0,97.41 M
2019-06-04 22:51:15,28.0,97.93 M
2019-06-04 22:51:17,38.0,98.81 M
2019-06-04 22:51:19,34.0,97.09 M
2019-06-04 22:51:21,28.0,98.51 M
2019-06-04 22:51:23,42.0,97.61 M
2019-06-04 22:51:25,42.0,96.79 M
2019-06-04 22:51:27,34.0,96.94 M
2019-06-04 22:51:29,31.0,97.95 M
2019-06-04 22:51:31,37.0,98.38 M
2019-06-04 22:51:33,36.0,98.28 M
2019-06-04 22:51:35,32.0,99.19 M
2019-06-04 22:51:37,39.0,99.73 M
2019-06-04 22:51:39,36.0,97.07 M
2019-06-04 22:51:41,30.0,97.97 M
2019-06-04 22:51:43,32.0,98.45 M
2019-06-04 22:51:45,22.0,98.74 M
2019-06-04 22:51:47,35.0,100.41 M
2019-06-04 22:51:49,26.0,99.87 M
2019-06-04 22:51:51,39.0,99.18 M
2019-06-04 22:51:53,32.0,98.04 M
2019-06-04 22:51:55,35.0,98.04 M
2019-06-04 22:51:57,38.0,98.04 M
2019-06-04 22:51:59,26.0,97.67 M
2019-06-04 22:52:01,32.0,95.47 M
2019-06-04 22:52:03,33.0,95.73 M
2019-06-04 22:52:05,34.0,97.91 M
2019-06-04 22:52:07,32.0,99.02 M
2019-06-04 22:52:09,33.0,100.23 M
2019-06-04 22:52:11,36.0,100.27 M
2019-06-04 22:52:13,23.0,100.99 M
2019-06-04 22:52:15,41.0,103.52 M
2019-06-04 22:52:17,41.9,102.20 M
2019-06-04 22:52:19,21.0,102.96 M
2019-06-04 22:52:21,36.0,100.85 M
2019-06-04 22:52:23,27.0,102.50 M
2019-06-04 22:52:25,29.0,100.37 M
2019-06-04 22:52:27,37.0,100.47 M
2019-06-04 22:52:29,36.0,101.66 M
2019-06-04 22:52:31,28.0,101.20 M
2019-06-04 22:52:33,36.0,101.80 M
2019-06-04 22:52:35,28.0,101.80 M
2019-06-04 22:52:37,25.0,99.21 M
2019-06-04 22:52:39,42.0,98.04 M
2019-06-04 22:52:41,36.0,98.66 M
2019-06-04 22:52:43,28.0,99.50 M
2019-06-04 22:52:45,32.0,99.38 M
2019-06-04 22:52:47,30.0,99.63 M
2019-06-04 22:52:49,33.0,100.12 M
2019-06-04 22:52:51,35.0,98.41 M
2019-06-04 22:52:53,38.0,98.53 M
2019-06-04 22:52:55,26.0,100.23 M
2019-06-04 22:52:57,38.0,100.36 M
2019-06-04 22:52:59,36.0,98.40 M
2019-06-04 22:53:01,35.0,99.54 M
2019-06-04 22:53:03,26.0,99.36 M
2019-06-04 22:53:05,37.0,98.38 M
2019-06-04 22:53:07,34.0,99.19 M
2019-06-04 22:53:09,23.0,98.16 M
2019-06-04 22:53:11,44.0,99.76 M
2019-06-04 22:53:13,29.0,100.12 M
2019-06-04 22:53:15,35.0,102.65 M
2019-06-04 22:53:17,37.0,102.02 M
2019-06-04 22:53:19,26.0,102.02 M
2019-06-04 22:53:21,27.0,101.50 M
2019-06-04 22:53:23,42.9,102.22 M
2019-06-04 22:53:25,31.0,101.86 M
2019-06-04 22:53:27,21.0,102.11 M
2019-06-04 22:53:30,30.0,101.72 M
2019-06-04 22:53:32,34.0,100.61 M
2019-06-04 22:53:34,37.0,102.88 M
2019-06-04 22:53:36,32.0,101.28 M
2019-06-04 22:53:38,37.0,100.91 M
2019-06-04 22:53:40,41.0,100.91 M
2019-06-04 22:53:42,28.0,103.29 M
2019-06-04 22:53:44,39.0,101.45 M
2019-06-04 22:53:46,34.0,101.45 M
2019-06-04 22:53:48,30.0,102.38 M
2019-06-04 22:53:50,42.0,101.28 M
2019-06-04 22:53:52,35.0,100.58 M
2019-06-04 22:53:54,38.0,102.26 M
2019-06-04 22:53:56,33.0,99.87 M
2019-06-04 22:53:58,35.0,100.41 M
2019-06-04 22:54:00,27.0,101.12 M
2019-06-04 22:54:02,41.0,104.66 M
2019-06-04 22:54:04,34.0,101.64 M
2019-06-04 22:54:06,31.0,103.39 M
2019-06-04 22:54:09,53.9,57.87 M
2019-06-04 22:54:12,51.9,59.33 M
2019-06-04 22:54:14,45.9,68.84 M
2019-06-04 22:54:16,35.0,86.29 M
2019-06-04 22:54:18,57.9,58.10 M
2019-06-04 22:54:20,53.9,72.98 M
2019-06-04 22:54:22,36.0,86.69 M
2019-06-04 22:54:24,41.0,90.13 M
2019-06-04 22:54:26,31.0,90.77 M
2019-06-04 22:54:28,41.9,90.10 M
2019-06-04 22:54:30,39.0,91.96 M
2019-06-04 22:54:32,34.0,92.43 M
2019-06-04 22:54:34,25.0,94.59 M
2019-06-04 22:54:36,37.0,92.30 M
2019-06-04 22:54:38,40.0,92.56 M
2019-06-04 22:54:40,34.0,94.85 M
2019-06-04 22:54:42,30.0,94.62 M
2019-06-04 22:54:44,28.0,95.00 M
2019-06-04 22:54:46,31.0,97.12 M
2019-06-04 22:54:48,31.0,99.23 M
2019-06-04 22:54:50,33.0,96.32 M
2019-06-04 22:54:52,34.0,98.41 M
2019-06-04 22:54:54,36.0,96.00 M
2019-06-04 22:54:56,26.0,96.18 M
2019-06-04 22:54:58,26.0,98.47 M
2019-06-04 22:55:00,28.0,96.96 M
2019-06-04 22:55:02,28.0,96.96 M
2019-06-04 22:55:04,26.0,98.47 M
2019-06-04 22:55:06,22.0,95.59 M
2019-06-04 22:55:08,24.0,95.59 M
2019-06-04 22:55:10,32.0,97.62 M
2019-06-04 22:55:12,29.0,98.63 M
2019-06-04 22:55:14,26.0,100.66 M
2019-06-04 22:55:16,27.0,99.04 M
2019-06-04 22:55:18,28.0,99.04 M
2019-06-04 22:55:20,36.0,99.58 M
2019-06-04 22:55:22,34.0,98.81 M
2019-06-04 22:55:24,28.0,98.81 M
2019-06-04 22:55:26,22.0,99.03 M
2019-06-04 22:55:28,37.0,99.44 M
2019-06-04 22:55:30,42.0,99.49 M
2019-06-04 22:55:32,33.0,100.92 M
2019-06-04 22:55:34,27.0,99.47 M
2019-06-04 22:55:36,29.0,101.81 M
2019-06-04 22:55:38,27.0,98.17 M
2019-06-04 22:55:40,35.0,98.27 M
2019-06-04 22:55:42,29.0,100.15 M
2019-06-04 22:55:44,31.0,100.21 M
2019-06-04 22:55:46,38.0,100.84 M
2019-06-04 22:55:48,28.0,103.39 M
2019-06-04 22:55:50,24.0,101.84 M
2019-06-04 22:55:52,33.0,100.24 M
2019-06-04 22:55:54,14.0,101.49 M
2019-06-04 22:55:56,21.0,101.00 M
2019-06-04 22:55:58,30.0,102.24 M
2019-06-04 22:56:00,23.0,102.16 M
2019-06-04 22:56:02,39.0,102.49 M
2019-06-04 22:56:04,23.0,104.14 M
2019-06-04 22:56:07,25.0,105.37 M
2019-06-04 22:56:09,28.0,105.61 M
2019-06-04 22:56:11,32.0,100.93 M
2019-06-04 22:56:13,26.0,101.79 M
2019-06-04 22:56:15,26.0,103.62 M
2019-06-04 22:56:17,21.0,103.04 M
2019-06-04 22:56:19,28.0,103.24 M
2019-06-04 22:56:21,22.0,103.62 M
2019-06-04 22:56:23,32.0,103.19 M
2019-06-04 22:56:25,28.0,104.29 M
2019-06-04 22:56:27,26.0,101.31 M
2019-06-04 22:56:29,35.0,101.37 M
2019-06-04 22:56:31,28.0,103.19 M
2019-06-04 22:56:33,29.0,104.15 M
2019-06-04 22:56:35,31.0,105.89 M
2019-06-04 22:56:37,21.0,107.66 M
2019-06-04 22:56:39,26.0,105.19 M
2019-06-04 22:56:41,31.0,101.07 M
2019-06-04 22:56:43,27.0,102.99 M
2019-06-04 22:56:45,22.0,103.69 M
2019-06-04 22:56:47,29.0,104.20 M
2019-06-04 22:56:49,18.0,102.99 M
2019-06-04 22:56:51,29.0,103.78 M
2019-06-04 22:56:53,29.0,105.24 M
2019-06-04 22:56:55,23.0,108.40 M
2019-06-04 22:56:57,40.0,105.54 M
2019-06-04 22:56:59,25.0,106.75 M
2019-06-04 22:57:01,36.0,105.20 M
2019-06-04 22:57:03,40.0,104.40 M
2019-06-04 22:57:06,59.0,59.23 M
2019-06-04 22:57:08,44.0,75.12 M
2019-06-04 22:57:10,45.9,86.91 M
2019-06-04 22:57:12,35.0,90.14 M
2019-06-04 22:57:14,28.0,91.51 M
2019-06-04 22:57:16,26.0,90.30 M
2019-06-04 22:57:18,37.0,90.96 M
2019-06-04 22:57:20,31.0,92.64 M
2019-06-04 22:57:22,28.0,94.31 M
2019-06-04 22:57:24,39.0,95.27 M
2019-06-04 22:57:26,37.0,94.44 M
2019-06-04 22:57:28,29.0,94.51 M
2019-06-04 22:57:30,21.0,94.62 M
2019-06-04 22:57:32,24.0,96.29 M
2019-06-04 22:57:34,35.0,95.68 M
2019-06-04 22:57:36,23.0,95.68 M
2019-06-04 22:57:38,29.0,94.77 M
2019-06-04 22:57:40,26.0,95.13 M
2019-06-04 22:57:42,27.0,97.75 M
2019-06-04 22:57:44,27.0,96.13 M
2019-06-04 22:57:46,33.0,96.13 M
2019-06-04 22:57:48,28.0,96.75 M
2019-06-04 22:57:50,28.0,97.56 M
2019-06-04 22:57:52,23.0,97.60 M
2019-06-04 22:57:54,21.0,98.11 M
2019-06-04 22:57:56,27.0,95.86 M
2019-06-04 22:57:58,18.0,95.86 M
2019-06-04 22:58:00,31.0,97.82 M
2019-06-04 22:58:02,30.0,97.71 M
2019-06-04 22:58:04,21.0,98.59 M
2019-06-04 22:58:06,22.0,97.22 M
2019-06-04 22:58:08,27.0,97.22 M
2019-06-04 22:58:10,20.0,99.23 M
2019-06-04 22:58:12,23.0,99.23 M
2019-06-04 22:58:14,29.0,101.78 M
2019-06-04 22:58:16,14.0,102.04 M
2019-06-04 22:58:18,28.0,99.99 M
2019-06-04 22:58:20,19.0,100.50 M
2019-06-04 22:58:22,20.0,98.18 M
2019-06-04 22:58:24,26.0,98.18 M
2019-06-04 22:58:26,24.0,100.68 M
2019-06-04 22:58:28,30.0,98.64 M
2019-06-04 22:58:30,25.0,100.22 M
2019-06-04 22:58:32,23.0,99.21 M
2019-06-04 22:58:34,25.0,100.31 M
2019-06-04 22:58:36,24.0,97.52 M
2019-06-04 22:58:38,15.0,97.52 M
2019-06-04 22:58:40,26.0,99.04 M
2019-06-04 22:58:42,31.0,99.34 M
2019-06-04 22:58:44,26.0,100.29 M
2019-06-04 22:58:46,28.0,98.62 M
2019-06-04 22:58:48,18.0,99.39 M
2019-06-04 22:58:50,25.0,100.69 M
2019-06-04 22:58:52,22.0,100.69 M
2019-06-04 22:58:54,26.0,97.89 M
2019-06-04 22:58:56,23.0,97.89 M
2019-06-04 22:58:58,22.0,98.62 M
2019-06-04 22:59:00,23.0,98.87 M
2019-06-04 22:59:02,26.0,99.57 M
2019-06-04 22:59:04,22.0,101.82 M
2019-06-04 22:59:06,24.0,102.07 M
2019-06-04 22:59:08,28.0,101.55 M
2019-06-04 22:59:10,31.0,99.25 M
2019-06-04 22:59:13,21.0,100.41 M
2019-06-04 22:59:15,21.0,99.37 M
2019-06-04 22:59:17,28.0,99.88 M
2019-06-04 22:59:19,22.0,101.39 M
2019-06-04 22:59:21,33.0,100.52 M
2019-06-04 22:59:23,23.0,100.84 M
2019-06-04 22:59:25,23.0,101.56 M
2019-06-04 22:59:27,27.0,101.56 M
2019-06-04 22:59:29,22.0,101.34 M
2019-06-04 22:59:31,23.0,101.34 M
2019-06-04 22:59:33,22.0,101.09 M
2019-06-04 22:59:35,35.0,101.14 M
2019-06-04 22:59:37,22.0,103.11 M
2019-06-04 22:59:39,33.0,102.27 M
2019-06-04 22:59:41,20.0,102.27 M
2019-06-04 22:59:43,19.0,101.52 M
2019-06-04 22:59:45,23.0,102.04 M
2019-06-04 22:59:47,24.0,99.85 M
2019-06-04 22:59:49,25.0,100.40 M
2019-06-04 22:59:51,25.0,102.15 M
2019-06-04 22:59:53,30.0,101.48 M
2019-06-04 22:59:55,26.0,102.00 M
2019-06-04 22:59:57,21.0,101.99 M
2019-06-04 22:59:59,33.0,102.02 M
2019-06-04 23:00:01,23.0,102.16 M
2019-06-04 23:00:03,20.0,102.45 M
2019-06-04 23:00:05,20.0,102.45 M
2019-06-04 23:00:07,23.0,100.98 M
2019-06-04 23:00:09,28.0,100.01 M
2019-06-04 23:00:11,25.0,101.92 M
2019-06-04 23:00:13,29.0,101.50 M
2019-06-04 23:00:15,20.0,101.50 M
2019-06-04 23:00:17,23.0,102.90 M
2019-06-04 23:00:19,24.0,103.16 M
2019-06-04 23:00:21,22.0,102.03 M
2019-06-04 23:00:23,31.0,101.17 M
2019-06-04 23:00:25,31.0,103.16 M
2019-06-04 23:00:27,20.0,100.34 M
2019-06-04 23:00:29,25.0,101.12 M
2019-06-04 23:00:31,21.0,103.64 M
2019-06-04 23:00:33,27.0,102.52 M
2019-06-04 23:00:35,26.0,103.52 M
2019-06-04 23:00:37,29.0,103.31 M
2019-06-04 23:00:39,26.0,104.34 M
2019-06-04 23:00:41,17.0,105.55 M
2019-06-04 23:00:43,27.0,105.55 M
2019-06-04 23:00:45,24.0,104.75 M
2019-06-04 23:00:47,35.0,103.57 M
2019-06-04 23:00:49,24.0,104.58 M
2019-06-04 23:00:51,25.0,104.14 M
2019-06-04 23:00:53,17.0,104.14 M
2019-06-04 23:00:55,25.0,102.62 M
2019-06-04 23:00:57,22.0,102.62 M
2019-06-04 23:00:59,18.0,104.34 M
2019-06-04 23:01:01,30.0,102.38 M
2019-06-04 23:01:03,32.0,103.61 M
2019-06-04 23:01:05,30.0,103.10 M
2019-06-04 23:01:07,27.0,103.10 M
2019-06-04 23:01:09,25.0,105.25 M
2019-06-04 23:01:11,26.0,105.26 M
2019-06-04 23:01:13,31.0,107.31 M
2019-06-04 23:01:15,25.0,104.14 M
2019-06-04 23:01:17,16.0,104.65 M
2019-06-04 23:01:19,25.0,104.54 M
2019-06-04 23:01:21,25.0,104.09 M
2019-06-04 23:01:23,23.0,104.09 M
2019-06-04 23:01:25,24.0,104.85 M
2019-06-04 23:01:27,21.0,104.85 M
2019-06-04 23:01:29,24.0,105.57 M
2019-06-04 23:01:31,27.0,104.27 M
2019-06-04 23:01:33,21.0,105.55 M
2019-06-04 23:01:35,27.0,105.58 M
2019-06-04 23:01:37,24.0,106.10 M
2019-06-04 23:01:39,21.0,106.57 M
2019-06-04 23:01:41,25.0,106.57 M
2019-06-04 23:01:43,27.0,105.37 M
2019-06-04 23:01:45,25.0,105.37 M
2019-06-04 23:01:47,24.0,105.46 M
2019-06-04 23:01:49,32.0,104.31 M
2019-06-04 23:01:51,24.0,105.34 M
2019-06-04 23:01:53,26.0,104.47 M
2019-06-04 23:01:55,24.0,104.47 M
2019-06-04 23:01:57,24.0,104.89 M
2019-06-04 23:01:59,33.0,105.05 M
2019-06-04 23:02:01,26.0,106.07 M
2019-06-04 23:02:03,20.0,105.48 M
2019-06-04 23:02:06,57.9,61.30 M
2019-06-04 23:02:08,44.9,70.28 M
2019-06-04 23:02:10,50.0,87.15 M
2019-06-04 23:02:12,26.0,90.41 M
2019-06-04 23:02:14,38.0,92.38 M
2019-06-04 23:02:16,33.0,92.97 M
2019-06-04 23:02:18,34.0,93.68 M
2019-06-04 23:02:20,40.0,95.38 M
2019-06-04 23:02:23,40.0,96.52 M
2019-06-04 23:02:25,38.0,95.21 M
2019-06-04 23:02:27,35.0,97.04 M
2019-06-04 23:02:29,41.9,97.41 M
2019-06-04 23:02:31,36.0,98.52 M
2019-06-04 23:02:33,31.0,99.02 M
2019-06-04 23:02:35,21.0,98.08 M
2019-06-04 23:02:37,30.0,97.04 M
2019-06-04 23:02:39,32.0,97.74 M
2019-06-04 23:02:41,33.0,99.25 M
2019-06-04 23:02:43,34.0,97.57 M
2019-06-04 23:02:45,24.0,97.80 M
2019-06-04 23:02:47,24.0,99.41 M
2019-06-04 23:02:49,22.0,97.65 M
2019-06-04 23:02:51,28.0,97.65 M
2019-06-04 23:02:53,33.0,97.75 M
2019-06-04 23:02:55,26.0,98.37 M
2019-06-04 23:02:57,26.0,98.49 M
2019-06-04 23:02:59,29.0,97.75 M
2019-06-04 23:03:01,28.0,98.71 M
2019-06-04 23:03:03,24.0,96.91 M
2019-06-04 23:03:05,28.0,96.99 M
2019-06-04 23:03:07,22.0,98.18 M
2019-06-04 23:03:09,37.0,98.30 M
2019-06-04 23:03:11,28.0,98.56 M
2019-06-04 23:03:13,21.0,98.45 M
2019-06-04 23:03:15,30.0,97.92 M
2019-06-04 23:03:17,24.0,98.89 M
2019-06-04 23:03:19,21.0,97.52 M
2019-06-04 23:03:21,26.0,98.80 M
2019-06-04 23:03:23,29.0,98.42 M
2019-06-04 23:03:25,29.0,99.86 M
2019-06-04 23:03:27,26.0,99.86 M
2019-06-04 23:03:29,19.0,100.27 M
2019-06-04 23:03:31,18.0,100.52 M
2019-06-04 23:03:33,24.0,99.98 M
2019-06-04 23:03:35,27.0,100.62 M
2019-06-04 23:03:37,23.0,101.14 M
2019-06-04 23:03:39,35.0,100.02 M
2019-06-04 23:03:41,32.0,99.53 M
2019-06-04 23:03:43,19.0,100.49 M
2019-06-04 23:03:45,28.0,100.80 M
2019-06-04 23:03:47,34.0,99.66 M
2019-06-04 23:03:49,29.0,99.70 M
2019-06-04 23:03:51,26.0,99.84 M
2019-06-04 23:03:53,30.0,99.94 M
2019-06-04 23:03:55,27.0,101.32 M
2019-06-04 23:03:57,20.0,101.46 M
2019-06-04 23:03:59,29.0,99.66 M
2019-06-04 23:04:01,22.0,100.63 M
2019-06-04 23:04:03,28.0,101.18 M
2019-06-04 23:04:05,25.0,100.00 M
2019-06-04 23:04:07,26.0,100.25 M
2019-06-04 23:04:09,26.0,102.68 M
2019-06-04 23:04:11,29.0,102.68 M
2019-06-04 23:04:13,24.0,102.71 M
2019-06-04 23:04:15,27.0,101.71 M
2019-06-04 23:04:17,24.0,103.63 M
2019-06-04 23:04:19,24.0,102.68 M
2019-06-04 23:04:21,31.0,100.68 M
2019-06-04 23:04:23,22.0,101.86 M
2019-06-04 23:04:25,32.0,103.33 M
2019-06-04 23:04:27,30.0,103.15 M
2019-06-04 23:04:29,23.0,105.43 M
2019-06-04 23:04:31,27.0,107.13 M
2019-06-04 23:04:33,21.0,107.13 M
2019-06-04 23:04:36,44.0,54.07 M
2019-06-04 23:04:38,47.0,68.45 M
2019-06-04 23:04:40,39.0,87.07 M
2019-06-04 23:04:42,36.0,91.85 M
2019-06-04 23:04:44,33.0,93.09 M
2019-06-04 23:04:46,23.0,94.04 M
2019-06-04 23:04:48,41.0,95.57 M
2019-06-04 23:04:50,20.0,97.32 M
2019-06-04 23:04:52,33.0,97.32 M
2019-06-04 23:04:54,35.0,97.71 M
2019-06-04 23:04:56,41.0,97.67 M
2019-06-04 23:04:58,27.0,99.44 M
2019-06-04 23:05:00,37.0,96.90 M
2019-06-04 23:05:02,25.0,98.81 M
2019-06-04 23:05:04,36.0,98.28 M
2019-06-04 23:05:06,25.0,100.06 M
2019-06-04 23:05:08,27.0,99.27 M
2019-06-04 23:05:10,23.0,99.51 M
2019-06-04 23:05:12,34.0,99.34 M
2019-06-04 23:05:14,35.0,100.09 M
2019-06-04 23:05:16,23.0,100.21 M
2019-06-04 23:05:18,27.0,100.73 M
2019-06-04 23:05:20,20.0,100.24 M
2019-06-04 23:05:22,28.0,100.24 M
2019-06-04 23:05:24,23.0,102.94 M
2019-06-04 23:05:26,35.0,98.81 M
2019-06-04 23:05:28,28.0,101.09 M
2019-06-04 23:05:30,21.0,99.62 M
2019-06-04 23:05:33,26.0,101.21 M
2019-06-04 23:05:35,27.0,102.60 M
2019-06-04 23:05:37,32.0,101.92 M
2019-06-04 23:05:39,27.0,103.89 M
2019-06-04 23:05:41,21.0,102.01 M
2019-06-04 23:05:43,32.0,103.13 M
2019-06-04 23:05:45,24.0,102.17 M
2019-06-04 23:05:47,20.0,102.17 M
2019-06-04 23:05:49,26.0,101.50 M
2019-06-04 23:05:51,36.0,100.34 M
2019-06-04 23:05:53,26.0,102.29 M
2019-06-04 23:05:55,28.0,102.59 M
2019-06-04 23:05:57,23.0,105.16 M
2019-06-04 23:05:59,22.0,103.68 M
2019-06-04 23:06:01,20.0,103.68 M
2019-06-04 23:06:03,20.0,102.20 M
2019-06-04 23:06:05,30.0,102.20 M
2019-06-04 23:06:07,28.0,104.53 M
2019-06-04 23:06:09,27.0,102.07 M
2019-06-04 23:06:11,31.0,102.58 M
2019-06-04 23:06:13,20.0,102.93 M
2019-06-04 23:06:15,21.0,104.60 M
2019-06-04 23:06:17,35.0,103.04 M
2019-06-04 23:06:19,24.0,105.07 M
2019-06-04 23:06:21,28.0,106.38 M
2019-06-04 23:06:23,26.0,106.38 M
2019-06-04 23:06:25,26.0,106.94 M
2019-06-04 23:06:27,36.0,102.93 M
2019-06-04 23:06:29,25.0,104.84 M
2019-06-04 23:06:31,36.0,105.51 M
2019-06-04 23:06:33,25.0,108.69 M
2019-06-04 23:06:35,26.0,108.86 M
2019-06-04 23:06:37,29.0,109.37 M
2019-06-04 23:06:39,29.0,108.56 M
2019-06-04 23:06:41,27.0,107.11 M
2019-06-04 23:06:43,25.0,108.89 M
2019-06-04 23:06:45,34.0,106.11 M
2019-06-04 23:06:47,19.0,106.86 M
2019-06-04 23:06:49,37.0,107.77 M
2019-06-04 23:06:51,21.0,107.77 M
2019-06-04 23:06:53,24.0,109.34 M
2019-06-04 23:06:55,27.0,109.34 M
2019-06-04 23:06:57,27.0,110.91 M
2019-06-04 23:06:59,29.0,107.48 M
2019-06-04 23:07:01,23.0,109.51 M
2019-06-04 23:07:03,30.0,108.55 M
2019-06-04 23:07:05,20.0,109.42 M
2019-06-04 23:07:07,37.0,109.57 M
2019-06-04 23:07:09,25.0,109.57 M
2019-06-04 23:07:11,23.0,111.23 M
2019-06-04 23:07:13,26.0,111.23 M
2019-06-04 23:07:15,24.0,110.48 M
2019-06-04 23:07:17,35.0,107.87 M
2019-06-04 23:07:19,25.0,110.32 M
2019-06-04 23:07:21,33.0,108.67 M
2019-06-04 23:07:23,31.0,110.36 M
2019-06-04 23:07:25,32.0,110.12 M
2019-06-04 23:07:27,26.0,112.43 M
2019-06-04 23:07:29,28.0,113.00 M
2019-06-04 23:07:31,36.0,110.41 M
2019-06-04 23:07:33,26.0,111.88 M
2019-06-04 23:07:35,35.0,112.37 M
2019-06-04 23:07:37,28.0,114.43 M
2019-06-04 23:07:39,24.0,113.66 M
2019-06-04 23:07:41,23.0,113.66 M
2019-06-04 23:07:43,27.0,115.17 M
2019-06-04 23:07:45,20.0,115.64 M
2019-06-04 23:07:47,22.0,115.73 M
2019-06-04 23:07:49,29.0,116.25 M
2019-06-04 23:07:51,24.0,117.22 M
2019-06-04 23:07:53,24.0,117.48 M
2019-06-04 23:07:55,26.0,115.49 M
2019-06-04 23:07:57,24.0,114.04 M
2019-06-04 23:07:59,23.0,115.95 M
2019-06-04 23:08:01,19.0,112.80 M
2019-06-04 23:08:03,28.0,114.59 M
2019-06-04 23:08:05,27.0,114.27 M
2019-06-04 23:08:07,33.0,114.27 M
2019-06-04 23:08:09,23.0,113.79 M
2019-06-04 23:08:11,34.0,114.28 M
2019-06-04 23:08:13,29.0,115.82 M
2019-06-04 23:08:15,23.0,117.15 M
2019-06-04 23:08:17,25.0,117.41 M
2019-06-04 23:08:19,31.0,116.26 M
2019-06-04 23:08:21,31.0,116.05 M
2019-06-04 23:08:23,24.0,117.51 M
2019-06-04 23:08:25,34.0,118.13 M
2019-06-04 23:08:27,20.0,118.13 M
2019-06-04 23:08:29,17.0,117.05 M
2019-06-04 23:08:31,24.0,117.29 M
2019-06-04 23:08:33,27.0,118.14 M
2019-06-04 23:08:35,21.0,119.84 M
2019-06-04 23:08:37,36.0,119.40 M
2019-06-04 23:08:39,19.0,119.40 M
2019-06-04 23:08:41,22.0,120.12 M
2019-06-04 23:08:43,27.0,120.36 M
2019-06-04 23:08:45,24.0,122.39 M
2019-06-04 23:08:47,26.0,122.39 M
2019-06-04 23:08:50,22.0,118.92 M
2019-06-04 23:08:52,28.0,118.92 M
2019-06-04 23:08:54,25.0,120.04 M
2019-06-04 23:08:56,35.0,118.52 M
2019-06-04 23:08:58,23.0,120.31 M
2019-06-04 23:09:00,28.0,120.04 M
2019-06-04 23:09:02,30.0,122.09 M
2019-06-04 23:09:04,28.0,121.87 M
2019-06-04 23:09:06,24.0,121.87 M
2019-06-04 23:09:08,24.0,121.95 M
2019-06-04 23:09:10,24.0,123.21 M
2019-06-04 23:09:12,18.0,123.73 M
2019-06-04 23:09:14,27.0,123.29 M
2019-06-04 23:09:16,23.0,118.98 M
2019-06-04 23:09:18,23.0,120.25 M
2019-06-04 23:09:20,35.0,120.87 M
2019-06-04 23:09:22,24.0,122.55 M
2019-06-04 23:09:24,34.0,120.57 M
2019-06-04 23:09:26,26.0,122.81 M
2019-06-04 23:09:28,20.0,123.01 M
2019-06-04 23:09:30,24.0,123.01 M
2019-06-04 23:09:32,28.0,120.50 M
2019-06-04 23:09:34,31.0,120.83 M
2019-06-04 23:09:37,57.9,58.61 M
2019-06-04 23:09:39,68.9,76.25 M
2019-06-04 23:09:41,37.0,88.05 M
2019-06-04 23:09:43,34.0,91.18 M
2019-06-04 23:09:45,41.0,92.56 M
2019-06-04 23:09:47,33.0,92.82 M
2019-06-04 23:09:49,37.0,94.48 M
2019-06-04 23:09:51,32.0,95.11 M
2019-06-04 23:09:53,37.0,97.38 M
2019-06-04 23:09:55,29.0,96.96 M
2019-06-04 23:09:57,36.0,95.61 M
2019-06-04 23:09:59,34.0,96.75 M
2019-06-04 23:10:01,34.0,96.66 M
2019-06-04 23:10:04,55.0,64.02 M
2019-06-04 23:10:06,48.0,85.14 M
2019-06-04 23:10:08,48.0,91.47 M
2019-06-04 23:10:10,40.9,93.71 M
2019-06-04 23:10:12,39.0,94.57 M
2019-06-04 23:10:14,51.0,93.91 M
2019-06-04 23:10:16,44.0,93.59 M
2019-06-04 23:10:18,56.9,96.46 M
2019-06-04 23:10:20,34.0,96.66 M
2019-06-04 23:10:22,33.0,96.27 M
2019-06-04 23:10:24,39.0,96.78 M
2019-06-04 23:10:26,36.0,96.88 M
2019-06-04 23:10:28,40.0,95.66 M
2019-06-04 23:10:30,41.0,96.77 M
2019-06-04 23:10:32,34.0,96.53 M
2019-06-04 23:10:34,39.0,97.89 M
2019-06-04 23:10:36,43.9,98.09 M
2019-06-04 23:10:38,37.0,97.39 M
2019-06-04 23:10:40,34.0,97.53 M
2019-06-04 23:10:42,26.0,96.20 M
2019-06-04 23:10:44,32.0,97.46 M
2019-06-04 23:10:46,39.0,95.77 M
2019-06-04 23:10:48,44.9,96.55 M
2019-06-04 23:10:50,42.9,96.80 M
2019-06-04 23:10:52,33.0,97.51 M
2019-06-04 23:10:54,38.0,97.77 M
2019-06-04 23:10:56,34.0,96.57 M
2019-06-04 23:10:58,37.0,97.86 M
2019-06-04 23:11:00,37.0,98.45 M
2019-06-04 23:11:02,40.0,97.85 M
2019-06-04 23:11:04,20.0,98.46 M
2019-06-04 23:11:06,35.0,99.45 M
2019-06-04 23:11:08,41.9,99.84 M
2019-06-04 23:11:10,32.0,99.38 M
2019-06-04 23:11:12,30.0,98.51 M
2019-06-04 23:11:14,14.0,99.02 M
2019-06-04 23:11:16,31.0,99.39 M
2019-06-04 23:11:18,21.0,101.00 M
2019-06-04 23:11:20,26.0,99.75 M
2019-06-04 23:11:22,27.0,101.01 M
2019-06-04 23:11:24,28.0,99.98 M
2019-06-04 23:11:26,37.0,100.00 M
2019-06-04 23:11:28,23.0,100.60 M
2019-06-04 23:11:30,25.0,99.93 M
2019-06-04 23:11:32,39.0,102.31 M
2019-06-04 23:11:34,33.0,100.69 M
2019-06-04 23:11:36,41.0,99.55 M
2019-06-04 23:11:38,26.0,99.68 M
2019-06-04 23:11:40,35.0,99.80 M
2019-06-04 23:11:42,30.0,100.05 M
2019-06-04 23:11:44,44.0,100.98 M
2019-06-04 23:11:46,44.9,101.66 M
2019-06-04 23:11:48,34.0,101.07 M
2019-06-04 23:11:50,33.0,100.89 M
2019-06-04 23:11:52,20.0,101.52 M
2019-06-04 23:11:54,26.0,100.19 M
2019-06-04 23:11:56,27.0,100.45 M
2019-06-04 23:11:59,21.0,100.94 M
2019-06-04 23:12:01,14.0,100.94 M
2019-06-04 23:12:03,12.0,101.52 M
2019-06-04 23:12:05,15.0,101.52 M
2019-06-04 23:12:07,16.0,103.02 M
2019-06-04 23:12:09,18.0,100.36 M
2019-06-04 23:12:11,18.0,102.30 M
2019-06-04 23:12:13,43.9,101.11 M
2019-06-04 23:12:15,40.0,102.83 M
2019-06-04 23:12:17,37.0,102.50 M
2019-06-04 23:12:19,29.0,102.95 M
2019-06-04 23:12:21,37.0,101.74 M
2019-06-04 23:12:23,28.0,101.99 M
2019-06-04 23:12:25,42.0,104.27 M
2019-06-04 23:12:27,34.0,104.80 M
2019-06-04 23:12:29,36.0,103.96 M
2019-06-04 23:12:31,41.9,103.46 M
2019-06-04 23:12:33,36.0,102.47 M
2019-06-04 23:12:35,33.0,103.54 M
2019-06-04 23:12:37,41.0,101.34 M
2019-06-04 23:12:39,32.0,101.58 M
2019-06-04 23:12:41,38.0,104.63 M
2019-06-04 23:12:43,30.0,105.23 M
2019-06-04 23:12:45,34.0,103.64 M
2019-06-04 23:12:47,36.0,104.85 M
2019-06-04 23:12:49,41.0,103.10 M
2019-06-04 23:12:51,19.0,105.35 M
2019-06-04 23:12:53,30.0,105.70 M
2019-06-04 23:12:55,33.0,108.08 M
2019-06-04 23:12:57,38.0,103.12 M
2019-06-04 23:12:59,32.0,104.07 M
2019-06-04 23:13:01,37.0,105.25 M
2019-06-04 23:13:03,30.0,106.83 M
2019-06-04 23:13:05,38.0,107.07 M
2019-06-04 23:13:07,53.0,53.91 M
2019-06-04 23:13:09,48.9,68.03 M
2019-06-04 23:13:11,41.9,85.84 M
2019-06-04 23:13:13,32.0,91.04 M
2019-06-04 23:13:15,34.0,91.75 M
2019-06-04 23:13:17,40.0,93.66 M
2019-06-04 23:13:19,22.0,95.96 M
2019-06-04 23:13:21,42.0,97.39 M
2019-06-04 23:13:23,21.0,97.39 M
2019-06-04 23:13:25,34.0,97.77 M
2019-06-04 23:13:27,24.0,98.26 M
2019-06-04 23:13:29,32.0,99.83 M
2019-06-04 23:13:31,37.0,96.83 M
2019-06-04 23:13:33,36.0,98.50 M
2019-06-04 23:13:35,29.0,97.83 M
2019-06-04 23:13:37,30.0,100.12 M
2019-06-04 23:13:39,29.0,97.66 M
2019-06-04 23:13:41,25.0,99.04 M
2019-06-04 23:13:43,26.0,101.19 M
2019-06-04 23:13:45,34.0,101.41 M
2019-06-04 23:13:47,22.0,102.45 M
2019-06-04 23:13:49,28.0,100.93 M
2019-06-04 23:13:51,21.0,101.57 M
2019-06-04 23:13:53,32.0,98.24 M
2019-06-04 23:13:55,23.0,100.40 M
2019-06-04 23:13:57,25.0,100.59 M
2019-06-04 23:13:59,26.0,102.55 M
2019-06-04 23:14:01,23.0,101.90 M
2019-06-04 23:14:03,30.0,101.90 M
2019-06-04 23:14:05,26.0,101.87 M
2019-06-04 23:14:07,30.0,100.87 M
2019-06-04 23:14:09,27.0,102.21 M
2019-06-04 23:14:11,35.0,99.38 M
2019-06-04 23:14:13,24.0,101.47 M
2019-06-04 23:14:15,28.0,104.08 M
2019-06-04 23:14:17,24.0,104.31 M
2019-06-04 23:14:19,18.0,104.03 M
2019-06-04 23:14:21,28.0,102.28 M
2019-06-04 23:14:23,21.0,102.28 M
2019-06-04 23:14:25,24.0,101.68 M
2019-06-04 23:14:28,71.9,68.11 M
2019-06-04 23:14:30,57.0,92.88 M
2019-06-04 23:14:32,52.9,94.98 M
2019-06-04 23:14:34,54.0,98.60 M
2019-06-04 23:14:36,56.9,100.38 M
2019-06-04 23:14:38,56.9,102.11 M
2019-06-04 23:14:40,51.0,102.34 M
2019-06-04 23:14:43,48.0,99.75 M
2019-06-04 23:14:45,54.9,103.41 M
2019-06-04 23:14:47,51.9,101.00 M
2019-06-04 23:14:49,55.0,104.89 M
2019-06-04 23:14:51,51.9,106.67 M
2019-06-04 23:14:53,50.9,109.38 M
2019-06-04 23:14:55,44.0,108.86 M
2019-06-04 23:14:57,50.9,109.43 M
2019-06-04 23:14:59,37.0,109.11 M
2019-06-04 23:15:01,47.9,108.56 M
2019-06-04 23:15:03,53.0,109.45 M
2019-06-04 23:15:05,53.0,108.87 M
2019-06-04 23:15:07,45.0,110.41 M
2019-06-04 23:15:09,47.0,111.40 M
2019-06-04 23:15:11,42.9,110.54 M
2019-06-04 23:15:13,53.0,106.66 M
2019-06-04 23:15:15,48.0,107.68 M
2019-06-04 23:15:17,44.0,111.51 M
2019-06-04 23:15:19,42.0,106.32 M
2019-06-04 23:15:21,33.0,109.07 M
2019-06-04 23:15:23,37.0,104.97 M
2019-06-04 23:15:25,27.0,106.62 M
2019-06-04 23:15:27,30.0,107.59 M
2019-06-04 23:15:29,40.0,107.75 M
2019-06-04 23:15:31,39.0,106.48 M
2019-06-04 23:15:33,27.0,108.21 M
2019-06-04 23:15:35,26.0,107.69 M
2019-06-04 23:15:37,33.0,106.00 M
2019-06-04 23:15:39,31.0,107.61 M
2019-06-04 23:15:41,23.0,107.85 M
2019-06-04 23:15:43,32.0,107.33 M
2019-06-04 23:15:45,30.0,109.37 M
2019-06-04 23:15:47,31.0,104.32 M
2019-06-04 23:15:49,29.0,101.82 M
2019-06-04 23:15:51,27.0,101.82 M
2019-06-04 23:15:53,28.0,102.46 M
2019-06-04 23:15:55,26.0,102.21 M
2019-06-04 23:15:57,34.0,102.42 M
2019-06-04 23:15:59,28.0,104.21 M
2019-06-04 23:16:01,25.0,106.19 M
2019-06-04 23:16:03,39.0,102.98 M
2019-06-04 23:16:05,30.0,104.64 M
2019-06-04 23:16:07,30.0,104.26 M
2019-06-04 23:16:09,37.0,102.17 M
2019-06-04 23:16:11,31.0,104.00 M
2019-06-04 23:16:13,26.0,105.17 M
2019-06-04 23:16:15,32.0,102.75 M
2019-06-04 23:16:17,29.0,104.68 M
2019-06-04 23:16:19,29.0,105.04 M
2019-06-04 23:16:21,34.0,103.83 M
2019-06-04 23:16:23,29.0,103.94 M
2019-06-04 23:16:25,22.0,103.76 M
2019-06-04 23:16:27,37.0,102.86 M
2019-06-04 23:16:29,38.0,102.34 M
2019-06-04 23:16:31,32.0,103.77 M
2019-06-04 23:16:33,31.0,101.99 M
2019-06-04 23:16:35,27.0,101.99 M
2019-06-04 23:16:37,29.0,103.54 M
2019-06-04 23:16:39,25.0,104.37 M
2019-06-04 23:16:41,20.0,104.37 M
2019-06-04 23:16:43,20.0,103.74 M
2019-06-04 23:16:45,37.0,105.03 M
2019-06-04 23:16:47,34.0,103.29 M
2019-06-04 23:16:49,23.0,105.20 M
2019-06-04 23:16:51,38.0,104.17 M
2019-06-04 23:16:53,29.0,102.62 M
2019-06-04 23:16:55,24.0,102.62 M
2019-06-04 23:16:57,26.0,102.02 M
2019-06-04 23:16:59,37.0,98.29 M
2019-06-04 23:17:01,22.0,98.29 M
2019-06-04 23:17:03,22.0,99.83 M
2019-06-04 23:17:05,27.0,99.14 M
2019-06-04 23:17:07,21.0,99.14 M
2019-06-04 23:17:09,27.0,101.23 M
2019-06-04 23:17:11,18.0,101.48 M
2019-06-04 23:17:13,26.0,101.68 M
2019-06-04 23:17:15,36.0,101.87 M
2019-06-04 23:17:17,24.0,101.87 M
2019-06-04 23:17:19,29.0,101.64 M
2019-06-04 23:17:21,29.0,102.74 M
2019-06-04 23:17:24,43.0,58.61 M
2019-06-04 23:17:26,38.0,77.18 M
2019-06-04 23:17:28,44.9,91.20 M
2019-06-04 23:17:30,38.0,92.15 M
2019-06-04 23:17:32,35.0,95.07 M
2019-06-04 23:17:34,34.0,95.76 M
2019-06-04 23:17:36,31.0,94.30 M
2019-06-04 23:17:38,39.0,95.21 M
2019-06-04 23:17:40,47.9,96.39 M
2019-06-04 23:17:42,46.0,97.23 M
2019-06-04 23:17:44,41.0,97.25 M
2019-06-04 23:17:46,32.0,96.48 M
2019-06-04 23:17:48,36.0,95.45 M
2019-06-04 23:17:50,24.0,96.79 M
2019-06-04 23:17:52,34.0,97.45 M
2019-06-04 23:17:55,35.0,98.07 M
2019-06-04 23:17:57,34.0,97.27 M
2019-06-04 23:17:59,36.0,97.39 M
2019-06-04 23:18:01,49.9,97.55 M
2019-06-04 23:18:03,34.0,97.69 M
2019-06-04 23:18:05,35.0,98.04 M
2019-06-04 23:18:07,27.0,98.65 M
2019-06-04 23:18:09,28.0,97.25 M
2019-06-04 23:18:11,36.0,97.84 M
2019-06-04 23:18:13,37.0,97.77 M
2019-06-04 23:18:15,47.0,97.74 M
2019-06-04 23:18:17,40.0,96.97 M
2019-06-04 23:18:19,29.0,97.83 M
2019-06-04 23:18:21,28.0,98.86 M
2019-06-04 23:18:23,32.0,98.14 M
2019-06-04 23:18:25,33.0,98.66 M
2019-06-04 23:18:27,35.0,98.26 M
2019-06-04 23:18:29,23.0,100.09 M
2019-06-04 23:18:31,30.0,97.77 M
2019-06-04 23:18:33,26.0,99.73 M
2019-06-04 23:18:35,37.0,98.11 M
2019-06-04 23:18:37,22.0,98.11 M
2019-06-04 23:18:39,25.0,99.35 M
2019-06-04 23:18:41,32.0,101.63 M
2019-06-04 23:18:43,30.0,99.26 M
2019-06-04 23:18:45,21.0,100.96 M
2019-06-04 23:18:47,29.0,100.04 M
2019-06-04 23:18:49,46.9,100.27 M
2019-06-04 23:18:51,30.0,101.69 M
2019-06-04 23:18:53,37.0,100.20 M
2019-06-04 23:18:55,25.0,100.74 M
2019-06-04 23:18:57,27.0,101.00 M
2019-06-04 23:18:59,25.0,102.25 M
2019-06-04 23:19:01,33.0,102.29 M
2019-06-04 23:19:03,34.0,100.75 M
2019-06-04 23:19:05,37.0,100.43 M
2019-06-04 23:19:07,36.0,99.96 M
2019-06-04 23:19:09,39.0,100.42 M
2019-06-04 23:19:11,27.0,100.93 M
2019-06-04 23:19:13,28.0,100.04 M
2019-06-04 23:19:15,36.0,101.25 M
2019-06-04 23:19:17,37.0,101.50 M
2019-06-04 23:19:19,38.0,101.59 M
2019-06-04 23:19:21,29.0,103.00 M
2019-06-04 23:19:23,32.0,101.54 M
2019-06-04 23:19:25,33.0,100.18 M
2019-06-04 23:19:27,36.0,100.89 M
2019-06-04 23:19:29,22.0,101.00 M
2019-06-04 23:19:31,25.0,100.23 M
2019-06-04 23:19:33,29.0,100.78 M
2019-06-04 23:19:35,40.9,101.16 M
2019-06-04 23:19:37,33.0,102.50 M
2019-06-04 23:19:39,33.0,101.18 M
2019-06-04 23:19:41,38.0,100.57 M
2019-06-04 23:19:43,32.0,101.53 M
2019-06-04 23:19:45,36.0,100.14 M
2019-06-04 23:19:47,32.0,101.63 M
2019-06-04 23:19:49,37.0,103.18 M
2019-06-04 23:19:51,26.0,101.88 M
2019-06-04 23:19:53,34.0,102.10 M
2019-06-04 23:19:55,26.0,102.81 M
2019-06-04 23:19:57,39.0,102.31 M
2019-06-04 23:19:59,32.0,102.57 M
2019-06-04 23:20:01,21.0,103.16 M
2019-06-04 23:20:03,44.9,102.10 M
2019-06-04 23:20:05,27.0,103.11 M
2019-06-04 23:20:07,37.0,103.90 M
2019-06-04 23:20:09,35.0,104.85 M
2019-06-04 23:20:11,38.0,101.85 M
2019-06-04 23:20:13,40.0,101.42 M
2019-06-04 23:20:15,41.0,100.88 M
2019-06-04 23:20:17,31.0,101.25 M
2019-06-04 23:20:19,32.0,99.60 M
2019-06-04 23:20:21,32.0,100.14 M
2019-06-04 23:20:23,25.0,100.74 M
2019-06-04 23:20:25,36.0,101.95 M
2019-06-04 23:20:27,20.0,103.14 M
2019-06-04 23:20:29,31.0,103.75 M
2019-06-04 23:20:31,34.0,103.11 M
2019-06-04 23:20:33,30.0,103.20 M
2019-06-04 23:20:35,28.0,102.49 M
2019-06-04 23:20:37,35.0,102.41 M
2019-06-04 23:20:39,42.0,102.98 M
2019-06-04 23:20:41,36.0,102.43 M
2019-06-04 23:20:43,25.0,103.02 M
2019-06-04 23:20:45,30.0,102.52 M
2019-06-04 23:20:47,29.0,98.28 M
2019-06-04 23:20:49,28.0,98.28 M
2019-06-04 23:20:51,36.0,100.10 M
2019-06-04 23:20:53,31.0,102.34 M
2019-06-04 23:20:55,35.0,105.59 M
2019-06-04 23:20:57,40.9,102.84 M
2019-06-04 23:20:59,30.0,102.55 M
2019-06-04 23:21:01,38.0,103.28 M
2019-06-04 23:21:03,27.0,104.22 M
2019-06-04 23:21:05,36.0,104.26 M
2019-06-04 23:21:07,30.0,104.48 M
2019-06-04 23:21:09,32.0,104.88 M
2019-06-04 23:21:11,29.0,102.01 M
2019-06-04 23:21:13,29.0,102.03 M
2019-06-04 23:21:15,33.0,103.34 M
2019-06-04 23:21:17,30.0,103.84 M
2019-06-04 23:21:19,36.0,103.84 M
2019-06-04 23:21:22,25.0,104.27 M
2019-06-04 23:21:24,27.0,103.77 M
2019-06-04 23:21:26,41.0,101.70 M
2019-06-04 23:21:28,34.0,101.99 M
2019-06-04 23:21:30,30.0,102.25 M
2019-06-04 23:21:32,36.0,104.73 M
2019-06-04 23:21:34,22.0,103.48 M
2019-06-04 23:21:36,50.0,54.74 M
2019-06-04 23:21:38,43.9,68.26 M
2019-06-04 23:21:40,36.0,86.13 M
2019-06-04 23:21:42,32.0,90.98 M
2019-06-04 23:21:44,41.0,92.49 M
2019-06-04 23:21:46,35.0,93.62 M
2019-06-04 23:21:48,27.0,95.66 M
2019-06-04 23:21:50,33.0,95.84 M
2019-06-04 23:21:52,29.0,96.76 M
2019-06-04 23:21:54,38.0,96.96 M
2019-06-04 23:21:56,26.0,98.91 M
2019-06-04 23:21:58,32.0,98.30 M
2019-06-04 23:22:00,28.0,100.23 M
2019-06-04 23:22:02,38.0,97.05 M
2019-06-04 23:22:04,27.0,98.71 M
2019-06-04 23:22:06,27.0,97.92 M
2019-06-04 23:22:08,25.0,99.30 M
2019-06-04 23:22:10,31.0,98.57 M
2019-06-04 23:22:12,26.0,100.61 M
2019-06-04 23:22:14,29.0,96.94 M
2019-06-04 23:22:16,21.0,97.84 M
2019-06-04 23:22:18,32.0,100.45 M
2019-06-04 23:22:20,22.0,100.69 M
2019-06-04 23:22:22,21.0,101.13 M
2019-06-04 23:22:24,22.0,101.64 M
2019-06-04 23:22:26,24.0,101.10 M
2019-06-04 23:22:28,25.0,101.10 M
2019-06-04 23:22:30,22.0,101.54 M
2019-06-04 23:22:32,28.0,99.76 M
2019-06-04 23:22:34,20.0,100.68 M
2019-06-04 23:22:36,23.0,100.68 M
2019-06-04 23:22:38,21.0,99.50 M
2019-06-04 23:22:40,21.0,99.50 M
2019-06-04 23:22:42,24.0,100.47 M
2019-06-04 23:22:44,34.0,99.61 M
2019-06-04 23:22:46,20.0,100.88 M
2019-06-04 23:22:48,30.0,101.11 M
2019-06-04 23:22:50,24.0,102.17 M
2019-06-04 23:22:52,26.0,102.25 M
2019-06-04 23:22:54,23.0,105.00 M
2019-06-04 23:22:56,34.0,103.27 M
2019-06-04 23:22:58,23.0,103.95 M
2019-06-04 23:23:00,26.0,104.98 M
2019-06-04 23:23:02,17.0,104.98 M
2019-06-04 23:23:04,18.0,101.28 M
2019-06-04 23:23:06,29.0,103.26 M
2019-06-04 23:23:08,19.0,102.88 M
2019-06-04 23:23:10,25.0,102.88 M
2019-06-04 23:23:12,21.0,101.62 M
2019-06-04 23:23:14,21.0,101.62 M
2019-06-04 23:23:16,21.0,102.38 M
2019-06-04 23:23:18,19.0,102.38 M
2019-06-04 23:23:20,17.0,102.87 M
2019-06-04 23:23:22,24.0,104.70 M
2019-06-04 23:23:24,18.0,104.62 M
2019-06-04 23:23:26,19.0,105.14 M
2019-06-04 23:23:28,29.0,105.23 M
2019-06-04 23:23:30,21.0,105.48 M
2019-06-04 23:23:32,17.0,103.77 M
2019-06-04 23:23:34,21.0,105.63 M
2019-06-04 23:23:36,29.0,104.96 M
2019-06-04 23:23:38,19.0,106.70 M
2019-06-04 23:23:40,20.0,105.87 M
2019-06-04 23:23:42,26.0,108.41 M
2019-06-04 23:23:44,22.0,104.00 M
2019-06-04 23:23:46,23.0,104.00 M
2019-06-04 23:23:49,47.0,55.55 M
2019-06-04 23:23:51,33.0,67.67 M
2019-06-04 23:23:53,42.9,82.46 M
2019-06-04 23:23:55,35.0,88.07 M
2019-06-04 23:23:57,39.0,91.88 M
2019-06-04 23:23:59,34.0,92.85 M
2019-06-04 23:24:01,26.0,95.35 M
2019-06-04 23:24:03,40.0,95.60 M
2019-06-04 23:24:05,30.0,97.85 M
2019-06-04 23:24:07,25.0,97.75 M
2019-06-04 23:24:09,34.0,98.22 M
2019-06-04 23:24:11,30.0,96.97 M
2019-06-04 23:24:13,35.0,96.36 M
2019-06-04 23:24:16,35.0,96.88 M
2019-06-04 23:24:18,33.0,96.75 M
2019-06-04 23:24:20,26.0,97.87 M
2019-06-04 23:24:22,35.0,97.13 M
2019-06-04 23:24:24,29.0,97.89 M
2019-06-04 23:24:26,26.0,97.48 M
2019-06-04 23:24:28,28.0,99.89 M
2019-06-04 23:24:30,31.0,97.32 M
2019-06-04 23:24:32,29.0,98.86 M
2019-06-04 23:24:34,21.0,98.72 M
2019-06-04 23:24:36,25.0,98.72 M
2019-06-04 23:24:38,22.0,98.55 M
2019-06-04 23:24:40,28.0,98.55 M
2019-06-04 23:24:42,27.0,98.47 M
2019-06-04 23:24:44,30.0,98.68 M
2019-06-04 23:24:46,26.0,100.56 M
2019-06-04 23:24:48,27.0,100.82 M
2019-06-04 23:24:50,22.0,102.89 M
2019-06-04 23:24:52,26.0,98.80 M
2019-06-04 23:24:54,26.0,99.55 M
2019-06-04 23:24:56,34.0,98.86 M
2019-06-04 23:24:58,21.0,99.11 M
2019-06-04 23:25:00,32.0,98.68 M
2019-06-04 23:25:02,19.0,100.23 M
2019-06-04 23:25:04,31.0,100.88 M
2019-06-04 23:25:06,28.0,100.88 M
2019-06-04 23:25:08,24.0,102.71 M
2019-06-04 23:25:10,29.0,98.89 M
2019-06-04 23:25:12,24.0,100.52 M
2019-06-04 23:25:14,26.0,99.28 M
2019-06-04 23:25:16,25.0,101.13 M
2019-06-04 23:25:18,31.0,100.79 M
2019-06-04 23:25:20,17.0,102.49 M
2019-06-04 23:25:22,26.0,101.51 M
2019-06-04 23:25:24,24.0,103.54 M
2019-06-04 23:25:26,22.0,104.18 M
2019-06-04 23:25:28,24.0,104.70 M
2019-06-04 23:25:30,23.0,103.08 M
2019-06-04 23:25:32,18.0,103.33 M
2019-06-04 23:25:34,24.0,102.10 M
2019-06-04 23:25:36,20.0,102.10 M
2019-06-04 23:25:38,26.0,103.37 M
2019-06-04 23:25:40,24.0,103.37 M
2019-06-04 23:25:42,21.0,105.66 M
2019-06-04 23:25:44,23.0,105.66 M
2019-06-04 23:25:46,22.0,106.54 M
2019-06-04 23:25:48,29.0,106.79 M
2019-06-04 23:25:50,21.0,107.25 M
2019-06-04 23:25:52,29.0,105.51 M
2019-06-04 23:25:54,21.0,107.35 M
2019-06-04 23:25:56,30.0,105.88 M
2019-06-04 23:25:58,21.0,107.41 M
2019-06-04 23:26:00,31.0,105.34 M
2019-06-04 23:26:02,21.0,106.48 M
2019-06-04 23:26:04,27.0,104.29 M
2019-06-04 23:26:06,25.0,104.29 M
2019-06-04 23:26:08,28.0,104.28 M
2019-06-04 23:26:10,25.0,104.28 M
2019-06-04 23:26:12,19.0,105.89 M
2019-06-04 23:26:14,24.0,105.89 M
2019-06-04 23:26:16,24.0,105.86 M
2019-06-04 23:26:18,35.0,104.75 M
2019-06-04 23:26:20,24.0,106.79 M
2019-06-04 23:26:22,29.0,107.76 M
2019-06-04 23:26:24,25.0,109.82 M
2019-06-04 23:26:26,32.0,108.83 M
2019-06-04 23:26:28,23.0,108.83 M
2019-06-04 23:26:30,22.0,110.35 M
2019-06-04 23:26:32,26.0,110.35 M
2019-06-04 23:26:34,20.0,110.25 M
2019-06-04 23:26:36,24.0,110.50 M
2019-06-04 23:26:38,23.0,108.10 M
2019-06-04 23:26:40,25.0,108.22 M
2019-06-04 23:26:42,21.0,109.21 M
2019-06-04 23:26:44,22.0,107.70 M
2019-06-04 23:26:46,28.0,109.73 M
2019-06-04 23:26:48,33.0,106.25 M
2019-06-04 23:26:50,21.0,108.29 M
2019-06-04 23:26:52,19.0,109.91 M
2019-06-04 23:26:54,25.0,109.91 M
2019-06-04 23:26:56,19.0,111.91 M
2019-06-04 23:26:58,31.0,112.43 M
2019-06-04 23:27:00,25.0,111.42 M
2019-06-04 23:27:02,29.0,110.78 M
2019-06-04 23:27:04,25.0,112.38 M
2019-06-04 23:27:06,28.0,110.28 M
2019-06-04 23:27:08,25.0,112.59 M
2019-06-04 23:27:10,17.0,111.80 M
2019-06-04 23:27:12,23.0,111.80 M
2019-06-04 23:27:14,22.0,112.90 M
2019-06-04 23:27:16,27.0,112.90 M
2019-06-04 23:27:18,24.0,110.86 M
2019-06-04 23:27:20,28.0,110.86 M
2019-06-04 23:27:22,24.0,112.13 M
2019-06-04 23:27:24,29.0,111.45 M
2019-06-04 23:27:26,20.0,112.97 M
2019-06-04 23:27:28,30.0,112.83 M
2019-06-04 23:27:30,26.0,113.72 M
2019-06-04 23:27:33,27.0,112.81 M
2019-06-04 23:27:35,23.0,115.50 M
2019-06-04 23:27:37,28.0,112.92 M
2019-06-04 23:27:39,26.0,113.52 M
2019-06-04 23:27:41,23.0,112.57 M
2019-06-04 23:27:43,27.0,112.82 M
2019-06-04 23:27:45,26.0,114.07 M
2019-06-04 23:27:47,24.0,113.61 M
2019-06-04 23:27:49,21.0,112.48 M
2019-06-04 23:27:51,24.0,113.00 M
2019-06-04 23:27:53,25.0,112.19 M
2019-06-04 23:27:55,28.0,111.45 M
2019-06-04 23:27:57,22.0,113.37 M
2019-06-04 23:27:59,24.0,110.84 M
2019-06-04 23:28:01,28.0,111.84 M
2019-06-04 23:28:03,23.0,109.63 M
2019-06-04 23:28:05,24.0,110.14 M
2019-06-04 23:28:07,20.0,112.65 M
2019-06-04 23:28:09,25.0,112.91 M
2019-06-04 23:28:11,24.0,114.11 M
2019-06-04 23:28:13,35.0,111.33 M
2019-06-04 23:28:15,26.0,113.17 M
2019-06-04 23:28:17,25.0,112.97 M
2019-06-04 23:28:19,23.0,114.93 M
2019-06-04 23:28:21,25.0,114.98 M
2019-06-04 23:28:23,22.0,114.98 M
2019-06-04 23:28:25,19.0,116.36 M
2019-06-04 23:28:27,27.0,116.36 M
2019-06-04 23:28:29,23.0,113.98 M
2019-06-04 23:28:31,32.0,112.76 M
2019-06-04 23:28:33,19.0,114.91 M
2019-06-04 23:28:35,24.0,115.14 M
2019-06-04 23:28:37,26.0,115.38 M
2019-06-04 23:28:39,26.0,114.34 M
2019-06-04 23:28:41,21.0,116.24 M
2019-06-04 23:28:43,25.0,114.28 M
2019-06-04 23:28:45,20.0,114.53 M
2019-06-04 23:28:47,17.0,113.43 M
2019-06-04 23:28:50,74.9,69.33 M
2019-06-04 23:28:52,53.9,89.79 M
2019-06-04 23:28:54,47.0,93.77 M
2019-06-04 23:28:56,39.0,94.98 M
2019-06-04 23:28:58,43.0,96.98 M
2019-06-04 23:29:00,41.0,95.70 M
2019-06-04 23:29:02,40.0,95.55 M
2019-06-04 23:29:04,34.0,95.81 M
2019-06-04 23:29:06,34.0,98.45 M
2019-06-04 23:29:08,43.0,98.54 M
2019-06-04 23:29:10,43.9,96.46 M
2019-06-04 23:29:12,28.0,97.35 M
2019-06-04 23:29:14,38.0,98.14 M
2019-06-04 23:29:16,36.0,96.45 M
2019-06-04 23:29:18,31.0,98.48 M
2019-06-04 23:29:20,34.0,99.71 M
2019-06-04 23:29:22,34.0,97.82 M
2019-06-04 23:29:24,30.0,98.07 M
2019-06-04 23:29:26,30.0,97.70 M
2019-06-04 23:29:28,29.0,98.06 M
2019-06-04 23:29:30,38.0,99.51 M
2019-06-04 23:29:32,25.0,100.43 M
2019-06-04 23:29:34,34.0,99.85 M
2019-06-04 23:29:36,34.0,101.09 M
2019-06-04 23:29:38,25.0,100.71 M
2019-06-04 23:29:40,36.0,100.08 M
2019-06-04 23:29:42,29.0,101.30 M
2019-06-04 23:29:44,37.0,100.00 M
2019-06-04 23:29:46,28.0,97.86 M
2019-06-04 23:29:48,34.0,98.23 M
2019-06-04 23:29:50,28.0,100.34 M
2019-06-04 23:29:52,40.0,98.27 M
2019-06-04 23:29:54,38.0,98.21 M
2019-06-04 23:29:56,31.0,99.33 M
2019-06-04 23:29:58,35.0,99.13 M
2019-06-04 23:30:00,30.0,99.13 M
2019-06-04 23:30:02,31.0,98.89 M
2019-06-04 23:30:04,43.9,100.45 M
2019-06-04 23:30:06,37.0,100.30 M
2019-06-04 23:30:08,40.0,99.51 M
2019-06-04 23:30:10,44.9,99.55 M
2019-06-04 23:30:12,25.0,99.74 M
2019-06-04 23:30:14,31.0,95.83 M
2019-06-04 23:30:16,38.0,95.60 M
2019-06-04 23:30:18,36.0,97.22 M
2019-06-04 23:30:20,34.0,98.58 M
2019-06-04 23:30:22,33.0,96.84 M
2019-06-04 23:30:24,30.0,98.03 M
2019-06-04 23:30:26,37.0,98.75 M
2019-06-04 23:30:28,37.0,98.78 M
2019-06-04 23:30:30,28.0,99.04 M
2019-06-04 23:30:32,31.0,99.12 M
2019-06-04 23:30:34,33.0,98.07 M
2019-06-04 23:30:36,25.0,99.82 M
2019-06-04 23:30:38,29.0,98.15 M
2019-06-04 23:30:40,39.0,97.13 M
2019-06-04 23:30:42,41.0,97.37 M
2019-06-04 23:30:44,30.0,97.37 M
2019-06-04 23:30:47,35.0,99.38 M
2019-06-04 23:30:49,30.0,99.63 M
2019-06-04 23:30:51,36.0,100.07 M
2019-06-04 23:30:53,26.0,97.62 M
2019-06-04 23:30:55,34.0,97.58 M
2019-06-04 23:30:57,35.0,98.32 M
2019-06-04 23:30:59,34.0,98.60 M
2019-06-04 23:31:01,31.0,100.53 M
2019-06-04 23:31:03,36.0,98.76 M
2019-06-04 23:31:05,26.0,101.29 M
2019-06-04 23:31:07,29.0,102.79 M
2019-06-04 23:31:09,38.0,97.31 M
2019-06-04 23:31:11,32.0,97.31 M
2019-06-04 23:31:13,31.0,99.37 M
2019-06-04 23:31:15,36.0,99.19 M
2019-06-04 23:31:17,28.0,100.63 M
2019-06-04 23:31:19,31.0,102.37 M
2019-06-04 23:31:21,35.0,100.58 M
2019-06-04 23:31:23,37.0,101.30 M
2019-06-04 23:31:25,19.0,100.84 M
2019-06-04 23:31:27,31.0,101.22 M
2019-06-04 23:31:29,29.0,101.29 M
2019-06-04 23:31:31,26.0,99.03 M
2019-06-04 23:31:33,31.0,97.00 M
2019-06-04 23:31:35,27.0,97.26 M
2019-06-04 23:31:37,38.0,98.09 M
2019-06-04 23:31:39,28.0,98.69 M
2019-06-04 23:31:41,33.0,99.68 M
2019-06-04 23:31:43,37.0,99.19 M
2019-06-04 23:31:45,32.0,100.03 M
2019-06-04 23:31:47,34.0,100.62 M
2019-06-04 23:31:49,34.0,99.89 M
2019-06-04 23:31:51,32.0,100.15 M
2019-06-04 23:31:53,30.0,98.70 M
2019-06-04 23:31:55,35.0,98.81 M
2019-06-04 23:31:57,26.0,99.29 M
2019-06-04 23:31:59,26.0,99.15 M
2019-06-04 23:32:01,37.0,99.02 M
2019-06-04 23:32:03,26.0,100.75 M
2019-06-04 23:32:05,35.0,100.68 M
2019-06-04 23:32:07,28.0,100.75 M
2019-06-04 23:32:09,28.0,101.13 M
2019-06-04 23:32:11,38.0,100.80 M
2019-06-04 23:32:13,34.0,100.19 M
2019-06-04 23:32:15,32.0,101.46 M
2019-06-04 23:32:17,31.0,101.02 M
2019-06-04 23:32:19,35.0,98.74 M
2019-06-04 23:32:21,37.0,99.15 M
2019-06-04 23:32:23,21.0,99.31 M
2019-06-04 23:32:25,28.0,100.03 M
2019-06-04 23:32:27,36.0,102.02 M
2019-06-04 23:32:29,32.0,101.44 M
2019-06-04 23:32:31,40.0,100.17 M
2019-06-04 23:32:33,32.0,100.16 M
2019-06-04 23:32:35,26.0,101.04 M
2019-06-04 23:32:37,30.0,102.21 M
2019-06-04 23:32:39,38.0,102.97 M
2019-06-04 23:32:41,34.0,102.58 M
2019-06-04 23:32:43,24.0,104.03 M
2019-06-04 23:32:45,28.0,102.88 M
2019-06-04 23:32:47,26.0,103.31 M
2019-06-04 23:32:49,33.0,103.26 M
2019-06-04 23:32:51,34.0,100.22 M
2019-06-04 23:32:53,39.0,100.83 M
2019-06-04 23:32:55,34.0,101.82 M
2019-06-04 23:32:57,26.0,103.24 M
2019-06-04 23:32:59,38.0,103.66 M
2019-06-04 23:33:01,23.0,104.69 M
2019-06-04 23:33:03,26.0,103.08 M
2019-06-04 23:33:05,39.0,103.26 M
2019-06-04 23:33:07,28.0,104.50 M
2019-06-04 23:33:09,36.0,102.41 M
2019-06-04 23:33:11,30.0,102.84 M
2019-06-04 23:33:13,28.0,104.27 M
2019-06-04 23:33:15,28.0,102.46 M
2019-06-04 23:33:17,36.0,103.86 M
2019-06-04 23:33:19,33.0,103.86 M
2019-06-04 23:33:21,39.0,103.66 M
2019-06-04 23:33:23,38.0,103.58 M
2019-06-04 23:33:25,31.0,103.83 M
2019-06-04 23:33:27,33.0,102.52 M
2019-06-04 23:33:29,33.0,102.32 M
2019-06-04 23:33:31,42.0,102.86 M
2019-06-04 23:33:33,28.0,103.21 M
2019-06-04 23:33:35,37.0,105.68 M
2019-06-04 23:33:37,34.0,106.04 M
2019-06-04 23:33:39,30.0,106.88 M
2019-06-04 23:33:41,31.0,107.26 M
2019-06-04 23:33:43,39.0,106.01 M
2019-06-04 23:33:45,26.0,106.55 M
2019-06-04 23:33:47,29.0,107.99 M
2019-06-04 23:33:52,57.0,60.38 M
2019-06-04 23:33:54,47.9,68.79 M
2019-06-04 23:33:56,41.0,86.27 M
2019-06-04 23:33:58,31.0,91.07 M
2019-06-04 23:34:00,37.0,91.57 M
2019-06-04 23:34:02,27.0,93.78 M
2019-06-04 23:34:04,40.0,95.20 M
2019-06-04 23:34:06,33.0,97.22 M
2019-06-04 23:34:08,40.0,95.60 M
2019-06-04 23:34:10,38.0,97.52 M
2019-06-04 23:34:12,30.0,97.29 M
2019-06-04 23:34:14,36.0,98.50 M
2019-06-04 23:34:16,29.0,98.74 M
2019-06-04 23:34:18,31.0,97.41 M
2019-06-04 23:34:20,34.0,98.12 M
2019-06-04 23:34:22,31.0,96.98 M
2019-06-04 23:34:24,26.0,98.89 M
2019-06-04 23:34:26,36.0,97.71 M
2019-06-04 23:34:28,21.0,99.35 M
2019-06-04 23:34:30,30.0,99.17 M
2019-06-04 23:34:32,31.0,99.17 M
2019-06-04 23:34:34,26.0,101.26 M
2019-06-04 23:34:36,31.0,100.12 M
2019-06-04 23:34:38,32.0,100.88 M
2019-06-04 23:34:40,24.0,101.41 M
2019-06-04 23:34:42,23.0,101.41 M
2019-06-04 23:34:44,29.0,99.79 M
2019-06-04 23:34:46,31.0,99.87 M
2019-06-04 23:34:48,24.0,102.05 M
2019-06-04 23:34:50,34.0,99.83 M
2019-06-04 23:34:52,25.0,100.43 M
2019-06-04 23:34:54,24.0,100.10 M
2019-06-04 23:34:56,26.0,100.36 M
2019-06-04 23:34:58,21.0,100.04 M
2019-06-04 23:35:00,26.0,100.29 M
2019-06-04 23:35:02,34.0,102.34 M
2019-06-04 23:35:04,34.0,102.48 M
2019-06-04 23:35:06,29.0,103.64 M
2019-06-04 23:35:08,22.0,104.33 M
2019-06-04 23:35:10,29.0,104.33 M
2019-06-04 23:35:12,25.0,101.48 M
2019-06-04 23:35:14,28.0,101.00 M
2019-06-04 23:35:16,32.0,102.42 M
2019-06-04 23:35:18,32.0,100.36 M
2019-06-04 23:35:20,30.0,100.99 M
2019-06-04 23:35:22,22.0,103.23 M
2019-06-04 23:35:24,32.0,103.23 M
2019-06-04 23:35:26,20.0,102.43 M
2019-06-04 23:35:28,31.0,102.87 M
2019-06-04 23:35:30,26.0,104.34 M
2019-06-04 23:35:32,27.0,103.93 M
2019-06-04 23:35:34,21.0,105.14 M
2019-06-04 23:35:36,29.0,105.43 M
2019-06-04 23:35:38,32.0,107.16 M
2019-06-04 23:35:40,24.0,106.07 M
2019-06-04 23:35:42,28.0,106.33 M
2019-06-04 23:35:44,28.0,107.40 M
2019-06-04 23:35:46,29.0,105.25 M
2019-06-04 23:35:48,24.0,105.50 M
2019-06-04 23:35:50,33.0,104.52 M
2019-06-04 23:35:52,28.0,106.46 M
2019-06-04 23:35:54,31.0,105.22 M
2019-06-04 23:35:56,25.0,106.37 M
2019-06-04 23:35:58,21.0,107.59 M
2019-06-04 23:36:00,29.0,107.84 M
2019-06-04 23:36:02,30.0,108.67 M
2019-06-04 23:36:04,34.0,106.93 M
2019-06-04 23:36:06,25.0,108.18 M
2019-06-04 23:36:08,36.0,108.20 M
2019-06-04 23:36:10,28.0,108.45 M
2019-06-04 23:36:12,25.0,107.98 M
2019-06-04 23:36:14,21.0,108.48 M
2019-06-04 23:36:16,21.0,107.38 M
2019-06-04 23:36:18,35.0,107.89 M
2019-06-04 23:36:20,20.0,106.32 M
2019-06-04 23:36:22,31.0,104.86 M
2019-06-04 23:36:24,22.0,107.00 M
2019-06-04 23:36:26,30.0,106.36 M
2019-06-04 23:36:28,22.0,106.47 M
2019-06-04 23:36:30,31.0,104.93 M
2019-06-04 23:36:32,22.0,106.26 M
2019-06-04 23:36:34,32.0,105.74 M
2019-06-04 23:36:36,23.0,106.24 M
2019-06-04 23:36:38,24.0,108.18 M
2019-06-04 23:36:40,31.0,108.42 M
2019-06-04 23:36:42,24.0,109.60 M
2019-06-04 23:36:44,23.0,109.60 M
2019-06-04 23:36:46,18.0,108.02 M
2019-06-04 23:36:48,33.0,104.21 M
2019-06-04 23:36:50,21.0,105.16 M
2019-06-04 23:36:52,31.0,105.18 M
2019-06-04 23:36:54,27.0,105.78 M
2019-06-04 23:36:56,24.0,106.26 M
2019-06-04 23:36:58,32.0,107.96 M
2019-06-04 23:37:00,29.0,107.55 M
2019-06-04 23:37:03,32.0,107.62 M
2019-06-04 23:37:05,35.0,107.17 M
2019-06-04 23:37:07,25.0,109.61 M
2019-06-04 23:37:09,25.0,108.23 M
2019-06-04 23:37:11,20.0,108.23 M
2019-06-04 23:37:13,25.0,110.41 M
2019-06-04 23:37:15,24.0,110.66 M
2019-06-04 23:37:17,21.0,109.03 M
2019-06-04 23:37:19,27.0,109.03 M
2019-06-04 23:37:21,21.0,110.00 M
2019-06-04 23:37:23,24.0,110.00 M
2019-06-04 23:37:25,24.0,107.23 M
2019-06-04 23:37:27,19.0,108.25 M
2019-06-04 23:37:29,25.0,109.60 M
2019-06-04 23:37:31,38.0,108.11 M
2019-06-04 23:37:33,25.0,109.04 M
2019-06-04 23:37:35,24.0,108.22 M
2019-06-04 23:37:37,25.0,109.85 M
2019-06-04 23:37:39,25.0,109.18 M
2019-06-04 23:37:41,29.0,109.42 M
2019-06-04 23:37:43,27.0,110.30 M
2019-06-04 23:37:45,34.0,108.50 M
2019-06-04 23:37:47,30.0,108.75 M
2019-06-04 23:37:49,26.0,109.94 M
2019-06-04 23:37:51,22.0,109.94 M
2019-06-04 23:37:53,24.0,111.59 M
2019-06-04 23:37:55,34.0,110.84 M
2019-06-04 23:37:57,23.0,112.38 M
2019-06-04 23:37:59,33.0,112.32 M
2019-06-04 23:38:01,19.0,112.32 M
2019-06-04 23:38:03,24.0,114.17 M
2019-06-04 23:38:05,24.0,114.17 M
2019-06-04 23:38:07,26.0,112.70 M
2019-06-04 23:38:09,27.0,111.27 M
2019-06-04 23:38:11,25.0,112.58 M
2019-06-04 23:38:13,25.0,111.32 M
2019-06-04 23:38:15,29.0,111.32 M
2019-06-04 23:38:17,20.0,113.52 M
2019-06-04 23:38:19,27.0,112.20 M
2019-06-04 23:38:21,27.0,113.20 M
2019-06-04 23:38:23,25.0,113.39 M
2019-06-04 23:38:25,28.0,114.60 M
2019-06-04 23:38:27,22.0,111.64 M
2019-06-04 23:38:29,25.0,111.64 M
2019-06-04 23:38:31,25.0,111.32 M
2019-06-04 23:38:33,22.0,111.32 M
2019-06-04 23:38:35,23.0,113.70 M
2019-06-04 23:38:37,26.0,113.18 M
2019-06-04 23:38:39,23.0,115.41 M
2019-06-04 23:38:41,24.0,113.96 M
2019-06-04 23:38:43,27.0,113.96 M
2019-06-04 23:38:45,24.0,113.81 M
2019-06-04 23:38:47,21.0,113.81 M
2019-06-04 23:38:49,24.0,116.21 M
2019-06-04 23:38:52,57.9,58.68 M
2019-06-04 23:38:54,45.9,69.07 M
2019-06-04 23:38:56,41.9,88.19 M
2019-06-04 23:38:58,37.0,92.27 M
2019-06-04 23:39:00,33.0,92.39 M
2019-06-04 23:39:02,35.0,93.13 M
2019-06-04 23:39:04,29.0,95.84 M
2019-06-04 23:39:06,32.0,97.05 M
2019-06-04 23:39:08,24.0,97.28 M
2019-06-04 23:39:10,28.0,98.32 M
2019-06-04 23:39:12,27.0,98.32 M
2019-06-04 23:39:14,36.0,97.62 M
2019-06-04 23:39:16,29.0,97.62 M
2019-06-04 23:39:18,35.0,99.48 M
2019-06-04 23:39:20,35.0,98.06 M
2019-06-04 23:39:22,30.0,98.81 M
2019-06-04 23:39:24,41.0,99.14 M
2019-06-04 23:39:26,24.0,101.69 M
2019-06-04 23:39:28,29.0,100.53 M
2019-06-04 23:39:30,30.0,100.53 M
2019-06-04 23:39:32,20.0,98.76 M
2019-06-04 23:39:34,30.0,98.64 M
2019-06-04 23:39:36,27.0,100.42 M
2019-06-04 23:39:38,21.0,99.48 M
2019-06-04 23:39:40,23.0,101.12 M
2019-06-04 23:39:42,23.0,101.21 M
2019-06-04 23:39:44,21.0,101.21 M
2019-06-04 23:39:46,26.0,103.81 M
2019-06-04 23:39:48,20.0,103.81 M
2019-06-04 23:39:50,28.0,102.05 M
2019-06-04 23:39:52,30.0,101.36 M
2019-06-04 23:39:54,22.0,103.75 M
2019-06-04 23:39:56,24.0,102.54 M
2019-06-04 23:39:58,24.0,103.72 M
2019-06-04 23:40:00,30.0,102.08 M
2019-06-04 23:40:02,25.0,104.06 M
2019-06-04 23:40:04,27.0,103.55 M
2019-06-04 23:40:06,23.0,105.32 M
2019-06-04 23:40:09,26.0,105.60 M
2019-06-04 23:40:11,21.0,107.61 M
2019-06-04 23:40:13,37.0,103.61 M
2019-06-04 23:40:15,18.0,105.55 M
2019-06-04 23:40:17,32.0,105.54 M
2019-06-04 23:40:19,18.0,106.05 M
2019-06-04 23:40:21,20.0,107.68 M
2019-06-04 23:40:23,24.0,107.68 M
2019-06-04 23:40:25,20.0,107.99 M
2019-06-04 23:40:27,22.0,108.51 M
2019-06-04 23:40:29,23.0,108.59 M
2019-06-04 23:40:31,21.0,108.59 M
2019-06-04 23:40:33,30.0,107.93 M
2019-06-04 23:40:35,34.0,106.15 M
2019-06-04 23:40:37,23.0,107.59 M
2019-06-04 23:40:39,28.0,106.70 M
2019-06-04 23:40:41,25.0,109.66 M
2019-06-04 23:40:43,23.0,107.36 M
2019-06-04 23:40:45,29.0,106.65 M
2019-06-04 23:40:47,25.0,107.76 M
2019-06-04 23:40:49,29.0,107.99 M
2019-06-04 23:40:51,21.0,109.79 M
2019-06-04 23:40:53,32.0,106.20 M
2019-06-04 23:40:55,20.0,107.63 M
2019-06-04 23:40:57,29.0,107.13 M
2019-06-04 23:40:59,11.0,108.92 M
2019-06-04 23:41:01,32.0,106.18 M
2019-06-04 23:41:03,23.0,108.33 M
2019-06-04 23:41:05,19.0,106.92 M
2019-06-04 23:41:07,28.0,106.92 M
2019-06-04 23:41:09,20.0,107.52 M
2019-06-04 23:41:11,27.0,106.81 M
2019-06-04 23:41:13,23.0,107.72 M
2019-06-04 23:41:15,21.0,105.32 M
2019-06-04 23:41:17,22.0,107.36 M
2019-06-04 23:41:19,27.0,105.30 M
2019-06-04 23:41:21,23.0,107.47 M
2019-06-04 23:41:23,30.0,105.52 M
2019-06-04 23:41:25,22.0,106.89 M
2019-06-04 23:41:27,26.0,106.84 M
2019-06-04 23:41:29,25.0,107.59 M
2019-06-04 23:41:31,22.0,108.36 M
2019-06-04 23:41:33,21.0,108.36 M
2019-06-04 23:41:35,21.0,108.29 M
2019-06-04 23:41:37,33.0,106.84 M
2019-06-04 23:41:39,22.0,108.74 M
2019-06-04 23:41:41,27.0,107.73 M
2019-06-04 23:41:43,20.0,109.78 M
2019-06-04 23:41:45,34.0,109.73 M
2019-06-04 23:41:47,23.0,109.73 M
2019-06-04 23:41:49,19.0,110.53 M
2019-06-04 23:41:51,26.0,110.53 M
2019-06-04 23:41:53,20.0,111.53 M
2019-06-04 23:41:55,18.0,111.53 M
2019-06-04 23:41:57,25.0,109.55 M
2019-06-04 23:41:59,27.0,109.55 M
2019-06-04 23:42:01,28.0,111.71 M
2019-06-04 23:42:03,17.0,111.71 M
2019-06-04 23:42:05,18.0,111.93 M
2019-06-04 23:42:07,30.0,111.79 M
2019-06-04 23:42:09,19.0,113.07 M
2019-06-04 23:42:11,34.0,112.11 M
2019-06-04 23:42:13,20.0,113.63 M
2019-06-04 23:42:15,23.0,110.22 M
2019-06-04 23:42:17,26.0,110.22 M
2019-06-04 23:42:19,29.0,110.55 M
2019-06-04 23:42:21,17.0,112.45 M
2019-06-04 23:42:23,22.0,111.32 M
2019-06-04 23:42:25,25.0,112.86 M
2019-06-04 23:42:27,36.0,114.14 M
2019-06-04 23:42:29,18.0,114.66 M
2019-06-04 23:42:31,21.0,113.96 M
2019-06-04 23:42:33,25.0,114.74 M
2019-06-04 23:42:35,19.0,117.24 M
2019-06-04 23:42:37,21.0,117.24 M
2019-06-04 23:42:39,21.0,118.03 M
2019-06-04 23:42:41,26.0,118.26 M
2019-06-04 23:42:43,21.0,119.80 M
2019-06-04 23:42:45,33.0,117.79 M
2019-06-04 23:42:47,21.0,119.49 M
2019-06-04 23:42:49,33.0,117.07 M
2019-06-04 23:42:51,25.0,118.99 M
2019-06-04 23:42:53,36.0,119.25 M
2019-06-04 23:42:55,25.0,121.02 M
2019-06-04 23:42:57,28.0,119.91 M
2019-06-04 23:42:59,22.0,121.63 M
2019-06-04 23:43:01,31.0,120.86 M
2019-06-04 23:43:03,18.0,123.01 M
2019-06-04 23:43:05,31.0,119.90 M
2019-06-04 23:43:07,13.0,121.52 M
2019-06-04 23:43:09,19.0,121.52 M
2019-06-04 23:43:11,27.0,118.52 M
2019-06-04 23:43:13,23.0,120.03 M
2019-06-04 23:43:15,26.0,118.57 M
2019-06-04 23:43:17,23.0,120.42 M
2019-06-04 23:43:19,25.0,119.56 M
2019-06-04 23:43:21,22.0,120.78 M
2019-06-04 23:43:23,29.0,120.13 M
2019-06-04 23:43:26,16.0,121.66 M
2019-06-04 23:43:28,17.0,121.66 M
2019-06-04 23:43:30,19.0,122.56 M
2019-06-04 23:43:32,15.0,122.56 M
2019-06-04 23:43:34,26.0,118.04 M
2019-06-04 23:43:36,18.0,119.49 M
2019-06-04 23:43:38,30.0,119.71 M
2019-06-04 23:43:40,23.0,121.78 M
2019-06-04 23:43:42,29.0,121.92 M
2019-06-04 23:43:44,20.0,123.62 M
2019-06-04 23:43:46,30.0,121.63 M
2019-06-04 23:43:48,25.0,121.63 M
2019-06-04 23:43:50,30.0,121.80 M
2019-06-04 23:43:53,49.9,57.94 M
2019-06-04 23:43:55,48.0,69.12 M
2019-06-04 23:43:57,34.0,84.95 M
2019-06-04 23:43:59,41.0,90.01 M
2019-06-04 23:44:01,37.0,92.23 M
2019-06-04 23:44:05,48.0,54.41 M
2019-06-04 23:44:07,52.9,68.28 M
2019-06-04 23:44:09,42.0,87.06 M
2019-06-04 23:44:11,32.0,91.06 M
2019-06-04 23:44:13,31.0,91.91 M
2019-06-04 23:44:15,33.0,94.36 M
2019-06-04 23:44:17,37.0,93.95 M
2019-06-04 23:44:19,29.0,95.88 M
2019-06-04 23:44:21,43.0,96.46 M
2019-06-04 23:44:23,27.0,97.67 M
2019-06-04 23:44:25,28.0,99.80 M
2019-06-04 23:44:27,32.0,99.80 M
2019-06-04 23:44:29,26.0,98.88 M
2019-06-04 23:44:31,42.0,97.68 M
2019-06-04 23:44:33,26.0,99.88 M
2019-06-04 23:44:35,27.0,97.94 M
2019-06-04 23:44:37,24.0,99.08 M
2019-06-04 23:44:39,30.0,97.70 M
2019-06-04 23:44:41,34.0,98.61 M
2019-06-04 23:44:43,23.0,97.93 M
2019-06-04 23:44:45,22.0,97.93 M
2019-06-04 23:44:47,25.0,99.42 M
2019-06-04 23:44:49,30.0,99.42 M
2019-06-04 23:44:51,29.0,98.27 M
2019-06-04 23:44:53,35.0,97.72 M
2019-06-04 23:44:55,23.0,98.35 M
2019-06-04 23:44:57,34.0,98.18 M
2019-06-04 23:44:59,30.0,98.42 M
2019-06-04 23:45:01,21.0,101.52 M
2019-06-04 23:45:03,23.0,101.52 M
2019-06-04 23:45:05,22.0,99.82 M
2019-06-04 23:45:07,25.0,100.07 M
2019-06-04 23:45:09,26.0,100.67 M
2019-06-04 23:45:11,26.0,100.93 M
2019-06-04 23:45:13,30.0,98.52 M
2019-06-04 23:45:15,33.0,98.69 M
2019-06-04 23:45:17,27.0,100.74 M
2019-06-04 23:45:19,27.0,99.34 M
2019-06-04 23:45:21,29.0,99.84 M
2019-06-04 23:45:23,27.0,102.37 M
2019-06-04 23:45:25,37.0,100.83 M
2019-06-04 23:45:27,24.0,101.79 M
2019-06-04 23:45:29,34.0,101.19 M
2019-06-04 23:45:31,27.0,101.81 M
2019-06-04 23:45:33,28.0,100.60 M
2019-06-04 23:45:35,30.0,102.35 M
2019-06-04 23:45:37,21.0,100.94 M
2019-06-04 23:45:39,25.0,100.94 M
2019-06-04 23:45:41,20.0,100.89 M
2019-06-04 23:45:43,26.0,101.05 M
2019-06-04 23:45:45,28.0,102.55 M
2019-06-04 23:45:47,32.0,101.79 M
2019-06-04 23:45:49,27.0,101.79 M
2019-06-04 23:45:51,30.0,101.67 M
2019-06-04 23:45:53,26.0,103.37 M
2019-06-04 23:45:55,27.0,103.59 M
2019-06-04 23:45:57,23.0,104.08 M
2019-06-04 23:45:59,21.0,102.55 M
2019-06-04 23:46:01,24.0,102.55 M
2019-06-04 23:46:03,25.0,102.81 M
2019-06-04 23:46:05,37.0,103.30 M
2019-06-04 23:46:08,26.0,105.27 M
2019-06-04 23:46:10,23.0,103.23 M
2019-06-04 23:46:12,26.0,103.23 M
2019-06-04 23:46:14,23.0,101.73 M
2019-06-04 23:46:16,22.0,101.73 M
2019-06-04 23:46:18,28.0,103.79 M
2019-06-04 23:46:20,25.0,103.79 M
2019-06-04 23:46:22,29.0,103.86 M
2019-06-04 23:46:24,29.0,103.05 M
2019-06-04 23:46:26,28.0,105.25 M
2019-06-04 23:46:28,28.0,103.61 M
2019-06-04 23:46:30,22.0,104.31 M
2019-06-04 23:46:32,22.0,104.35 M
2019-06-04 23:46:34,26.0,106.38 M
2019-06-04 23:46:36,35.0,104.75 M
2019-06-04 23:46:38,24.0,104.75 M
2019-06-04 23:46:40,27.0,106.49 M
2019-06-04 23:46:42,22.0,106.49 M
2019-06-04 23:46:44,27.0,104.61 M
2019-06-04 23:46:46,37.0,102.76 M
2019-06-04 23:46:48,20.0,104.80 M
2019-06-04 23:46:50,29.0,104.98 M
2019-06-04 23:46:52,31.0,106.50 M
2019-06-04 23:46:54,28.0,105.90 M
2019-06-04 23:46:56,28.0,107.55 M
2019-06-04 23:46:58,20.0,107.04 M
2019-06-04 23:47:00,23.0,107.04 M
2019-06-04 23:47:02,26.0,106.17 M
2019-06-04 23:47:04,30.0,105.13 M
2019-06-04 23:47:06,27.0,106.41 M
2019-06-04 23:47:08,30.0,105.18 M
2019-06-04 23:47:10,25.0,105.44 M
2019-06-04 23:47:12,29.0,104.81 M
2019-06-04 23:47:14,29.0,106.71 M
2019-06-04 23:47:16,23.0,107.18 M
2019-06-04 23:47:18,25.0,107.18 M
2019-06-04 23:47:20,23.0,105.57 M
2019-06-04 23:47:22,30.0,105.74 M
2019-06-04 23:47:24,26.0,106.00 M
2019-06-04 23:47:26,29.0,106.95 M
2019-06-04 23:47:28,32.0,109.23 M
2019-06-04 23:47:30,29.0,106.98 M
2019-06-04 23:47:32,26.0,106.98 M
2019-06-04 23:47:34,30.0,107.00 M
2019-06-04 23:47:36,20.0,107.62 M
2019-06-04 23:47:38,37.0,107.91 M
2019-06-04 23:47:40,30.0,109.18 M
2019-06-04 23:47:42,25.0,110.04 M
2019-06-04 23:47:44,22.0,110.04 M
2019-06-04 23:47:46,25.0,109.39 M
2019-06-04 23:47:48,24.0,109.39 M
2019-06-04 23:47:50,31.0,111.04 M
2019-06-04 23:47:52,33.0,108.89 M
2019-06-04 23:47:54,24.0,109.66 M
2019-06-04 23:47:56,25.0,109.66 M
2019-06-04 23:47:58,20.0,109.66 M
2019-06-04 23:48:00,23.0,109.23 M
2019-06-04 23:48:02,27.0,109.49 M
2019-06-04 23:48:04,23.0,110.58 M
2019-06-04 23:48:06,32.0,108.54 M
2019-06-04 23:48:08,23.0,108.54 M
2019-06-04 23:48:10,25.0,109.17 M
2019-06-04 23:48:12,27.0,111.21 M
2019-06-04 23:48:14,35.0,105.85 M
2019-06-04 23:48:16,27.0,106.46 M
2019-06-04 23:48:18,21.0,106.96 M
2019-06-04 23:48:20,25.0,108.91 M
2019-06-04 23:48:22,21.0,109.30 M
2019-06-04 23:48:24,27.0,109.30 M
2019-06-04 23:48:26,30.0,111.17 M
2019-06-04 23:48:28,32.0,108.54 M
2019-06-04 23:48:30,28.0,108.80 M
2019-06-04 23:48:32,21.0,110.45 M
2019-06-04 23:48:34,25.0,110.45 M
2019-06-04 23:48:36,27.0,111.14 M
2019-06-04 23:48:38,28.0,111.65 M
2019-06-04 23:48:40,35.0,108.75 M
2019-06-04 23:48:42,31.0,109.15 M
2019-06-04 23:48:44,25.0,111.57 M
2019-06-04 23:48:46,33.0,109.98 M
2019-06-04 23:48:48,24.0,110.74 M
2019-06-04 23:48:50,22.0,111.25 M
2019-06-04 23:48:52,21.0,111.25 M
2019-06-04 23:48:54,24.0,111.40 M
2019-06-04 23:48:56,22.0,111.40 M
2019-06-04 23:48:58,27.0,112.70 M
2019-06-04 23:49:00,26.0,111.69 M
2019-06-04 23:49:02,24.0,111.79 M
2019-06-04 23:49:05,59.9,58.13 M
2019-06-04 23:49:07,44.9,67.43 M
2019-06-04 23:49:09,42.0,83.78 M
2019-06-04 23:49:11,30.0,89.07 M
2019-06-04 23:49:13,36.0,91.63 M
2019-06-04 23:49:16,15.0,92.36 M
2019-06-04 23:49:18,24.0,95.11 M
2019-06-04 23:49:20,34.0,95.62 M
2019-06-04 23:49:22,23.0,95.83 M
2019-06-04 23:49:24,29.0,95.94 M
2019-06-04 23:49:26,28.0,98.39 M
2019-06-04 23:49:28,24.0,98.59 M
2019-06-04 23:49:30,53.9,62.00 M
2019-06-04 23:49:32,49.9,77.65 M
2019-06-04 23:49:34,43.9,88.88 M
2019-06-04 23:49:36,35.0,88.26 M
2019-06-04 23:49:38,37.0,91.00 M
2019-06-04 23:49:40,34.0,93.23 M
2019-06-04 23:49:42,40.0,94.23 M
2019-06-04 23:49:44,33.0,93.73 M
2019-06-04 23:49:46,46.0,96.25 M
2019-06-04 23:49:48,41.0,98.02 M
2019-06-04 23:49:50,33.0,97.65 M
2019-06-04 23:49:52,37.0,96.58 M
2019-06-04 23:49:54,35.0,98.52 M
2019-06-04 23:49:56,37.0,97.80 M
2019-06-04 23:49:58,45.9,98.25 M
2019-06-04 23:50:00,40.0,99.11 M
2019-06-04 23:50:02,30.0,100.50 M
2019-06-04 23:50:04,34.0,100.36 M
2019-06-04 23:50:06,31.0,99.08 M
2019-06-04 23:50:08,31.0,99.15 M
2019-06-04 23:50:10,33.0,100.73 M
2019-06-04 23:50:12,35.0,99.86 M
2019-06-04 23:50:14,27.0,99.86 M
2019-06-04 23:50:16,30.0,98.64 M
2019-06-04 23:50:18,33.0,100.72 M
2019-06-04 23:50:20,34.0,98.99 M
2019-06-04 23:50:22,37.0,99.38 M
2019-06-04 23:50:24,55.0,60.03 M
2019-06-04 23:50:26,51.9,71.10 M
2019-06-04 23:50:28,47.0,87.99 M
2019-06-04 23:50:30,31.0,93.04 M
2019-06-04 23:50:32,45.0,92.72 M
2019-06-04 23:50:34,33.0,94.51 M
2019-06-04 23:50:36,28.0,95.89 M
2019-06-04 23:50:38,35.0,95.45 M
2019-06-04 23:50:40,27.0,98.14 M
2019-06-04 23:50:42,34.0,98.95 M
2019-06-04 23:50:44,36.0,96.82 M
2019-06-04 23:50:46,48.9,96.73 M
2019-06-04 23:50:48,29.0,97.71 M
2019-06-04 23:50:50,31.0,98.96 M
2019-06-04 23:50:52,31.0,96.25 M
2019-06-04 23:50:54,26.0,97.88 M
2019-06-04 23:50:56,34.0,96.55 M
2019-06-04 23:50:58,36.0,96.63 M
2019-06-04 23:51:00,26.0,98.41 M
2019-06-04 23:51:02,35.0,98.40 M
2019-06-04 23:51:04,34.0,101.05 M
2019-06-04 23:51:06,27.0,101.56 M
2019-06-04 23:51:08,27.0,102.99 M
2019-06-04 23:51:10,31.0,100.88 M
2019-06-04 23:51:12,35.0,98.68 M
2019-06-04 23:51:14,29.0,99.49 M
2019-06-04 23:51:16,29.0,100.58 M
2019-06-04 23:51:18,38.0,100.36 M
2019-06-04 23:51:20,35.0,99.69 M
2019-06-04 23:51:22,26.0,101.40 M
2019-06-04 23:51:24,34.0,101.90 M
2019-06-04 23:51:26,33.0,99.79 M
2019-06-04 23:51:28,29.0,101.37 M
2019-06-04 23:51:30,32.0,101.99 M
2019-06-04 23:51:32,35.0,102.82 M
2019-06-04 23:51:34,27.0,102.82 M
2019-06-04 23:51:36,31.0,103.16 M
2019-06-04 23:51:38,29.0,104.55 M
2019-06-04 23:51:40,32.0,104.14 M
2019-06-04 23:51:42,22.0,105.88 M
2019-06-04 23:51:44,31.0,105.77 M
2019-06-04 23:51:46,30.0,105.95 M
2019-06-04 23:51:48,28.0,106.20 M
2019-06-04 23:51:50,28.0,105.55 M
2019-06-04 23:51:52,36.0,106.70 M
2019-06-04 23:51:54,34.0,105.16 M
2019-06-04 23:51:57,36.0,107.09 M
2019-06-04 23:51:59,28.0,108.30 M
2019-06-04 23:52:02,56.9,61.59 M
2019-06-04 23:52:04,57.0,78.86 M
2019-06-04 23:52:06,50.0,90.43 M
2019-06-04 23:52:08,32.0,93.49 M
2019-06-04 23:52:10,36.0,93.91 M
2019-06-04 23:52:12,52.9,93.71 M
2019-06-04 23:52:14,44.0,94.34 M
2019-06-04 23:52:16,35.0,95.77 M
2019-06-04 23:52:18,40.0,96.05 M
2019-06-04 23:52:20,50.0,96.43 M
2019-06-04 23:52:22,36.0,98.57 M
2019-06-04 23:52:24,36.0,96.32 M
2019-06-04 23:52:26,41.9,98.86 M
2019-06-04 23:52:28,43.9,99.57 M
2019-06-04 23:52:30,27.0,101.26 M
2019-06-04 23:52:32,34.0,98.04 M
2019-06-04 23:52:34,34.0,98.62 M
2019-06-04 23:52:36,38.0,101.29 M
2019-06-04 23:52:38,37.0,99.25 M
2019-06-04 23:52:40,33.0,99.85 M
2019-06-04 23:52:42,28.0,99.94 M
2019-06-04 23:52:44,27.0,99.45 M
2019-06-04 23:52:46,40.0,98.64 M
2019-06-04 23:52:48,45.0,98.98 M
2019-06-04 23:52:50,38.0,100.17 M
2019-06-04 23:52:52,35.0,99.15 M
2019-06-04 23:52:54,30.0,99.68 M
2019-06-04 23:52:56,33.0,100.31 M
2019-06-04 23:52:58,40.0,99.47 M
2019-06-04 23:53:00,39.0,99.18 M
2019-06-04 23:53:02,33.0,99.75 M
2019-06-04 23:53:04,32.0,101.89 M
2019-06-04 23:53:06,42.9,101.39 M
2019-06-04 23:53:08,41.0,100.55 M
2019-06-04 23:53:10,27.0,101.99 M
2019-06-04 23:53:12,31.0,100.76 M
2019-06-04 23:53:14,34.0,101.28 M
2019-06-04 23:53:16,26.0,102.05 M
2019-06-04 23:53:18,26.0,102.05 M
2019-06-04 23:53:20,38.0,103.07 M
2019-06-04 23:53:23,51.9,57.98 M
2019-06-04 23:53:25,47.0,68.72 M
2019-06-04 23:53:27,42.0,85.35 M
2019-06-04 23:53:29,36.0,89.35 M
2019-06-04 23:53:31,28.0,90.56 M
2019-06-04 23:53:33,35.0,91.76 M
2019-06-04 23:53:35,32.0,93.80 M
2019-06-04 23:53:37,29.0,94.71 M
2019-06-04 23:53:39,29.0,94.71 M
2019-06-04 23:53:41,34.0,97.11 M
2019-06-04 23:53:43,28.0,97.11 M
2019-06-04 23:53:45,27.0,98.55 M
2019-06-04 23:53:47,35.0,97.71 M
2019-06-04 23:53:49,34.0,99.70 M
2019-06-04 23:53:51,27.0,95.69 M
2019-06-04 23:53:53,29.0,97.38 M
2019-06-04 23:53:55,32.0,97.55 M
2019-06-04 23:53:57,23.0,100.27 M
2019-06-04 23:53:59,25.0,102.66 M
2019-06-04 23:54:01,23.0,102.66 M
2019-06-04 23:54:03,24.0,100.56 M
2019-06-04 23:54:05,34.0,100.56 M
2019-06-04 23:54:07,26.0,100.37 M
2019-06-04 23:54:09,30.0,97.82 M
2019-06-04 23:54:11,25.0,99.68 M
2019-06-04 23:54:13,20.0,98.14 M
2019-06-04 23:54:15,25.0,98.14 M
2019-06-04 23:54:17,26.0,100.76 M
2019-06-04 23:54:19,25.0,101.01 M
2019-06-04 23:54:21,26.0,100.49 M
2019-06-04 23:54:23,27.0,100.04 M
2019-06-04 23:54:25,27.0,101.14 M
2019-06-04 23:54:27,19.0,99.14 M
2019-06-04 23:54:29,18.0,100.40 M
2019-06-04 23:54:31,22.0,99.76 M
2019-06-04 23:54:33,21.0,99.76 M
2019-06-04 23:54:35,18.0,101.64 M
2019-06-04 23:54:37,29.0,101.64 M
2019-06-04 23:54:39,22.0,100.68 M
2019-06-04 23:54:41,30.0,99.89 M
2019-06-04 23:54:43,25.0,100.30 M
2019-06-04 23:54:45,34.0,100.74 M
2019-06-04 23:54:47,24.0,103.14 M
2019-06-04 23:54:49,23.0,101.68 M
2019-06-04 23:54:51,23.0,101.94 M
2019-06-04 23:54:53,22.0,104.05 M
2019-06-04 23:54:55,29.0,103.31 M
2019-06-04 23:54:58,25.0,105.00 M
2019-06-04 23:55:00,26.0,104.39 M
2019-06-04 23:55:02,31.0,105.58 M
2019-06-04 23:55:04,20.0,104.48 M
2019-06-04 23:55:06,29.0,104.98 M
2019-06-04 23:55:08,22.0,104.72 M
2019-06-04 23:55:10,21.0,104.98 M
2019-06-04 23:55:12,23.0,106.43 M
2019-06-04 23:55:14,30.0,104.53 M
2019-06-04 23:55:16,23.0,105.26 M
2019-06-04 23:55:18,26.0,102.32 M
2019-06-04 23:55:20,26.0,104.37 M
2019-06-04 23:55:22,23.0,102.50 M
2019-06-04 23:55:24,25.0,102.50 M
2019-06-04 23:55:26,19.0,102.68 M
2019-06-04 23:55:28,21.0,102.68 M
2019-06-04 23:55:30,18.0,103.25 M
2019-06-04 23:55:32,24.0,103.25 M
2019-06-04 23:55:34,29.0,103.82 M
2019-06-04 23:55:36,29.0,103.28 M
2019-06-04 23:55:38,23.0,103.87 M
2019-06-04 23:55:40,22.0,104.03 M
2019-06-04 23:55:42,20.0,105.93 M
2019-06-04 23:55:44,30.0,105.64 M
2019-06-04 23:55:46,27.0,107.42 M
2019-06-04 23:55:48,25.0,105.56 M
2019-06-04 23:55:50,24.0,105.56 M
2019-06-04 23:55:52,23.0,107.20 M
2019-06-04 23:55:54,19.0,107.20 M
2019-06-04 23:55:56,24.0,107.81 M
2019-06-04 23:55:58,33.0,107.52 M
2019-06-04 23:56:00,22.0,109.57 M
2019-06-04 23:56:02,26.0,107.01 M
2019-06-04 23:56:04,24.0,108.01 M
2019-06-04 23:56:06,31.0,106.75 M
2019-06-04 23:56:08,26.0,108.45 M
2019-06-04 23:56:10,28.0,108.16 M
2019-06-04 23:56:12,24.0,110.21 M
2019-06-04 23:56:14,20.0,110.46 M
2019-06-04 23:56:16,22.0,110.72 M
2019-06-04 23:56:18,29.0,108.81 M
2019-06-04 23:56:20,22.0,110.91 M
2019-06-04 23:56:22,22.0,109.27 M
2019-06-04 23:56:24,24.0,110.35 M
2019-06-04 23:56:26,26.0,110.79 M
2019-06-04 23:56:28,21.0,110.79 M
2019-06-04 23:56:30,20.0,111.52 M
2019-06-04 23:56:32,35.0,108.30 M
2019-06-04 23:56:34,25.0,108.43 M
2019-06-04 23:56:36,31.0,106.93 M
2019-06-04 23:56:38,23.0,108.81 M
2019-06-04 23:56:40,26.0,107.39 M
2019-06-04 23:56:42,21.0,109.44 M
2019-06-04 23:56:44,25.0,109.48 M
2019-06-04 23:56:46,37.0,107.78 M
2019-06-04 23:56:48,24.0,109.37 M
2019-06-04 23:56:50,26.0,110.19 M
2019-06-04 23:56:52,25.0,111.45 M
2019-06-04 23:56:54,27.0,112.41 M
2019-06-04 23:56:56,28.0,112.41 M
2019-06-04 23:56:58,20.0,112.50 M
2019-06-04 23:57:00,24.0,110.24 M
2019-06-04 23:57:02,21.0,111.93 M
2019-06-04 23:57:04,39.0,110.05 M
2019-06-04 23:57:06,26.0,110.62 M
2019-06-04 23:57:08,23.0,111.32 M
2019-06-04 23:57:10,24.0,111.84 M
2019-06-04 23:57:12,25.0,110.61 M
2019-06-04 23:57:14,36.0,109.81 M
2019-06-04 23:57:16,16.0,111.61 M
2019-06-04 23:57:18,28.0,110.77 M
2019-06-04 23:57:20,22.0,112.09 M
2019-06-04 23:57:22,30.0,110.75 M
2019-06-04 23:57:24,21.0,111.01 M
2019-06-04 23:57:26,33.0,109.82 M
2019-06-04 23:57:28,25.0,110.77 M
2019-06-04 23:57:30,22.0,110.37 M
2019-06-04 23:57:32,23.0,111.90 M
2019-06-04 23:57:34,30.0,109.85 M
2019-06-04 23:57:36,24.0,112.15 M
2019-06-04 23:57:38,28.0,111.30 M
2019-06-04 23:57:40,19.0,113.26 M
2019-06-04 23:57:42,31.0,112.77 M
2019-06-04 23:57:44,20.0,113.22 M
2019-06-04 23:57:46,32.0,111.75 M
2019-06-04 23:57:48,23.0,113.72 M
2019-06-04 23:57:50,20.0,113.60 M
2019-06-04 23:57:52,25.0,113.83 M
2019-06-04 23:57:54,18.0,112.97 M
2019-06-04 23:57:56,18.0,112.97 M
2019-06-04 23:57:58,20.0,113.89 M
2019-06-04 23:58:00,27.0,113.89 M
2019-06-04 23:58:02,18.0,114.98 M
2019-06-04 23:58:04,27.0,114.98 M
2019-06-04 23:58:06,21.0,115.11 M
2019-06-04 23:58:08,24.0,115.11 M
2019-06-04 23:58:10,19.0,114.75 M
2019-06-04 23:58:12,27.0,114.75 M
2019-06-04 23:58:15,27.0,115.89 M
2019-06-04 23:58:17,23.0,115.21 M
2019-06-04 23:58:19,16.0,117.35 M
2019-06-04 23:58:21,23.0,117.35 M
2019-06-04 23:58:24,57.9,61.55 M
2019-06-04 23:58:26,44.0,81.00 M
2019-06-04 23:58:28,38.0,88.80 M
2019-06-04 23:58:30,41.0,90.77 M
2019-06-04 23:58:32,35.0,95.07 M
2019-06-04 23:58:34,43.0,96.02 M
2019-06-04 23:58:36,48.0,96.68 M
2019-06-04 23:58:38,39.0,97.09 M
2019-06-04 23:58:40,34.0,96.97 M
2019-06-04 23:58:42,47.0,99.06 M
2019-06-04 23:58:44,32.0,98.38 M
2019-06-04 23:58:46,30.0,98.38 M
2019-06-04 23:58:48,26.0,99.53 M
2019-06-04 23:58:50,38.0,98.39 M
2019-06-04 23:58:52,32.0,98.72 M
2019-06-04 23:58:54,29.0,100.94 M
2019-06-04 23:58:56,33.0,99.34 M
2019-06-04 23:58:58,27.0,98.74 M
2019-06-04 23:59:00,32.0,99.25 M
2019-06-04 23:59:02,29.0,97.44 M
2019-06-04 23:59:04,30.0,97.72 M
2019-06-04 23:59:06,31.0,99.35 M
2019-06-04 23:59:08,29.0,98.45 M
2019-06-04 23:59:10,33.0,99.91 M
2019-06-04 23:59:12,32.0,98.37 M
2019-06-04 23:59:14,37.0,98.83 M
2019-06-04 23:59:16,36.0,99.69 M
2019-06-04 23:59:18,40.0,98.69 M
2019-06-04 23:59:20,43.0,99.29 M
2019-06-04 23:59:22,32.0,99.80 M
2019-06-04 23:59:24,33.0,100.39 M
2019-06-04 23:59:26,35.0,99.39 M
2019-06-04 23:59:28,31.0,99.89 M
2019-06-04 23:59:30,31.0,99.59 M
2019-06-04 23:59:32,36.0,99.31 M
2019-06-04 23:59:34,40.0,98.68 M
2019-06-04 23:59:36,38.0,99.17 M
2019-06-04 23:59:38,28.0,100.70 M
2019-06-04 23:59:40,29.0,99.77 M
2019-06-04 23:59:42,38.0,99.38 M
2019-06-04 23:59:44,34.0,99.97 M
2019-06-04 23:59:46,36.0,102.84 M
2019-06-04 23:59:48,41.0,99.70 M
2019-06-04 23:59:50,33.0,99.88 M
2019-06-04 23:59:52,28.0,100.73 M
2019-06-04 23:59:54,32.0,101.39 M
2019-06-04 23:59:56,26.0,99.98 M
2019-06-04 23:59:58,25.0,99.98 M
2019-06-05 00:00:00,27.0,101.56 M
2019-06-05 00:00:02,39.0,100.59 M
2019-06-05 00:00:04,42.0,101.40 M
2019-06-05 00:00:06,34.0,103.92 M
2019-06-05 00:00:08,25.0,103.85 M
2019-06-05 00:00:10,30.0,104.10 M
2019-06-05 00:00:12,36.0,100.56 M
2019-06-05 00:00:14,28.0,100.33 M
2019-06-05 00:00:16,31.0,100.95 M
2019-06-05 00:00:18,34.0,101.21 M
2019-06-05 00:00:20,26.0,102.22 M
2019-06-05 00:00:22,31.0,102.66 M
2019-06-05 00:00:24,27.0,102.71 M
2019-06-05 00:00:26,43.0,102.23 M
2019-06-05 00:00:28,32.0,103.95 M
2019-06-05 00:00:30,29.0,104.88 M
2019-06-05 00:00:32,37.0,103.07 M
2019-06-05 00:00:34,29.0,103.07 M
2019-06-05 00:00:36,30.0,102.70 M
2019-06-05 00:00:38,40.0,100.04 M
2019-06-05 00:00:40,43.0,101.20 M
2019-06-05 00:00:42,37.0,101.92 M
2019-06-05 00:00:44,25.0,102.86 M
2019-06-05 00:00:46,33.0,101.95 M
2019-06-05 00:00:48,33.0,103.16 M
2019-06-05 00:00:50,32.0,103.21 M
2019-06-05 00:00:52,27.0,103.21 M
2019-06-05 00:00:54,35.0,102.61 M
2019-06-05 00:00:56,35.0,103.42 M
2019-06-05 00:00:58,34.0,104.25 M
2019-06-05 00:01:00,27.0,103.98 M
2019-06-05 00:01:02,31.0,104.59 M
2019-06-05 00:01:04,35.0,105.53 M
2019-06-05 00:01:06,35.0,104.66 M
2019-06-05 00:01:08,34.0,105.05 M
2019-06-05 00:01:10,39.0,103.32 M
2019-06-05 00:01:12,38.0,102.30 M
2019-06-05 00:01:14,28.0,103.78 M
2019-06-05 00:01:16,25.0,103.52 M
2019-06-05 00:01:18,30.0,103.19 M
2019-06-05 00:01:21,32.0,105.34 M
2019-06-05 00:01:23,28.0,103.12 M
2019-06-05 00:01:25,32.0,104.15 M
2019-06-05 00:01:27,30.0,104.43 M
2019-06-05 00:01:29,28.0,103.26 M
2019-06-05 00:01:31,40.0,103.36 M
2019-06-05 00:01:33,36.0,104.94 M
2019-06-05 00:01:35,30.0,103.50 M
2019-06-05 00:01:37,38.0,104.02 M
2019-06-05 00:01:39,39.0,103.93 M
2019-06-05 00:01:41,29.0,104.90 M
2019-06-05 00:01:43,27.0,104.33 M
2019-06-05 00:01:45,39.0,104.50 M
2019-06-05 00:01:47,32.0,105.86 M
2019-06-05 00:01:49,27.0,104.07 M
2019-06-05 00:01:51,36.0,104.84 M
2019-06-05 00:01:53,34.0,105.09 M
2019-06-05 00:01:55,33.0,105.28 M
2019-06-05 00:01:57,28.0,106.30 M
2019-06-05 00:01:59,24.0,107.34 M
2019-06-05 00:02:01,28.0,107.18 M
2019-06-05 00:02:03,30.0,108.37 M
2019-06-05 00:02:05,38.0,107.06 M
2019-06-05 00:02:07,29.0,107.18 M
2019-06-05 00:02:09,31.0,104.70 M
2019-06-05 00:02:11,40.0,105.53 M
2019-06-05 00:02:13,34.0,107.08 M
2019-06-05 00:02:15,36.0,106.31 M
2019-06-05 00:02:17,33.0,106.27 M
2019-06-05 00:02:19,28.0,107.02 M
2019-06-05 00:02:21,26.0,106.34 M
2019-06-05 00:02:23,40.0,106.82 M
2019-06-05 00:02:25,39.0,107.86 M
2019-06-05 00:02:27,28.0,107.86 M
2019-06-05 00:02:29,32.0,107.21 M
2019-06-05 00:02:31,30.0,107.48 M
2019-06-05 00:02:33,36.0,109.02 M
2019-06-05 00:02:35,33.0,108.30 M
2019-06-05 00:02:37,38.0,108.38 M
2019-06-05 00:02:39,31.0,109.30 M
2019-06-05 00:02:41,30.0,109.36 M
2019-06-05 00:02:43,35.0,108.48 M
2019-06-05 00:02:45,27.0,108.73 M
2019-06-05 00:02:47,31.0,108.91 M
2019-06-05 00:02:49,36.0,106.63 M
2019-06-05 00:02:51,32.0,106.89 M
2019-06-05 00:02:53,28.0,108.44 M
2019-06-05 00:02:55,30.0,107.77 M
2019-06-05 00:02:57,29.0,109.73 M
2019-06-05 00:02:59,31.0,110.29 M
2019-06-05 00:03:01,36.0,108.16 M
2019-06-05 00:03:03,25.0,108.42 M
2019-06-05 00:03:05,28.0,107.70 M
2019-06-05 00:03:07,28.0,107.73 M
2019-06-05 00:03:09,29.0,108.21 M
2019-06-05 00:03:11,30.0,108.71 M
2019-06-05 00:03:13,36.0,107.99 M
2019-06-05 00:03:15,32.0,108.86 M
2019-06-05 00:03:17,32.0,108.86 M
2019-06-05 00:03:19,29.0,109.34 M
2019-06-05 00:03:21,41.0,107.28 M
2019-06-05 00:03:24,59.9,56.93 M
2019-06-05 00:03:26,38.0,66.40 M
2019-06-05 00:03:28,37.0,85.24 M
2019-06-05 00:03:30,39.0,90.86 M
2019-06-05 00:03:32,31.0,93.06 M
2019-06-05 00:03:34,26.0,94.32 M
2019-06-05 00:03:36,32.0,95.02 M
2019-06-05 00:03:38,33.0,95.71 M
2019-06-05 00:03:40,21.0,98.18 M
2019-06-05 00:03:42,36.0,95.59 M
2019-06-05 00:03:44,30.0,97.35 M
2019-06-05 00:03:46,41.0,97.47 M
2019-06-05 00:03:48,24.0,99.25 M
2019-06-05 00:03:50,34.0,97.81 M
2019-06-05 00:03:52,32.0,99.47 M
2019-06-05 00:03:54,28.0,99.28 M
2019-06-05 00:03:56,24.0,99.28 M
2019-06-05 00:03:58,26.0,98.24 M
2019-06-05 00:04:00,23.0,98.50 M
2019-06-05 00:04:02,16.0,97.49 M
2019-06-05 00:04:04,31.0,98.96 M
2019-06-05 00:04:06,24.0,98.59 M
2019-06-05 00:04:08,32.0,98.82 M
2019-06-05 00:04:10,23.0,98.21 M
2019-06-05 00:04:12,24.0,98.38 M
2019-06-05 00:04:14,27.0,99.31 M
2019-06-05 00:04:16,29.0,98.49 M
2019-06-05 00:04:18,20.0,99.08 M
2019-06-05 00:04:20,31.0,99.15 M
2019-06-05 00:04:22,24.0,100.14 M
2019-06-05 00:04:25,25.0,99.38 M
2019-06-05 00:04:27,20.0,100.87 M
2019-06-05 00:04:29,25.0,100.52 M
2019-06-05 00:04:31,20.0,100.52 M
2019-06-05 00:04:33,20.0,99.54 M
2019-06-05 00:04:35,26.0,101.69 M
2019-06-05 00:04:37,28.0,100.02 M
2019-06-05 00:04:39,30.0,100.28 M
2019-06-05 00:04:41,20.0,100.75 M
2019-06-05 00:04:43,24.0,100.75 M
2019-06-05 00:04:47,47.9,62.39 M
2019-06-05 00:04:49,38.0,71.79 M
2019-06-05 00:04:51,28.0,88.20 M
2019-06-05 00:04:53,37.0,91.77 M
2019-06-05 00:04:55,35.0,95.29 M
2019-06-05 00:04:57,33.0,97.92 M
2019-06-05 00:04:59,34.0,96.30 M
2019-06-05 00:05:01,30.0,97.75 M
2019-06-05 00:05:03,41.0,96.52 M
2019-06-05 00:05:05,29.0,98.73 M
2019-06-05 00:05:07,32.0,97.05 M
2019-06-05 00:05:09,33.0,97.05 M
2019-06-05 00:05:11,29.0,99.47 M
2019-06-05 00:05:13,32.0,96.11 M
2019-06-05 00:05:15,33.0,98.20 M
2019-06-05 00:05:17,31.0,96.59 M
2019-06-05 00:05:19,34.0,98.75 M
2019-06-05 00:05:21,27.0,99.82 M
2019-06-05 00:05:23,35.0,97.25 M
2019-06-05 00:05:25,25.0,98.98 M
2019-06-05 00:05:27,32.0,98.18 M
2019-06-05 00:05:29,30.0,99.91 M
2019-06-05 00:05:31,20.0,100.61 M
2019-06-05 00:05:33,31.0,100.61 M
2019-06-05 00:05:35,33.0,99.73 M
2019-06-05 00:05:37,33.0,97.36 M
2019-06-05 00:05:39,31.0,98.51 M
2019-06-05 00:05:41,24.0,99.00 M
2019-06-05 00:05:43,30.0,97.59 M
2019-06-05 00:05:45,23.0,99.48 M
2019-06-05 00:05:47,29.0,97.38 M
2019-06-05 00:05:49,29.0,99.04 M
2019-06-05 00:05:51,29.0,98.84 M
2019-06-05 00:05:53,34.0,97.73 M
2019-06-05 00:05:55,32.0,99.50 M
2019-06-05 00:05:57,36.0,100.02 M
2019-06-05 00:05:59,26.0,100.02 M
2019-06-05 00:06:01,24.0,101.16 M
2019-06-05 00:06:03,35.0,100.99 M
2019-06-05 00:06:05,25.0,102.15 M
2019-06-05 00:06:07,32.0,99.58 M
2019-06-05 00:06:09,28.0,101.34 M
2019-06-05 00:06:11,29.0,100.10 M
2019-06-05 00:06:13,21.0,101.32 M
2019-06-05 00:06:15,33.0,101.32 M
2019-06-05 00:06:17,26.0,102.13 M
2019-06-05 00:06:19,31.0,99.96 M
2019-06-05 00:06:21,39.0,97.99 M
2019-06-05 00:06:23,20.0,99.26 M
2019-06-05 00:06:25,30.0,97.65 M
2019-06-05 00:06:27,30.0,99.56 M
2019-06-05 00:06:29,34.0,100.13 M
2019-06-05 00:06:31,30.0,98.05 M
2019-06-05 00:06:33,24.0,99.25 M
2019-06-05 00:06:35,27.0,97.88 M
2019-06-05 00:06:37,34.0,97.59 M
2019-06-05 00:06:39,28.0,99.71 M
2019-06-05 00:06:41,26.0,99.71 M
2019-06-05 00:06:43,39.0,98.06 M
2019-06-05 00:06:45,28.0,99.71 M
2019-06-05 00:06:47,30.0,98.57 M
2019-06-05 00:06:49,23.0,99.06 M
2019-06-05 00:06:51,29.0,100.66 M
2019-06-05 00:06:53,36.0,99.62 M
2019-06-05 00:06:55,23.0,101.86 M
2019-06-05 00:06:57,30.0,101.22 M
2019-06-05 00:07:00,64.0,59.76 M
2019-06-05 00:07:03,44.0,69.07 M
2019-06-05 00:07:05,48.0,87.49 M
2019-06-05 00:07:07,40.0,90.91 M
2019-06-05 00:07:09,42.0,91.07 M
2019-06-05 00:07:11,36.0,93.54 M
2019-06-05 00:07:13,33.0,94.88 M
2019-06-05 00:07:15,39.0,94.62 M
2019-06-05 00:07:17,27.0,96.58 M
2019-06-05 00:07:19,36.0,97.77 M
2019-06-05 00:07:21,35.0,98.23 M
2019-06-05 00:07:23,29.0,98.24 M
2019-06-05 00:07:25,35.0,96.07 M
2019-06-05 00:07:27,25.0,96.66 M
2019-06-05 00:07:29,30.0,96.79 M
2019-06-05 00:07:31,33.0,96.22 M
2019-06-05 00:07:33,34.0,97.92 M
2019-06-05 00:07:35,32.0,98.32 M
2019-06-05 00:07:37,24.0,97.33 M
2019-06-05 00:07:39,25.0,99.19 M
2019-06-05 00:07:41,34.0,98.10 M
2019-06-05 00:07:43,39.9,97.44 M
2019-06-05 00:07:45,26.0,98.54 M
2019-06-05 00:07:47,31.0,98.08 M
2019-06-05 00:07:49,27.0,99.56 M
2019-06-05 00:07:51,22.0,99.72 M
2019-06-05 00:07:53,26.0,99.80 M
2019-06-05 00:07:55,28.0,98.88 M
2019-06-05 00:07:57,27.0,97.18 M
2019-06-05 00:07:59,31.0,98.25 M
2019-06-05 00:08:01,28.0,97.93 M
2019-06-05 00:08:03,26.0,98.61 M
2019-06-05 00:08:05,27.0,100.48 M
2019-06-05 00:08:07,31.0,98.30 M
2019-06-05 00:08:09,24.0,98.30 M
2019-06-05 00:08:11,22.0,99.87 M
2019-06-05 00:08:13,41.0,98.54 M
2019-06-05 00:08:15,29.0,99.70 M
2019-06-05 00:08:17,29.0,99.47 M
2019-06-05 00:08:19,25.0,99.71 M
2019-06-05 00:08:21,26.0,99.66 M
2019-06-05 00:08:23,32.0,99.34 M
2019-06-05 00:08:25,32.0,100.00 M
2019-06-05 00:08:27,34.0,101.49 M
2019-06-05 00:08:29,33.0,101.60 M
2019-06-05 00:08:31,28.0,101.60 M
2019-06-05 00:08:33,22.0,103.05 M
2019-06-05 00:08:35,31.0,101.27 M
2019-06-05 00:08:37,23.0,102.15 M
2019-06-05 00:08:39,26.0,101.30 M
2019-06-05 00:08:41,29.0,101.30 M
2019-06-05 00:08:43,27.0,102.87 M
2019-06-05 00:08:45,35.0,103.13 M
2019-06-05 00:08:47,26.0,104.84 M
2019-06-05 00:08:49,30.0,102.12 M
2019-06-05 00:08:51,34.0,102.22 M
2019-06-05 00:08:53,22.0,103.84 M
2019-06-05 00:08:55,30.0,102.92 M
2019-06-05 00:08:57,28.0,105.22 M
2019-06-05 00:08:59,28.0,104.02 M
2019-06-05 00:09:01,29.0,102.88 M
2019-06-05 00:09:03,23.0,103.50 M
2019-06-05 00:09:05,29.0,107.00 M
2019-06-05 00:09:07,31.0,103.39 M
2019-06-05 00:09:09,27.0,105.16 M
2019-06-05 00:09:11,30.0,105.62 M
2019-06-05 00:09:13,21.0,107.32 M
2019-06-05 00:09:15,32.0,104.93 M
2019-06-05 00:09:17,22.0,105.64 M
2019-06-05 00:09:19,27.0,102.07 M
2019-06-05 00:09:21,27.0,102.07 M
2019-06-05 00:09:23,24.0,102.74 M
2019-06-05 00:09:25,39.0,102.33 M
2019-06-05 00:09:27,27.0,102.42 M
2019-06-05 00:09:29,28.0,105.14 M
2019-06-05 00:09:31,34.0,105.30 M
2019-06-05 00:09:33,32.0,107.05 M
2019-06-05 00:09:35,28.0,108.51 M
2019-06-05 00:09:37,32.0,104.71 M
2019-06-05 00:09:39,26.0,105.73 M
2019-06-05 00:09:41,19.0,106.59 M
2019-06-05 00:09:43,22.0,106.59 M
2019-06-05 00:09:45,25.0,107.38 M
2019-06-05 00:09:47,32.0,105.68 M
2019-06-05 00:09:49,19.0,106.71 M
2019-06-05 00:09:51,32.0,108.38 M
2019-06-05 00:09:53,36.0,105.52 M
2019-06-05 00:09:55,28.0,107.10 M
2019-06-05 00:09:57,31.0,107.48 M
2019-06-05 00:09:59,27.0,107.48 M
2019-06-05 00:10:01,23.0,104.89 M
2019-06-05 00:10:03,39.0,104.51 M
2019-06-05 00:10:05,31.0,106.29 M
2019-06-05 00:10:07,32.0,108.12 M
2019-06-05 00:10:09,31.0,105.68 M
2019-06-05 00:10:11,32.0,107.56 M
2019-06-05 00:10:13,26.0,109.21 M
2019-06-05 00:10:15,33.0,107.77 M
2019-06-05 00:10:17,23.0,108.02 M
2019-06-05 00:10:19,24.0,108.07 M
2019-06-05 00:10:21,22.0,108.07 M
2019-06-05 00:10:24,23.0,107.60 M
2019-06-05 00:10:26,34.0,107.54 M
2019-06-05 00:10:28,23.0,107.54 M
2019-06-05 00:10:30,25.0,108.32 M
2019-06-05 00:10:32,30.0,107.72 M
2019-06-05 00:10:34,28.0,107.72 M
2019-06-05 00:10:36,24.0,108.55 M
2019-06-05 00:10:38,27.0,106.33 M
2019-06-05 00:10:40,29.0,107.30 M
2019-06-05 00:10:42,25.0,107.88 M
2019-06-05 00:10:44,34.0,108.28 M
2019-06-05 00:10:46,26.0,109.54 M
2019-06-05 00:10:48,31.0,108.36 M
2019-06-05 00:10:50,28.0,108.79 M
2019-06-05 00:10:52,28.0,107.31 M
2019-06-05 00:10:54,29.0,109.27 M
2019-06-05 00:10:56,28.0,108.76 M
2019-06-05 00:10:58,35.0,107.97 M
2019-06-05 00:11:00,28.0,109.57 M
2019-06-05 00:11:02,22.0,108.31 M
2019-06-05 00:11:04,26.0,109.08 M
2019-06-05 00:11:06,20.0,111.73 M
2019-06-05 00:11:08,32.0,109.96 M
2019-06-05 00:11:10,25.0,112.72 M
2019-06-05 00:11:12,25.0,108.78 M
2019-06-05 00:11:14,33.0,109.29 M
2019-06-05 00:11:16,25.0,110.39 M
2019-06-05 00:11:18,27.0,109.67 M
2019-06-05 00:11:20,32.0,109.90 M
2019-06-05 00:11:22,31.0,111.04 M
2019-06-05 00:11:24,29.0,111.32 M
2019-06-05 00:11:26,38.0,109.68 M
2019-06-05 00:11:28,29.0,110.57 M
2019-06-05 00:11:30,30.0,109.59 M
2019-06-05 00:11:32,28.0,110.11 M
2019-06-05 00:11:34,28.0,112.00 M
2019-06-05 00:11:36,37.0,109.78 M
2019-06-05 00:11:38,27.0,111.56 M
2019-06-05 00:11:40,27.0,110.59 M
2019-06-05 00:11:42,29.0,110.95 M
2019-06-05 00:11:44,26.0,113.77 M
2019-06-05 00:11:46,31.0,109.45 M
2019-06-05 00:11:48,27.0,109.59 M
2019-06-05 00:11:50,27.0,111.20 M
2019-06-05 00:11:52,34.0,109.11 M
2019-06-05 00:11:54,28.0,111.00 M
2019-06-05 00:11:56,28.0,110.84 M
2019-06-05 00:11:58,43.0,112.75 M
2019-06-05 00:12:01,48.9,58.92 M
2019-06-05 00:12:03,39.0,71.18 M
2019-06-05 00:12:05,44.9,91.65 M
2019-06-05 00:12:07,35.0,93.84 M
2019-06-05 00:12:09,27.0,95.29 M
2019-06-05 00:12:11,32.0,96.19 M
2019-06-05 00:12:13,37.0,93.47 M
2019-06-05 00:12:15,29.0,94.64 M
2019-06-05 00:12:17,30.0,95.02 M
2019-06-05 00:12:19,39.0,97.12 M
2019-06-05 00:12:21,31.0,97.38 M
2019-06-05 00:12:23,22.0,94.97 M
2019-06-05 00:12:25,44.9,97.09 M
2019-06-05 00:12:27,41.0,96.38 M
2019-06-05 00:12:29,45.0,97.21 M
2019-06-05 00:12:31,36.0,97.67 M
2019-06-05 00:12:33,36.0,98.39 M
2019-06-05 00:12:35,37.0,97.14 M
2019-06-05 00:12:37,36.0,97.55 M
2019-06-05 00:12:39,31.0,97.28 M
2019-06-05 00:12:41,36.0,97.79 M
2019-06-05 00:12:43,41.0,97.79 M
2019-06-05 00:12:45,39.0,98.84 M
2019-06-05 00:12:47,24.0,98.46 M
2019-06-05 00:12:49,25.0,97.74 M
2019-06-05 00:12:51,26.0,97.74 M
2019-06-05 00:12:53,27.0,99.07 M
2019-06-05 00:12:55,37.0,99.12 M
2019-06-05 00:12:57,32.0,100.38 M
2019-06-05 00:12:59,31.0,101.27 M
2019-06-05 00:13:01,26.0,98.13 M
2019-06-05 00:13:03,24.0,98.43 M
2019-06-05 00:13:05,23.0,98.53 M
2019-06-05 00:13:07,21.0,98.07 M
2019-06-05 00:13:09,40.0,98.11 M
2019-06-05 00:13:11,38.0,98.59 M
2019-06-05 00:13:13,32.0,98.85 M
2019-06-05 00:13:15,33.0,99.56 M
2019-06-05 00:13:17,31.0,98.39 M
2019-06-05 00:13:19,26.0,98.39 M
2019-06-05 00:13:21,36.0,100.87 M
2019-06-05 00:13:23,45.9,98.03 M
2019-06-05 00:13:25,29.0,99.62 M
2019-06-05 00:13:27,32.0,100.04 M
2019-06-05 00:13:29,29.0,98.31 M
2019-06-05 00:13:31,30.0,98.64 M
2019-06-05 00:13:33,42.9,99.19 M
2019-06-05 00:13:35,30.0,100.28 M
2019-06-05 00:13:38,38.0,98.80 M
2019-06-05 00:13:40,30.0,100.29 M
2019-06-05 00:13:42,38.0,99.46 M
2019-06-05 00:13:44,30.0,99.48 M
2019-06-05 00:13:46,29.0,99.56 M
2019-06-05 00:13:48,31.0,99.73 M
2019-06-05 00:13:50,35.0,98.90 M
2019-06-05 00:13:52,34.0,100.63 M
2019-06-05 00:13:54,36.0,99.24 M
2019-06-05 00:13:56,37.0,100.28 M
2019-06-05 00:13:58,31.0,99.83 M
2019-06-05 00:14:00,32.0,100.72 M
2019-06-05 00:14:02,42.0,100.61 M
2019-06-05 00:14:04,28.0,100.94 M
2019-06-05 00:14:06,27.0,102.40 M
2019-06-05 00:14:08,39.0,100.03 M
2019-06-05 00:14:10,28.0,101.65 M
2019-06-05 00:14:12,26.0,101.52 M
2019-06-05 00:14:14,31.0,98.98 M
2019-06-05 00:14:16,28.0,99.29 M
2019-06-05 00:14:18,33.0,101.27 M
2019-06-05 00:14:20,31.0,99.86 M
2019-06-05 00:14:22,33.0,100.34 M
2019-06-05 00:14:24,32.0,102.25 M
2019-06-05 00:14:26,32.0,103.43 M
2019-06-05 00:14:28,35.0,101.07 M
2019-06-05 00:14:30,36.0,100.24 M
2019-06-05 00:14:32,28.0,100.35 M
2019-06-05 00:14:34,35.0,100.84 M
2019-06-05 00:14:36,37.0,103.52 M
2019-06-05 00:14:38,24.0,103.78 M
2019-06-05 00:14:40,28.0,100.92 M
2019-06-05 00:14:42,33.0,101.89 M
2019-06-05 00:14:44,39.0,99.88 M
2019-06-05 00:14:46,32.0,100.95 M
2019-06-05 00:14:48,31.0,100.95 M
2019-06-05 00:14:50,24.0,100.78 M
2019-06-05 00:14:52,31.0,98.83 M
2019-06-05 00:14:54,32.0,99.20 M
2019-06-05 00:14:56,25.0,99.25 M
2019-06-05 00:14:58,36.0,100.15 M
2019-06-05 00:15:00,28.0,100.44 M
2019-06-05 00:15:02,22.0,101.64 M
2019-06-05 00:15:04,24.0,100.60 M
2019-06-05 00:15:06,35.0,102.02 M
2019-06-05 00:15:08,32.0,101.60 M
2019-06-05 00:15:10,26.0,102.48 M
2019-06-05 00:15:12,29.0,100.89 M
2019-06-05 00:15:14,27.0,101.02 M
2019-06-05 00:15:16,36.0,102.61 M
2019-06-05 00:15:18,25.0,102.68 M
2019-06-05 00:15:20,42.0,102.25 M
2019-06-05 00:15:22,42.9,102.69 M
2019-06-05 00:15:24,27.0,103.71 M
2019-06-05 00:15:26,21.0,102.94 M
2019-06-05 00:15:28,29.0,102.94 M
2019-06-05 00:15:30,29.0,103.10 M
2019-06-05 00:15:32,18.0,103.29 M
2019-06-05 00:15:34,35.0,101.48 M
2019-06-05 00:15:36,28.0,102.25 M
2019-06-05 00:15:38,26.0,102.45 M
2019-06-05 00:15:40,32.0,100.56 M
2019-06-05 00:15:42,31.0,101.09 M
2019-06-05 00:15:44,25.0,102.58 M
2019-06-05 00:15:46,26.0,102.52 M
2019-06-05 00:15:48,29.0,102.15 M
2019-06-05 00:15:50,39.0,102.23 M
2019-06-05 00:15:52,28.0,104.05 M
2019-06-05 00:15:54,35.0,102.76 M
2019-06-05 00:15:56,35.0,102.60 M
2019-06-05 00:15:58,37.0,102.51 M
2019-06-05 00:16:00,33.0,103.40 M
2019-06-05 00:16:02,20.0,104.43 M
2019-06-05 00:16:04,29.0,101.23 M
2019-06-05 00:16:06,23.0,101.32 M
2019-06-05 00:16:08,32.0,102.95 M
2019-06-05 00:16:10,23.0,102.31 M
2019-06-05 00:16:12,28.0,102.31 M
2019-06-05 00:16:14,28.0,102.48 M
2019-06-05 00:16:16,42.0,102.85 M
2019-06-05 00:16:18,39.0,103.48 M
2019-06-05 00:16:20,27.0,104.59 M
2019-06-05 00:16:22,37.0,103.02 M
2019-06-05 00:16:24,22.0,104.74 M
2019-06-05 00:16:26,37.0,102.69 M
2019-06-05 00:16:28,36.0,103.18 M
2019-06-05 00:16:31,73.9,67.38 M
2019-06-05 00:16:33,40.0,89.88 M
2019-06-05 00:16:35,50.9,93.83 M
2019-06-05 00:16:37,46.0,94.41 M
2019-06-05 00:16:39,36.0,95.34 M
2019-06-05 00:16:41,31.0,97.23 M
2019-06-05 00:16:43,45.0,96.87 M
2019-06-05 00:16:45,42.9,97.09 M
2019-06-05 00:16:47,30.0,98.23 M
2019-06-05 00:16:49,32.0,97.39 M
2019-06-05 00:16:51,40.0,98.85 M
2019-06-05 00:16:53,43.9,96.89 M
2019-06-05 00:16:56,29.0,98.05 M
2019-06-05 00:16:58,39.0,98.43 M
2019-06-05 00:17:00,30.0,99.07 M
2019-06-05 00:17:02,34.0,97.07 M
2019-06-05 00:17:04,33.0,97.68 M
2019-06-05 00:17:06,38.0,98.27 M
2019-06-05 00:17:08,42.0,96.27 M
2019-06-05 00:17:10,46.9,97.57 M
2019-06-05 00:17:12,34.0,97.39 M
2019-06-05 00:17:14,24.0,96.71 M
2019-06-05 00:17:16,41.0,98.40 M
2019-06-05 00:17:18,32.0,99.78 M
2019-06-05 00:17:20,28.0,99.41 M
2019-06-05 00:17:22,33.0,97.62 M
2019-06-05 00:17:24,27.0,99.77 M
2019-06-05 00:17:26,34.0,96.82 M
2019-06-05 00:17:28,28.0,96.82 M
2019-06-05 00:17:30,28.0,97.46 M
2019-06-05 00:17:32,34.0,99.60 M
2019-06-05 00:17:34,23.0,99.60 M
2019-06-05 00:17:36,36.0,99.18 M
2019-06-05 00:17:38,35.0,98.03 M
2019-06-05 00:17:40,33.0,98.26 M
2019-06-05 00:17:42,23.0,98.51 M
2019-06-05 00:17:44,33.0,98.84 M
2019-06-05 00:17:46,33.0,99.35 M
2019-06-05 00:17:48,28.0,99.03 M
2019-06-05 00:17:50,33.0,99.80 M
2019-06-05 00:17:52,32.0,100.31 M
2019-06-05 00:17:54,28.0,99.01 M
2019-06-05 00:17:56,34.0,99.27 M
2019-06-05 00:17:58,28.0,101.27 M
2019-06-05 00:18:00,33.0,99.83 M
2019-06-05 00:18:02,26.0,98.64 M
2019-06-05 00:18:04,29.0,98.64 M
2019-06-05 00:18:06,26.0,101.36 M
2019-06-05 00:18:08,37.0,101.93 M
2019-06-05 00:18:10,26.0,103.91 M
2019-06-05 00:18:12,26.0,102.10 M
2019-06-05 00:18:14,32.0,102.61 M
2019-06-05 00:18:16,32.0,102.64 M
2019-06-05 00:18:18,37.0,103.64 M
2019-06-05 00:18:20,35.0,102.59 M
2019-06-05 00:18:22,27.0,103.46 M
2019-06-05 00:18:24,26.0,103.40 M
2019-06-05 00:18:26,23.0,103.66 M
2019-06-05 00:18:28,33.0,103.22 M
2019-06-05 00:18:30,29.0,102.34 M
2019-06-05 00:18:32,27.0,102.34 M
2019-06-05 00:18:34,31.0,101.61 M
2019-06-05 00:18:36,32.0,101.77 M
2019-06-05 00:18:38,29.0,102.29 M
2019-06-05 00:18:40,34.0,104.32 M
2019-06-05 00:18:42,41.0,103.01 M
2019-06-05 00:18:44,38.0,103.62 M
2019-06-05 00:18:46,23.0,104.13 M
2019-06-05 00:18:48,32.0,104.17 M
2019-06-05 00:18:50,31.0,104.70 M
2019-06-05 00:18:52,37.0,104.18 M
2019-06-05 00:18:54,33.0,104.60 M
2019-06-05 00:18:56,32.0,106.13 M
2019-06-05 00:18:58,31.0,105.58 M
2019-06-05 00:19:00,39.0,104.38 M
2019-06-05 00:19:02,32.0,105.29 M
2019-06-05 00:19:04,36.0,105.68 M
2019-06-05 00:19:06,31.0,103.59 M
2019-06-05 00:19:08,30.0,103.59 M
2019-06-05 00:19:10,22.0,105.65 M
2019-06-05 00:19:12,39.0,105.89 M
2019-06-05 00:19:14,30.0,106.40 M
2019-06-05 00:19:16,29.0,106.00 M
2019-06-05 00:19:18,36.0,106.79 M
2019-06-05 00:19:20,29.0,106.79 M
2019-06-05 00:19:22,30.0,104.42 M
2019-06-05 00:19:24,31.0,105.95 M
2019-06-05 00:19:26,35.0,107.29 M
2019-06-05 00:19:28,37.0,108.19 M
2019-06-05 00:19:30,38.0,108.12 M
2019-06-05 00:19:32,45.0,108.38 M
2019-06-05 00:19:34,25.0,106.04 M
2019-06-05 00:19:36,34.0,106.04 M
2019-06-05 00:19:38,23.0,108.21 M
2019-06-05 00:19:40,46.9,108.69 M
2019-06-05 00:19:42,37.0,108.05 M
2019-06-05 00:19:44,32.0,109.08 M
2019-06-05 00:19:46,29.0,111.55 M
2019-06-05 00:19:48,42.0,107.91 M
2019-06-05 00:19:50,40.0,100.58 M
2019-06-05 00:19:52,26.0,100.65 M
2019-06-05 00:19:54,23.0,100.53 M
2019-06-05 00:19:56,26.0,100.53 M
2019-06-05 00:19:58,30.0,102.52 M
2019-06-05 00:20:00,31.0,103.06 M
2019-06-05 00:20:02,29.0,103.06 M
2019-06-05 00:20:04,37.0,101.01 M
2019-06-05 00:20:06,30.0,101.62 M
2019-06-05 00:20:08,35.0,103.92 M
2019-06-05 00:20:10,28.0,101.92 M
2019-06-05 00:20:12,38.0,100.58 M
2019-06-05 00:20:14,23.0,101.20 M
2019-06-05 00:20:16,32.0,102.44 M
2019-06-05 00:20:19,35.0,103.03 M
2019-06-05 00:20:21,35.0,101.36 M
2019-06-05 00:20:23,25.0,103.05 M
2019-06-05 00:20:25,25.0,102.35 M
2019-06-05 00:20:27,35.0,101.23 M
2019-06-05 00:20:29,28.0,102.58 M
2019-06-05 00:20:31,33.0,103.63 M
2019-06-05 00:20:33,35.0,102.57 M
2019-06-05 00:20:35,30.0,103.55 M
2019-06-05 00:20:37,29.0,104.18 M
2019-06-05 00:20:39,25.0,103.80 M
2019-06-05 00:20:41,27.0,103.80 M
2019-06-05 00:20:43,27.0,103.99 M
2019-06-05 00:20:45,39.0,102.36 M
2019-06-05 00:20:47,40.0,102.41 M
2019-06-05 00:20:49,31.0,102.46 M
2019-06-05 00:20:51,25.0,102.57 M
2019-06-05 00:20:53,27.0,103.91 M
2019-06-05 00:20:55,30.0,106.14 M
2019-06-05 00:20:57,28.0,105.45 M
2019-06-05 00:20:59,42.0,105.56 M
2019-06-05 00:21:01,32.0,106.65 M
2019-06-05 00:21:03,32.0,102.94 M
2019-06-05 00:21:05,41.9,102.99 M
2019-06-05 00:21:07,29.0,104.35 M
2019-06-05 00:21:09,37.0,102.86 M
2019-06-05 00:21:11,40.0,103.19 M
2019-06-05 00:21:13,34.0,104.70 M
2019-06-05 00:21:15,32.0,105.68 M
2019-06-05 00:21:17,36.0,105.80 M
2019-06-05 00:21:19,29.0,107.87 M
2019-06-05 00:21:21,24.0,106.57 M
2019-06-05 00:21:23,36.0,106.37 M
2019-06-05 00:21:25,26.0,107.80 M
2019-06-05 00:21:27,27.0,107.61 M
2019-06-05 00:21:29,29.0,105.88 M
2019-06-05 00:21:32,57.9,58.80 M
2019-06-05 00:21:34,48.0,74.61 M
2019-06-05 00:21:36,36.0,87.38 M
2019-06-05 00:21:38,39.0,92.44 M
2019-06-05 00:21:40,44.9,93.96 M
2019-06-05 00:21:42,42.0,96.17 M
2019-06-05 00:21:44,36.0,96.38 M
2019-06-05 00:21:46,45.9,95.97 M
2019-06-05 00:21:48,39.0,97.73 M
2019-06-05 00:21:50,41.0,98.59 M
2019-06-05 00:21:52,34.0,97.61 M
2019-06-05 00:21:54,26.0,98.31 M
2019-06-05 00:21:56,27.0,98.53 M
2019-06-05 00:21:58,34.0,96.75 M
2019-06-05 00:22:00,30.0,98.72 M
2019-06-05 00:22:02,32.0,98.07 M
2019-06-05 00:22:04,20.0,98.31 M
2019-06-05 00:22:06,35.0,99.96 M
2019-06-05 00:22:08,26.0,99.96 M
2019-06-05 00:22:10,31.0,99.04 M
2019-06-05 00:22:12,33.0,100.80 M
2019-06-05 00:22:14,39.0,101.91 M
2019-06-05 00:22:16,39.0,98.50 M
2019-06-05 00:22:18,26.0,98.50 M
2019-06-05 00:22:20,24.0,98.89 M
2019-06-05 00:22:22,40.0,99.35 M
2019-06-05 00:22:24,32.0,101.25 M
2019-06-05 00:22:26,28.0,101.64 M
2019-06-05 00:22:28,34.0,99.50 M
2019-06-05 00:22:30,25.0,101.25 M
2019-06-05 00:22:32,29.0,100.24 M
2019-06-05 00:22:34,31.0,99.02 M
2019-06-05 00:22:36,28.0,99.39 M
2019-06-05 00:22:38,24.0,100.65 M
2019-06-05 00:22:40,35.0,100.91 M
2019-06-05 00:22:42,26.0,101.09 M
2019-06-05 00:22:44,31.0,101.63 M
2019-06-05 00:22:46,26.0,102.92 M
2019-06-05 00:22:48,29.0,101.02 M
2019-06-05 00:22:50,35.0,101.11 M
2019-06-05 00:22:52,26.0,103.06 M
2019-06-05 00:22:54,29.0,103.67 M
2019-06-05 00:22:56,38.0,103.70 M
2019-06-05 00:22:58,29.0,104.95 M
2019-06-05 00:23:00,31.0,103.26 M
2019-06-05 00:23:02,30.0,101.79 M
2019-06-05 00:23:04,26.0,102.59 M
2019-06-05 00:23:06,33.0,102.00 M
2019-06-05 00:23:08,34.0,102.82 M
2019-06-05 00:23:10,29.0,103.79 M
2019-06-05 00:23:12,27.0,104.41 M
2019-06-05 00:23:14,41.0,101.11 M
2019-06-05 00:23:16,31.0,102.62 M
2019-06-05 00:23:18,26.0,103.08 M
2019-06-05 00:23:20,28.0,103.08 M
2019-06-05 00:23:22,28.0,104.38 M
2019-06-05 00:23:24,33.0,103.11 M
2019-06-05 00:23:26,27.0,103.11 M
2019-06-05 00:23:28,27.0,103.59 M
2019-06-05 00:23:31,35.0,104.09 M
2019-06-05 00:23:33,32.0,105.67 M
2019-06-05 00:23:35,34.0,103.57 M
2019-06-05 00:23:37,31.0,103.67 M
2019-06-05 00:23:39,26.0,103.81 M
2019-06-05 00:23:41,32.0,105.11 M
2019-06-05 00:23:43,34.0,102.33 M
2019-06-05 00:23:45,32.0,103.50 M
2019-06-05 00:23:47,29.0,105.07 M
2019-06-05 00:23:49,37.0,103.32 M
2019-06-05 00:23:51,28.0,103.89 M
2019-06-05 00:23:53,30.0,105.42 M
2019-06-05 00:23:55,35.0,104.44 M
2019-06-05 00:23:57,30.0,105.90 M
2019-06-05 00:23:59,25.0,106.45 M
2019-06-05 00:24:01,29.0,104.32 M
2019-06-05 00:24:03,23.0,104.64 M
2019-06-05 00:24:05,36.0,104.95 M
2019-06-05 00:24:07,26.0,104.95 M
2019-06-05 00:24:09,30.0,107.48 M
2019-06-05 00:24:11,35.0,105.34 M
2019-06-05 00:24:13,28.0,105.34 M
2019-06-05 00:24:15,23.0,107.14 M
2019-06-05 00:24:17,28.0,104.86 M
2019-06-05 00:24:19,24.0,105.35 M
2019-06-05 00:24:21,25.0,105.98 M
2019-06-05 00:24:23,23.0,107.89 M
2019-06-05 00:24:25,27.0,106.36 M
2019-06-05 00:24:27,34.0,106.01 M
2019-06-05 00:24:29,33.0,107.49 M
2019-06-05 00:24:31,28.0,108.55 M
2019-06-05 00:24:33,29.0,108.39 M
2019-06-05 00:24:35,26.0,109.64 M
2019-06-05 00:24:37,25.0,108.71 M
2019-06-05 00:24:39,25.0,108.71 M
2019-06-05 00:24:41,24.0,106.31 M
2019-06-05 00:24:43,31.0,106.79 M
2019-06-05 00:24:45,32.0,107.05 M
2019-06-05 00:24:47,30.0,108.04 M
2019-06-05 00:24:49,31.0,106.34 M
2019-06-05 00:24:51,24.0,107.64 M
2019-06-05 00:24:53,33.0,109.68 M
2019-06-05 00:24:55,29.0,109.68 M
2019-06-05 00:24:57,33.0,109.37 M
2019-06-05 00:24:59,36.0,108.25 M
2019-06-05 00:25:01,29.0,108.25 M
2019-06-05 00:25:03,32.0,109.30 M
2019-06-05 00:25:05,27.0,109.89 M
2019-06-05 00:25:07,35.0,109.14 M
2019-06-05 00:25:09,29.0,109.37 M
2019-06-05 00:25:11,29.0,109.61 M
2019-06-05 00:25:13,33.0,110.36 M
2019-06-05 00:25:15,22.0,111.87 M
2019-06-05 00:25:17,32.0,111.99 M
2019-06-05 00:25:19,32.0,110.52 M
2019-06-05 00:25:21,29.0,110.52 M
2019-06-05 00:25:23,30.0,110.97 M
2019-06-05 00:25:25,35.0,110.53 M
2019-06-05 00:25:27,31.0,110.92 M
2019-06-05 00:25:29,26.0,112.93 M
2019-06-05 00:25:31,37.0,111.04 M
2019-06-05 00:25:33,27.0,111.50 M
2019-06-05 00:25:35,26.0,111.18 M
2019-06-05 00:25:37,28.0,112.05 M
2019-06-05 00:25:39,26.0,113.32 M
2019-06-05 00:25:41,29.0,115.12 M
2019-06-05 00:25:43,30.0,109.61 M
2019-06-05 00:25:45,23.0,110.75 M
2019-06-05 00:25:47,25.0,111.01 M
2019-06-05 00:25:49,39.9,112.36 M
2019-06-05 00:25:51,33.0,110.76 M
2019-06-05 00:25:53,32.0,112.81 M
2019-06-05 00:25:55,24.0,112.01 M
2019-06-05 00:25:57,35.0,111.55 M
2019-06-05 00:25:59,35.0,112.82 M
2019-06-05 00:26:01,24.0,113.70 M
2019-06-05 00:26:03,36.0,114.25 M
2019-06-05 00:26:05,27.0,115.20 M
2019-06-05 00:26:07,25.0,112.71 M
2019-06-05 00:26:09,25.0,114.35 M
2019-06-05 00:26:11,31.0,114.61 M
2019-06-05 00:26:13,33.0,116.62 M
2019-06-05 00:26:15,30.0,115.43 M
2019-06-05 00:26:17,36.0,115.01 M
2019-06-05 00:26:19,32.0,116.04 M
2019-06-05 00:26:21,27.0,117.55 M
2019-06-05 00:26:23,36.0,115.57 M
2019-06-05 00:26:25,22.0,116.84 M
2019-06-05 00:26:27,23.0,117.44 M
2019-06-05 00:26:29,31.0,117.66 M
2019-06-05 00:26:32,52.0,58.69 M
2019-06-05 00:26:34,43.0,77.17 M
2019-06-05 00:26:36,41.0,87.36 M
2019-06-05 00:26:38,31.0,91.66 M
2019-06-05 00:26:40,46.0,91.19 M
2019-06-05 00:26:43,40.0,92.11 M
2019-06-05 00:26:45,37.0,93.66 M
2019-06-05 00:26:47,36.0,95.05 M
2019-06-05 00:26:49,30.0,97.33 M
2019-06-05 00:26:51,46.0,97.27 M
2019-06-05 00:26:53,50.0,58.58 M
2019-06-05 00:26:55,51.9,71.21 M
2019-06-05 00:26:57,43.0,87.51 M
2019-06-05 00:26:59,34.0,91.51 M
2019-06-05 00:27:01,27.0,93.16 M
2019-06-05 00:27:03,37.0,94.43 M
2019-06-05 00:27:05,36.0,95.84 M
2019-06-05 00:27:07,40.0,94.80 M
2019-06-05 00:27:09,38.0,95.37 M
2019-06-05 00:27:11,28.0,96.11 M
2019-06-05 00:27:13,39.0,96.32 M
2019-06-05 00:27:15,28.0,97.18 M
2019-06-05 00:27:17,32.0,96.37 M
2019-06-05 00:27:19,31.0,98.52 M
2019-06-05 00:27:21,37.0,97.57 M
2019-06-05 00:27:23,28.0,99.99 M
2019-06-05 00:27:25,22.0,102.11 M
2019-06-05 00:27:27,32.0,99.19 M
2019-06-05 00:27:29,27.0,99.82 M
2019-06-05 00:27:31,33.0,101.16 M
2019-06-05 00:27:33,21.0,101.16 M
2019-06-05 00:27:35,24.0,100.15 M
2019-06-05 00:27:37,31.0,99.62 M
2019-06-05 00:27:39,27.0,100.57 M
2019-06-05 00:27:41,20.0,100.18 M
2019-06-05 00:27:43,30.0,100.67 M
2019-06-05 00:27:45,24.0,99.71 M
2019-06-05 00:27:47,30.0,99.69 M
2019-06-05 00:27:49,23.0,101.80 M
2019-06-05 00:27:51,31.0,102.47 M
2019-06-05 00:27:53,28.0,101.67 M
2019-06-05 00:27:55,25.0,103.41 M
2019-06-05 00:27:57,25.0,104.71 M
2019-06-05 00:27:59,33.0,104.71 M
2019-06-05 00:28:01,26.0,101.34 M
2019-06-05 00:28:03,32.0,100.05 M
2019-06-05 00:28:05,25.0,101.34 M
2019-06-05 00:28:07,27.0,102.85 M
2019-06-05 00:28:09,38.0,103.12 M
2019-06-05 00:28:11,29.0,105.42 M
2019-06-05 00:28:13,22.0,107.48 M
2019-06-05 00:28:15,32.0,106.10 M
2019-06-05 00:28:17,17.0,106.89 M
2019-06-05 00:28:19,33.0,104.45 M
2019-06-05 00:28:21,27.0,105.80 M
2019-06-05 00:28:23,14.0,106.15 M
2019-06-05 00:28:25,23.0,106.15 M
2019-06-05 00:28:27,28.0,106.78 M
2019-06-05 00:28:29,34.0,105.85 M
2019-06-05 00:28:31,23.0,107.76 M
2019-06-05 00:28:33,28.0,108.48 M
2019-06-05 00:28:35,24.0,106.95 M
2019-06-05 00:28:37,26.0,108.06 M
2019-06-05 00:28:39,33.0,105.12 M
2019-06-05 00:28:41,27.0,105.12 M
2019-06-05 00:28:43,23.0,105.75 M
2019-06-05 00:28:45,30.0,106.04 M
2019-06-05 00:28:47,17.0,108.79 M
2019-06-05 00:28:49,33.0,109.38 M
2019-06-05 00:28:51,31.0,111.06 M
2019-06-05 00:28:53,24.0,113.70 M
2019-06-05 00:28:55,33.0,111.94 M
2019-06-05 00:28:57,28.0,113.53 M
2019-06-05 00:28:59,24.0,113.49 M
2019-06-05 00:29:01,28.0,109.42 M
2019-06-05 00:29:03,31.0,110.39 M
2019-06-05 00:29:05,34.0,107.34 M
2019-06-05 00:29:07,25.0,108.39 M
2019-06-05 00:29:09,24.0,109.85 M
2019-06-05 00:29:11,29.0,108.79 M
2019-06-05 00:29:13,22.0,110.82 M
2019-06-05 00:29:15,42.0,111.44 M
2019-06-05 00:29:17,24.0,111.44 M
2019-06-05 00:29:19,25.0,111.05 M
2019-06-05 00:29:21,34.0,110.41 M
2019-06-05 00:29:23,19.0,111.43 M
2019-06-05 00:29:25,21.0,111.66 M
2019-06-05 00:29:27,25.0,111.66 M
2019-06-05 00:29:29,28.0,112.23 M
2019-06-05 00:29:31,36.0,112.33 M
2019-06-05 00:29:33,24.0,114.23 M
2019-06-05 00:29:35,25.0,114.62 M
2019-06-05 00:29:37,19.0,114.88 M
2019-06-05 00:29:39,22.0,110.64 M
2019-06-05 00:29:41,35.0,107.84 M
2019-06-05 00:29:44,24.0,109.05 M
2019-06-05 00:29:46,25.0,111.84 M
2019-06-05 00:29:48,33.0,109.78 M
2019-06-05 00:29:50,24.0,110.55 M
2019-06-05 00:29:52,20.0,112.12 M
2019-06-05 00:29:54,23.0,112.12 M
2019-06-05 00:29:56,24.0,114.62 M
2019-06-05 00:29:58,22.0,114.62 M
2019-06-05 00:30:00,27.0,114.61 M
2019-06-05 00:30:02,36.0,115.64 M
2019-06-05 00:30:04,20.0,115.90 M
2019-06-05 00:30:06,25.0,115.93 M
2019-06-05 00:30:08,31.0,112.78 M
2019-06-05 00:30:10,30.0,113.23 M
2019-06-05 00:30:12,24.0,115.23 M
2019-06-05 00:30:14,23.0,115.23 M
2019-06-05 00:30:16,30.0,116.46 M
2019-06-05 00:30:18,30.0,115.67 M
2019-06-05 00:30:20,24.0,116.42 M
2019-06-05 00:30:22,20.0,117.25 M
2019-06-05 00:30:24,22.0,117.25 M
2019-06-05 00:30:26,21.0,115.50 M
2019-06-05 00:30:28,21.0,115.50 M
2019-06-05 00:30:30,28.0,117.43 M
2019-06-05 00:30:32,36.0,117.54 M
2019-06-05 00:30:34,23.0,119.44 M
2019-06-05 00:30:36,32.0,119.27 M
2019-06-05 00:30:38,35.0,117.14 M
2019-06-05 00:30:40,26.0,119.53 M
2019-06-05 00:30:42,29.0,118.18 M
2019-06-05 00:30:44,22.0,118.93 M
2019-06-05 00:30:46,23.0,117.12 M
2019-06-05 00:30:48,32.0,118.24 M
2019-06-05 00:30:50,30.0,120.88 M
2019-06-05 00:30:52,25.0,116.95 M
2019-06-05 00:30:54,30.0,117.54 M
2019-06-05 00:30:56,24.0,119.36 M
2019-06-05 00:30:58,31.0,120.57 M
2019-06-05 00:31:00,19.0,120.82 M
2019-06-05 00:31:02,33.0,117.26 M
2019-06-05 00:31:04,25.0,119.23 M
2019-06-05 00:31:06,20.0,121.00 M
2019-06-05 00:31:08,31.0,120.50 M
2019-06-05 00:31:10,19.0,121.84 M
2019-06-05 00:31:12,30.0,120.63 M
2019-06-05 00:31:14,23.0,122.42 M
2019-06-05 00:31:16,32.0,123.11 M
2019-06-05 00:31:18,28.0,124.01 M
2019-06-05 00:31:20,23.0,122.96 M
2019-06-05 00:31:22,18.0,122.96 M
2019-06-05 00:31:24,23.0,121.41 M
2019-06-05 00:31:26,23.0,121.93 M
2019-06-05 00:31:28,20.0,123.41 M
2019-06-05 00:31:30,26.0,121.77 M
2019-06-05 00:31:32,33.0,123.16 M
2019-06-05 00:31:34,24.0,121.02 M
2019-06-05 00:31:36,32.0,121.11 M
2019-06-05 00:31:38,28.0,121.21 M
2019-06-05 00:31:40,25.0,123.21 M
2019-06-05 00:31:42,28.0,123.21 M
2019-06-05 00:31:44,25.0,123.51 M
2019-06-05 00:31:46,39.0,122.55 M
2019-06-05 00:31:48,25.0,124.01 M
2019-06-05 00:31:50,17.0,122.87 M
2019-06-05 00:31:53,44.9,55.69 M
2019-06-05 00:31:55,46.0,68.10 M
2019-06-05 00:31:57,39.0,85.88 M
2019-06-05 00:31:59,36.0,90.45 M
2019-06-05 00:32:01,38.0,91.63 M
2019-06-05 00:32:03,36.0,93.84 M
2019-06-05 00:32:05,32.0,94.84 M
2019-06-05 00:32:07,23.0,96.07 M
2019-06-05 00:32:09,33.0,96.29 M
2019-06-05 00:32:11,26.0,99.05 M
2019-06-05 00:32:13,37.0,98.12 M
2019-06-05 00:32:15,26.0,99.31 M
2019-06-05 00:32:17,27.0,99.31 M
2019-06-05 00:32:19,33.0,99.54 M
2019-06-05 00:32:21,23.0,99.54 M
2019-06-05 00:32:23,35.0,99.24 M
2019-06-05 00:32:25,24.0,99.24 M
2019-06-05 00:32:27,23.0,100.84 M
2019-06-05 00:32:29,31.0,100.04 M
2019-06-05 00:32:31,33.0,101.55 M
2019-06-05 00:32:33,32.0,100.60 M
2019-06-05 00:32:35,23.0,102.79 M
2019-06-05 00:32:37,28.0,101.10 M
2019-06-05 00:32:39,18.0,102.12 M
2019-06-05 00:32:41,34.0,101.74 M
2019-06-05 00:32:43,21.0,102.71 M
2019-06-05 00:32:45,27.0,102.88 M
2019-06-05 00:32:47,20.0,102.88 M
2019-06-05 00:32:49,29.0,99.34 M
2019-06-05 00:32:51,26.0,100.77 M
2019-06-05 00:32:54,23.0,103.47 M
2019-06-05 00:32:56,20.0,103.72 M
2019-06-05 00:32:58,18.0,104.12 M
2019-06-05 00:33:00,27.0,104.12 M
2019-06-05 00:33:02,27.0,104.45 M
2019-06-05 00:33:04,31.0,103.05 M
2019-06-05 00:33:06,20.0,105.25 M
2019-06-05 00:33:08,24.0,101.22 M
2019-06-05 00:33:10,18.0,103.04 M
2019-06-05 00:33:12,23.0,99.25 M
2019-06-05 00:33:14,18.0,100.80 M
2019-06-05 00:33:16,24.0,100.80 M
2019-06-05 00:33:18,22.0,103.48 M
2019-06-05 00:33:20,21.0,103.48 M
2019-06-05 00:33:22,21.0,102.62 M
2019-06-05 00:33:24,31.0,101.09 M
2019-06-05 00:33:26,20.0,101.73 M
2019-06-05 00:33:28,29.0,101.10 M
2019-06-05 00:33:30,24.0,103.49 M
2019-06-05 00:33:32,25.0,103.14 M
2019-06-05 00:33:34,26.0,103.75 M
2019-06-05 00:33:36,24.0,102.37 M
2019-06-05 00:33:38,24.0,103.95 M
2019-06-05 00:33:40,22.0,104.43 M
2019-06-05 00:33:42,25.0,104.43 M
2019-06-05 00:33:44,18.0,101.73 M
2019-06-05 00:33:46,24.0,101.73 M
2019-06-05 00:33:48,19.0,104.59 M
2019-06-05 00:33:50,22.0,105.11 M
2019-06-05 00:33:52,26.0,104.58 M
2019-06-05 00:33:54,25.0,104.82 M
2019-06-05 00:33:56,24.0,105.01 M
2019-06-05 00:33:58,30.0,102.94 M
2019-06-05 00:34:00,21.0,105.02 M
2019-06-05 00:34:02,29.0,107.36 M
2019-06-05 00:34:04,22.0,107.86 M
2019-06-05 00:34:06,28.0,109.34 M
2019-06-05 00:34:08,32.0,108.05 M
2019-06-05 00:34:10,25.0,109.28 M
2019-06-05 00:34:12,37.0,110.50 M
2019-06-05 00:34:14,23.0,110.76 M
2019-06-05 00:34:16,20.0,110.46 M
2019-06-05 00:34:18,21.0,110.97 M
2019-06-05 00:34:20,25.0,108.70 M
2019-06-05 00:34:22,23.0,108.70 M
2019-06-05 00:34:24,23.0,106.96 M
2019-06-05 00:34:26,26.0,107.47 M
2019-06-05 00:34:28,26.0,107.47 M
2019-06-05 00:34:30,21.0,107.92 M
2019-06-05 00:34:32,24.0,107.92 M
2019-06-05 00:34:34,27.0,105.69 M
2019-06-05 00:34:36,26.0,105.02 M
2019-06-05 00:34:38,33.0,106.69 M
2019-06-05 00:34:40,22.0,106.47 M
2019-06-05 00:34:42,23.0,106.47 M
2019-06-05 00:34:44,22.0,107.37 M
2019-06-05 00:34:46,29.0,108.07 M
2019-06-05 00:34:48,31.0,109.43 M
2019-06-05 00:34:50,33.0,107.13 M
2019-06-05 00:34:52,26.0,107.86 M
2019-06-05 00:34:54,22.0,109.38 M
2019-06-05 00:34:56,27.0,109.38 M
2019-06-05 00:34:58,23.0,110.33 M
2019-06-05 00:35:00,20.0,110.33 M
2019-06-05 00:35:02,21.0,107.70 M
2019-06-05 00:35:04,30.0,107.68 M
2019-06-05 00:35:06,24.0,109.87 M
2019-06-05 00:35:08,29.0,109.45 M
2019-06-05 00:35:10,26.0,111.17 M
2019-06-05 00:35:12,31.0,111.44 M
2019-06-05 00:35:14,21.0,113.72 M
2019-06-05 00:35:16,14.0,113.98 M
2019-06-05 00:35:18,24.0,113.01 M
2019-06-05 00:35:20,22.0,113.04 M
2019-06-05 00:35:22,24.0,113.04 M
2019-06-05 00:35:24,24.0,114.17 M
2019-06-05 00:35:26,26.0,115.20 M
2019-06-05 00:35:28,17.0,114.37 M
2019-06-05 00:35:30,22.0,115.59 M
2019-06-05 00:35:32,24.0,113.60 M
2019-06-05 00:35:34,21.0,115.91 M
2019-06-05 00:35:36,20.0,110.83 M
2019-06-05 00:35:38,22.0,111.70 M
2019-06-05 00:35:40,29.0,113.36 M
2019-06-05 00:35:42,24.0,113.36 M
2019-06-05 00:35:44,23.0,113.86 M
2019-06-05 00:35:46,29.0,110.05 M
2019-06-05 00:35:48,23.0,111.71 M
2019-06-05 00:35:50,30.0,111.32 M
2019-06-05 00:35:52,25.0,113.64 M
2019-06-05 00:35:54,26.0,112.53 M
2019-06-05 00:35:56,18.0,113.66 M
2019-06-05 00:35:58,27.0,114.25 M
2019-06-05 00:36:00,19.0,116.45 M
2019-06-05 00:36:02,32.0,114.95 M
2019-06-05 00:36:04,21.0,116.71 M
2019-06-05 00:36:06,35.0,116.58 M
2019-06-05 00:36:08,28.0,116.58 M
2019-06-05 00:36:11,23.0,117.90 M
2019-06-05 00:36:13,25.0,118.16 M
2019-06-05 00:36:15,26.0,118.34 M
2019-06-05 00:36:17,31.0,112.50 M
2019-06-05 00:36:19,24.0,114.75 M
2019-06-05 00:36:21,24.0,114.80 M
2019-06-05 00:36:23,25.0,116.01 M
2019-06-05 00:36:25,26.0,114.25 M
2019-06-05 00:36:27,24.0,116.19 M
2019-06-05 00:36:29,27.0,115.31 M
2019-06-05 00:36:31,27.0,117.04 M
2019-06-05 00:36:33,25.0,117.63 M
2019-06-05 00:36:35,19.0,117.63 M
2019-06-05 00:36:37,17.0,117.27 M
2019-06-05 00:36:39,25.0,117.27 M
2019-06-05 00:36:41,19.0,117.69 M
2019-06-05 00:36:43,35.0,118.45 M
2019-06-05 00:36:45,26.0,119.73 M
2019-06-05 00:36:47,20.0,120.22 M
2019-06-05 00:36:49,17.0,117.08 M
2019-06-05 00:36:51,32.0,115.82 M
2019-06-05 00:36:54,62.9,64.48 M
2019-06-05 00:36:56,58.9,90.01 M
2019-06-05 00:36:58,44.0,94.75 M
2019-06-05 00:37:00,45.9,94.41 M
2019-06-05 00:37:02,48.0,97.14 M
2019-06-05 00:37:04,46.9,94.48 M
2019-06-05 00:37:06,55.0,97.29 M
2019-06-05 00:37:08,49.9,99.12 M
2019-06-05 00:37:10,45.0,99.17 M
2019-06-05 00:37:12,36.0,99.28 M
2019-06-05 00:37:14,22.0,99.68 M
2019-06-05 00:37:16,23.0,101.90 M
2019-06-05 00:37:18,17.0,99.05 M
2019-06-05 00:37:20,30.0,100.98 M
2019-06-05 00:37:22,25.0,102.04 M
2019-06-05 00:37:24,22.0,102.04 M
2019-06-05 00:37:26,22.0,100.87 M
2019-06-05 00:37:28,37.0,99.53 M
2019-06-05 00:37:30,19.0,99.78 M
2019-06-05 00:37:32,28.0,99.97 M
2019-06-05 00:37:34,23.0,101.32 M
2019-06-05 00:37:36,21.0,101.67 M
2019-06-05 00:37:38,25.0,103.67 M
2019-06-05 00:37:40,24.0,100.55 M
2019-06-05 00:37:42,26.0,101.92 M
2019-06-05 00:37:44,30.0,100.88 M
2019-06-05 00:37:46,28.0,102.66 M
2019-06-05 00:37:48,22.0,103.27 M
2019-06-05 00:37:50,25.0,103.27 M
2019-06-05 00:37:52,24.0,103.60 M
2019-06-05 00:37:54,28.0,103.60 M
2019-06-05 00:37:56,23.0,103.52 M
2019-06-05 00:37:58,35.0,103.58 M
2019-06-05 00:38:00,20.0,104.80 M
2019-06-05 00:38:02,19.0,103.26 M
2019-06-05 00:38:04,22.0,104.83 M
2019-06-05 00:38:06,24.0,104.83 M
2019-06-05 00:38:08,26.0,103.77 M
2019-06-05 00:38:10,22.0,103.77 M
2019-06-05 00:38:12,29.0,104.56 M
2019-06-05 00:38:14,24.0,103.55 M
2019-06-05 00:38:16,26.0,105.43 M
2019-06-05 00:38:18,29.0,103.30 M
2019-06-05 00:38:20,21.0,105.31 M
2019-06-05 00:38:22,33.0,104.39 M
2019-06-05 00:38:24,21.0,105.91 M
2019-06-05 00:38:26,36.0,105.39 M
2019-06-05 00:38:28,29.0,106.93 M
2019-06-05 00:38:30,23.0,106.46 M
2019-06-05 00:38:32,23.0,106.71 M
2019-06-05 00:38:34,22.0,106.17 M
2019-06-05 00:38:36,22.0,106.17 M
2019-06-05 00:38:38,22.0,106.91 M
2019-06-05 00:38:40,28.0,107.42 M
2019-06-05 00:38:42,21.0,106.28 M
2019-06-05 00:38:44,20.0,106.28 M
2019-06-05 00:38:46,23.0,102.96 M
2019-06-05 00:38:48,21.0,102.96 M
2019-06-05 00:38:50,20.0,105.25 M
2019-06-05 00:38:52,31.0,104.54 M
2019-06-05 00:38:54,21.0,104.94 M
2019-06-05 00:38:56,28.0,105.60 M
2019-06-05 00:38:58,17.0,105.60 M
2019-06-05 00:39:00,31.0,104.75 M
2019-06-05 00:39:02,22.0,105.15 M
2019-06-05 00:39:04,36.0,106.04 M
2019-06-05 00:39:06,21.0,106.04 M
2019-06-05 00:39:08,23.0,105.70 M
2019-06-05 00:39:10,21.0,105.94 M
2019-06-05 00:39:12,22.0,105.15 M
2019-06-05 00:39:14,27.0,105.15 M
2019-06-05 00:39:16,22.0,105.76 M
2019-06-05 00:39:18,22.0,106.28 M
2019-06-05 00:39:21,20.0,105.59 M
2019-06-05 00:39:23,21.0,106.25 M
2019-06-05 00:39:25,20.0,106.08 M
2019-06-05 00:39:27,18.0,106.34 M
2019-06-05 00:39:29,27.0,107.52 M
2019-06-05 00:39:31,29.0,107.75 M
2019-06-05 00:39:33,24.0,108.26 M
2019-06-05 00:39:35,31.0,108.45 M
2019-06-05 00:39:37,23.0,109.74 M
2019-06-05 00:39:39,18.0,108.74 M
2019-06-05 00:39:41,20.0,108.98 M
2019-06-05 00:39:43,21.0,108.61 M
2019-06-05 00:39:45,25.0,108.61 M
2019-06-05 00:39:47,22.0,106.73 M
2019-06-05 00:39:49,24.0,106.85 M
2019-06-05 00:39:51,23.0,105.76 M
2019-06-05 00:39:53,27.0,105.76 M
2019-06-05 00:39:55,21.0,105.45 M
2019-06-05 00:39:57,18.0,105.96 M
2019-06-05 00:39:59,23.0,106.19 M
2019-06-05 00:40:01,27.0,106.19 M
2019-06-05 00:40:03,24.0,105.12 M
2019-06-05 00:40:05,33.0,105.25 M
2019-06-05 00:40:07,21.0,105.61 M
2019-06-05 00:40:09,27.0,105.77 M
2019-06-05 00:40:11,18.0,106.79 M
2019-06-05 00:40:13,27.0,106.13 M
2019-06-05 00:40:15,20.0,106.65 M
2019-06-05 00:40:17,24.0,105.87 M
2019-06-05 00:40:19,17.0,105.87 M
2019-06-05 00:40:21,25.0,105.16 M
2019-06-05 00:40:23,22.0,105.73 M
2019-06-05 00:40:25,26.0,104.07 M
2019-06-05 00:40:27,30.0,104.58 M
2019-06-05 00:40:29,27.0,104.83 M
2019-06-05 00:40:31,16.0,105.79 M
2019-06-05 00:40:33,18.0,105.79 M
2019-06-05 00:40:35,24.0,104.82 M
2019-06-05 00:40:37,25.0,105.07 M
2019-06-05 00:40:39,18.0,105.18 M
2019-06-05 00:40:41,51.9,105.04 M
2019-06-05 00:40:43,50.9,99.93 M
2019-06-05 00:40:45,39.0,99.02 M
2019-06-05 00:40:47,42.0,100.89 M
2019-06-05 00:40:49,44.0,101.81 M
2019-06-05 00:40:51,52.9,101.36 M
2019-06-05 00:40:53,46.9,103.33 M
2019-06-05 00:40:55,48.0,101.46 M
2019-06-05 00:40:57,53.0,104.28 M
2019-06-05 00:40:59,43.0,103.22 M
2019-06-05 00:41:01,37.0,104.94 M
2019-06-05 00:41:03,33.0,107.14 M
2019-06-05 00:41:05,26.0,106.00 M
2019-06-05 00:41:07,19.0,106.00 M
2019-06-05 00:41:09,22.0,108.21 M
2019-06-05 00:41:11,18.0,108.21 M
2019-06-05 00:41:13,17.0,105.06 M
2019-06-05 00:41:15,23.0,105.82 M
2019-06-05 00:41:17,20.0,106.98 M
2019-06-05 00:41:19,21.0,106.98 M
2019-06-05 00:41:21,20.0,106.43 M
2019-06-05 00:41:23,23.0,106.43 M
2019-06-05 00:41:25,25.0,104.64 M
2019-06-05 00:41:27,21.0,104.64 M
2019-06-05 00:41:29,19.0,105.03 M
2019-06-05 00:41:31,30.0,105.12 M
2019-06-05 00:41:33,29.0,105.95 M
2019-06-05 00:41:35,30.0,106.15 M
2019-06-05 00:41:37,20.0,107.09 M
2019-06-05 00:41:39,26.0,106.39 M
2019-06-05 00:41:41,24.0,106.39 M
2019-06-05 00:41:43,26.0,104.98 M
2019-06-05 00:41:45,30.0,105.48 M
2019-06-05 00:41:47,26.0,106.03 M
2019-06-05 00:41:49,22.0,106.33 M
2019-06-05 00:41:51,27.0,106.80 M
2019-06-05 00:41:54,57.9,61.12 M
2019-06-05 00:41:56,40.0,68.27 M
2019-06-05 00:41:58,42.0,86.36 M
2019-06-05 00:42:00,48.0,90.41 M
2019-06-05 00:42:02,37.0,92.11 M
2019-06-05 00:42:04,32.0,93.00 M
2019-06-05 00:42:06,34.0,94.01 M
2019-06-05 00:42:08,30.0,94.50 M
2019-06-05 00:42:10,26.0,96.66 M
2019-06-05 00:42:12,35.0,96.11 M
2019-06-05 00:42:14,36.0,97.87 M
2019-06-05 00:42:16,26.0,99.22 M
2019-06-05 00:42:18,29.0,99.45 M
2019-06-05 00:42:20,28.0,100.02 M
2019-06-05 00:42:22,36.0,97.33 M
2019-06-05 00:42:24,26.0,98.16 M
2019-06-05 00:42:26,33.0,97.14 M
2019-06-05 00:42:28,29.0,97.84 M
2019-06-05 00:42:30,24.0,98.58 M
2019-06-05 00:42:33,34.0,98.80 M
2019-06-05 00:42:35,29.0,100.42 M
2019-06-05 00:42:37,30.0,99.14 M
2019-06-05 00:42:39,26.0,100.81 M
2019-06-05 00:42:41,27.0,100.98 M
2019-06-05 00:42:43,26.0,99.54 M
2019-06-05 00:42:45,32.0,101.19 M
2019-06-05 00:42:47,28.0,100.40 M
2019-06-05 00:42:49,32.0,97.81 M
2019-06-05 00:42:51,25.0,98.38 M
2019-06-05 00:42:53,24.0,100.32 M
2019-06-05 00:42:55,36.0,98.86 M
2019-06-05 00:42:57,31.0,101.38 M
2019-06-05 00:42:59,23.0,101.62 M
2019-06-05 00:43:01,27.0,102.10 M
2019-06-05 00:43:03,28.0,99.38 M
2019-06-05 00:43:05,38.0,100.44 M
2019-06-05 00:43:07,25.0,100.44 M
2019-06-05 00:43:09,29.0,101.98 M
2019-06-05 00:43:11,33.0,100.77 M
2019-06-05 00:43:13,26.0,101.02 M
2019-06-05 00:43:15,23.0,101.03 M
2019-06-05 00:43:17,35.0,99.98 M
2019-06-05 00:43:19,25.0,102.23 M
2019-06-05 00:43:21,31.0,102.48 M
2019-06-05 00:43:23,25.0,100.53 M
2019-06-05 00:43:25,32.0,102.41 M
2019-06-05 00:43:27,29.0,100.14 M
2019-06-05 00:43:29,26.0,100.45 M
2019-06-05 00:43:31,25.0,102.29 M
2019-06-05 00:43:33,30.0,101.35 M
2019-06-05 00:43:35,23.0,102.62 M
2019-06-05 00:43:37,26.0,100.02 M
2019-06-05 00:43:39,39.0,100.15 M
2019-06-05 00:43:41,35.0,101.06 M
2019-06-05 00:43:43,29.0,100.93 M
2019-06-05 00:43:45,35.0,102.08 M
2019-06-05 00:43:47,37.0,100.38 M
2019-06-05 00:43:49,30.0,100.71 M
2019-06-05 00:43:51,34.0,100.88 M
2019-06-05 00:43:53,19.0,101.29 M
2019-06-05 00:43:55,40.0,101.66 M
2019-06-05 00:43:57,37.0,101.08 M
2019-06-05 00:43:59,36.0,101.84 M
2019-06-05 00:44:01,23.0,102.49 M
2019-06-05 00:44:03,35.0,102.55 M
2019-06-05 00:44:05,38.0,100.49 M
2019-06-05 00:44:07,37.0,101.29 M
2019-06-05 00:44:09,40.0,101.38 M
2019-06-05 00:44:11,28.0,99.38 M
2019-06-05 00:44:13,27.0,100.09 M
2019-06-05 00:44:15,30.0,100.84 M
2019-06-05 00:44:17,32.0,103.44 M
2019-06-05 00:44:19,32.0,101.05 M
2019-06-05 00:44:21,25.0,101.68 M
2019-06-05 00:44:23,29.0,102.54 M
2019-06-05 00:44:25,44.0,101.54 M
2019-06-05 00:44:27,43.0,101.15 M
2019-06-05 00:44:29,38.0,101.92 M
2019-06-05 00:44:31,37.0,102.17 M
2019-06-05 00:44:33,28.0,103.08 M
2019-06-05 00:44:35,32.0,104.08 M
2019-06-05 00:44:37,30.0,105.75 M
2019-06-05 00:44:39,31.0,105.62 M
2019-06-05 00:44:41,25.0,105.88 M
2019-06-05 00:44:43,28.0,104.16 M
2019-06-05 00:44:45,36.0,104.69 M
2019-06-05 00:44:47,28.0,103.29 M
2019-06-05 00:44:49,31.0,104.29 M
2019-06-05 00:44:51,28.0,105.27 M
2019-06-05 00:44:53,32.0,102.76 M
2019-06-05 00:44:55,37.0,103.05 M
2019-06-05 00:44:57,34.0,105.25 M
2019-06-05 00:44:59,25.0,102.65 M
2019-06-05 00:45:01,34.0,103.27 M
2019-06-05 00:45:03,32.0,102.01 M
2019-06-05 00:45:05,39.0,102.55 M
2019-06-05 00:45:07,40.0,103.43 M
2019-06-05 00:45:09,33.0,102.83 M
2019-06-05 00:45:11,41.9,105.98 M
2019-06-05 00:45:13,31.0,106.59 M
2019-06-05 00:45:15,25.0,106.59 M
2019-06-05 00:45:17,33.0,105.32 M
2019-06-05 00:45:19,27.0,103.78 M
2019-06-05 00:45:21,40.0,104.07 M
2019-06-05 00:45:23,25.0,106.66 M
2019-06-05 00:45:25,36.0,107.28 M
2019-06-05 00:45:27,38.0,106.83 M
2019-06-05 00:45:29,43.9,104.27 M
2019-06-05 00:45:31,34.0,102.82 M
2019-06-05 00:45:33,26.0,103.61 M
2019-06-05 00:45:35,23.0,104.98 M
2019-06-05 00:45:37,40.0,106.33 M
2019-06-05 00:45:39,32.0,106.08 M
2019-06-05 00:45:41,24.0,106.08 M
2019-06-05 00:45:43,24.0,104.50 M
2019-06-05 00:45:45,33.0,106.57 M
2019-06-05 00:45:47,43.0,106.04 M
2019-06-05 00:45:49,27.0,107.04 M
2019-06-05 00:45:51,31.0,106.12 M
2019-06-05 00:45:54,29.0,103.02 M
2019-06-05 00:45:56,25.0,102.98 M
2019-06-05 00:45:58,36.0,105.19 M
2019-06-05 00:46:00,27.0,104.42 M
2019-06-05 00:46:02,25.0,105.10 M
2019-06-05 00:46:04,27.0,105.18 M
2019-06-05 00:46:06,25.0,106.46 M
2019-06-05 00:46:08,26.0,105.27 M
2019-06-05 00:46:10,34.0,105.16 M
2019-06-05 00:46:12,23.0,105.16 M
2019-06-05 00:46:14,22.0,104.89 M
2019-06-05 00:46:16,30.0,104.71 M
2019-06-05 00:46:18,39.0,104.91 M
2019-06-05 00:46:20,28.0,103.61 M
2019-06-05 00:46:22,41.0,103.77 M
2019-06-05 00:46:24,33.0,103.86 M
2019-06-05 00:46:26,35.0,104.42 M
2019-06-05 00:46:28,28.0,103.83 M
2019-06-05 00:46:30,31.0,103.91 M
2019-06-05 00:46:32,35.0,105.43 M
2019-06-05 00:46:34,40.0,106.07 M
2019-06-05 00:46:36,37.0,108.25 M
2019-06-05 00:46:38,27.0,105.35 M
2019-06-05 00:46:40,34.0,105.35 M
2019-06-05 00:46:42,29.0,107.50 M
2019-06-05 00:46:44,28.0,107.40 M
2019-06-05 00:46:46,37.0,105.71 M
2019-06-05 00:46:48,31.0,107.57 M
2019-06-05 00:46:50,26.0,106.66 M
2019-06-05 00:46:52,35.0,107.23 M
2019-06-05 00:46:55,55.9,59.58 M
2019-06-05 00:46:57,70.9,67.71 M
2019-06-05 00:46:59,51.9,92.86 M
2019-06-05 00:47:01,55.0,90.98 M
2019-06-05 00:47:03,44.0,94.38 M
2019-06-05 00:47:05,45.9,94.35 M
2019-06-05 00:47:07,44.0,95.91 M
2019-06-05 00:47:09,59.9,96.53 M
2019-06-05 00:47:11,50.9,99.36 M
2019-06-05 00:47:13,47.0,100.00 M
2019-06-05 00:47:15,38.0,99.21 M
2019-06-05 00:47:17,35.0,100.28 M
2019-06-05 00:47:19,27.0,99.89 M
2019-06-05 00:47:21,33.0,98.21 M
2019-06-05 00:47:23,28.0,98.61 M
2019-06-05 00:47:25,33.0,98.81 M
2019-06-05 00:47:27,29.0,99.44 M
2019-06-05 00:47:29,29.0,98.46 M
2019-06-05 00:47:31,30.0,98.18 M
2019-06-05 00:47:33,29.0,99.88 M
2019-06-05 00:47:35,29.0,99.48 M
2019-06-05 00:47:37,33.0,98.75 M
2019-06-05 00:47:39,29.0,99.29 M
2019-06-05 00:47:41,26.0,98.78 M
2019-06-05 00:47:43,31.0,98.78 M
2019-06-05 00:47:45,28.0,100.96 M
2019-06-05 00:47:47,38.0,100.04 M
2019-06-05 00:47:49,32.0,100.43 M
2019-06-05 00:47:51,29.0,102.46 M
2019-06-05 00:47:53,25.0,102.71 M
2019-06-05 00:47:55,29.0,100.90 M
2019-06-05 00:47:57,31.0,101.30 M
2019-06-05 00:47:59,29.0,102.62 M
2019-06-05 00:48:01,21.0,103.56 M
2019-06-05 00:48:03,28.0,101.79 M
2019-06-05 00:48:05,25.0,102.92 M
2019-06-05 00:48:07,37.0,101.98 M
2019-06-05 00:48:09,28.0,101.98 M
2019-06-05 00:48:11,33.0,103.80 M
2019-06-05 00:48:13,37.0,103.36 M
2019-06-05 00:48:15,29.0,103.36 M
2019-06-05 00:48:17,37.0,103.18 M
2019-06-05 00:48:19,30.0,104.93 M
2019-06-05 00:48:21,30.0,105.19 M
2019-06-05 00:48:23,40.0,105.35 M
2019-06-05 00:48:25,31.0,105.77 M
2019-06-05 00:48:27,28.0,103.25 M
2019-06-05 00:48:29,33.0,103.45 M
2019-06-05 00:48:31,36.0,103.96 M
2019-06-05 00:48:33,25.0,103.50 M
2019-06-05 00:48:35,41.0,103.79 M
2019-06-05 00:48:37,33.0,104.76 M
2019-06-05 00:48:39,28.0,104.29 M
2019-06-05 00:48:41,35.0,103.68 M
2019-06-05 00:48:43,28.0,104.86 M
2019-06-05 00:48:45,35.0,104.46 M
2019-06-05 00:48:47,24.0,104.68 M
2019-06-05 00:48:49,31.0,105.90 M
2019-06-05 00:48:51,36.0,106.20 M
2019-06-05 00:48:53,48.9,103.68 M
2019-06-05 00:48:55,24.0,100.78 M
2019-06-05 00:48:58,30.0,100.78 M
2019-06-05 00:49:00,26.0,101.41 M
2019-06-05 00:49:02,36.0,101.44 M
2019-06-05 00:49:04,33.0,103.46 M
2019-06-05 00:49:06,23.0,103.91 M
2019-06-05 00:49:08,34.0,101.31 M
2019-06-05 00:49:10,25.0,102.40 M
2019-06-05 00:49:12,26.0,101.37 M
2019-06-05 00:49:14,29.0,101.37 M
2019-06-05 00:49:16,28.0,103.36 M
2019-06-05 00:49:18,34.0,103.62 M
2019-06-05 00:49:20,25.0,103.62 M
2019-06-05 00:49:22,30.0,103.21 M
2019-06-05 00:49:24,30.0,102.95 M
2019-06-05 00:49:26,31.0,103.62 M
2019-06-05 00:49:28,22.0,99.59 M
2019-06-05 00:49:30,30.0,99.59 M
2019-06-05 00:49:32,27.0,99.71 M
2019-06-05 00:49:34,36.0,101.24 M
2019-06-05 00:49:36,44.0,100.73 M
2019-06-05 00:49:38,28.0,101.39 M
2019-06-05 00:49:40,32.0,101.58 M
2019-06-05 00:49:42,25.0,102.32 M
2019-06-05 00:49:44,20.0,102.91 M
2019-06-05 00:49:46,31.0,99.79 M
2019-06-05 00:49:48,25.0,101.32 M
2019-06-05 00:49:50,27.0,101.57 M
2019-06-05 00:49:52,37.0,102.07 M
2019-06-05 00:49:54,26.0,101.52 M
2019-06-05 00:49:56,35.0,101.08 M
2019-06-05 00:49:58,31.0,102.13 M
2019-06-05 00:50:00,28.0,103.59 M
2019-06-05 00:50:02,38.0,100.99 M
2019-06-05 00:50:04,26.0,101.66 M
2019-06-05 00:50:06,36.0,101.77 M
2019-06-05 00:50:08,26.0,103.38 M
2019-06-05 00:50:10,31.0,103.35 M
2019-06-05 00:50:12,22.0,103.35 M
2019-06-05 00:50:14,31.0,104.51 M
2019-06-05 00:50:16,33.0,101.80 M
2019-06-05 00:50:18,26.0,103.54 M
2019-06-05 00:50:20,26.0,103.00 M
2019-06-05 00:50:22,36.0,103.36 M
2019-06-05 00:50:24,19.0,104.21 M
2019-06-05 00:50:26,28.0,104.63 M
2019-06-05 00:50:28,27.0,104.63 M
2019-06-05 00:50:30,31.0,103.81 M
2019-06-05 00:50:32,33.0,104.41 M
2019-06-05 00:50:34,35.0,104.93 M
2019-06-05 00:50:36,39.0,105.37 M
2019-06-05 00:50:38,26.0,105.59 M
2019-06-05 00:50:40,32.0,106.76 M
2019-06-05 00:50:42,26.0,105.08 M
2019-06-05 00:50:44,32.0,105.90 M
2019-06-05 00:50:46,35.0,106.12 M
2019-06-05 00:50:48,35.0,104.99 M
2019-06-05 00:50:50,32.0,106.59 M
2019-06-05 00:50:52,35.0,106.60 M
2019-06-05 00:50:54,32.0,105.98 M
2019-06-05 00:50:56,25.0,105.98 M
2019-06-05 00:50:58,28.0,106.40 M
2019-06-05 00:51:00,34.0,106.64 M
2019-06-05 00:51:02,30.0,100.13 M
2019-06-05 00:51:04,35.0,100.56 M
2019-06-05 00:51:06,33.0,102.29 M
2019-06-05 00:51:08,34.0,102.84 M
2019-06-05 00:51:10,32.0,103.35 M
2019-06-05 00:51:12,21.0,105.28 M
2019-06-05 00:51:14,31.0,105.04 M
2019-06-05 00:51:16,27.0,105.04 M
2019-06-05 00:51:18,29.0,106.95 M
2019-06-05 00:51:20,33.0,106.74 M
2019-06-05 00:51:22,29.0,107.78 M
2019-06-05 00:51:24,33.0,108.28 M
2019-06-05 00:51:26,39.0,108.54 M
2019-06-05 00:51:28,28.0,108.80 M
2019-06-05 00:51:30,34.0,107.23 M
2019-06-05 00:51:32,45.9,106.64 M
2019-06-05 00:51:34,36.0,106.64 M
2019-06-05 00:51:36,32.0,109.14 M
2019-06-05 00:51:38,38.0,110.59 M
2019-06-05 00:51:40,32.0,108.53 M
2019-06-05 00:51:42,33.0,109.23 M
2019-06-05 00:51:44,29.0,106.95 M
2019-06-05 00:51:46,40.9,105.17 M
2019-06-05 00:51:48,32.0,106.40 M
2019-06-05 00:51:50,25.0,105.80 M
2019-06-05 00:51:52,39.0,107.32 M
2019-06-05 00:51:54,34.0,108.46 M
2019-06-05 00:51:57,55.0,65.66 M
2019-06-05 00:51:59,39.0,70.69 M
2019-06-05 00:52:01,41.0,87.82 M
2019-06-05 00:52:03,29.0,91.55 M
2019-06-05 00:52:05,42.0,93.29 M
2019-06-05 00:52:08,28.0,96.04 M
2019-06-05 00:52:10,40.0,95.55 M
2019-06-05 00:52:12,37.0,98.35 M
2019-06-05 00:52:14,34.0,98.00 M
2019-06-05 00:52:16,37.0,96.08 M
2019-06-05 00:52:18,34.0,98.49 M
2019-06-05 00:52:20,33.0,97.83 M
2019-06-05 00:52:22,31.0,99.79 M
2019-06-05 00:52:24,33.0,97.17 M
2019-06-05 00:52:26,33.0,98.91 M
2019-06-05 00:52:28,24.0,100.42 M
2019-06-05 00:52:30,35.0,98.21 M
2019-06-05 00:52:32,34.0,100.48 M
2019-06-05 00:52:34,35.0,101.85 M
2019-06-05 00:52:36,23.0,102.62 M
2019-06-05 00:52:38,29.0,103.03 M
2019-06-05 00:52:40,31.0,97.85 M
2019-06-05 00:52:42,22.0,100.11 M
2019-06-05 00:52:44,25.0,99.21 M
2019-06-05 00:52:46,28.0,99.21 M
2019-06-05 00:52:48,19.0,96.94 M
2019-06-05 00:52:50,22.0,96.94 M
2019-06-05 00:52:52,31.0,98.86 M
2019-06-05 00:52:54,26.0,98.86 M
2019-06-05 00:52:56,31.0,97.96 M
2019-06-05 00:52:58,30.0,98.64 M
2019-06-05 00:53:00,29.0,101.14 M
2019-06-05 00:53:02,28.0,99.59 M
2019-06-05 00:53:04,25.0,97.68 M
2019-06-05 00:53:06,24.0,98.01 M
2019-06-05 00:53:08,35.0,98.23 M
2019-06-05 00:53:10,25.0,99.29 M
2019-06-05 00:53:12,25.0,99.60 M
2019-06-05 00:53:14,32.0,97.79 M
2019-06-05 00:53:16,28.0,99.53 M
2019-06-05 00:53:18,36.0,98.19 M
2019-06-05 00:53:20,24.0,99.40 M
2019-06-05 00:53:22,32.0,102.02 M
2019-06-05 00:53:24,20.0,102.02 M
2019-06-05 00:53:26,28.0,99.67 M
2019-06-05 00:53:28,19.0,99.67 M
2019-06-05 00:53:30,28.0,100.40 M
2019-06-05 00:53:32,20.0,101.07 M
2019-06-05 00:53:34,32.0,98.73 M
2019-06-05 00:53:36,30.0,97.74 M
2019-06-05 00:53:38,24.0,100.06 M
2019-06-05 00:53:40,26.0,100.26 M
2019-06-05 00:53:42,31.0,98.37 M
2019-06-05 00:53:44,28.0,100.21 M
2019-06-05 00:53:46,30.0,98.71 M
2019-06-05 00:53:48,25.0,100.70 M
2019-06-05 00:53:50,24.0,97.39 M
2019-06-05 00:53:52,23.0,97.39 M
2019-06-05 00:53:54,31.0,99.74 M
2019-06-05 00:53:56,28.0,98.92 M
2019-06-05 00:53:58,31.0,100.44 M
2019-06-05 00:54:00,25.0,102.30 M
2019-06-05 00:54:02,27.0,102.82 M
2019-06-05 00:54:04,29.0,101.25 M
2019-06-05 00:54:06,31.0,100.07 M
2019-06-05 00:54:08,33.0,101.06 M
2019-06-05 00:54:10,27.0,101.56 M
2019-06-05 00:54:12,25.0,102.07 M
2019-06-05 00:54:14,24.0,101.01 M
2019-06-05 00:54:16,29.0,100.31 M
2019-06-05 00:54:18,27.0,100.49 M
2019-06-05 00:54:20,23.0,98.52 M
2019-06-05 00:54:22,26.0,98.52 M
2019-06-05 00:54:24,31.0,98.96 M
2019-06-05 00:54:26,34.0,97.81 M
2019-06-05 00:54:28,23.0,99.84 M
2019-06-05 00:54:30,23.0,98.20 M
2019-06-05 00:54:32,36.0,98.46 M
2019-06-05 00:54:34,24.0,101.02 M
2019-06-05 00:54:36,32.0,99.46 M
2019-06-05 00:54:38,27.0,100.45 M
2019-06-05 00:54:40,37.0,100.34 M
2019-06-05 00:54:42,36.0,99.34 M
2019-06-05 00:54:44,24.0,101.52 M
2019-06-05 00:54:46,33.0,98.40 M
2019-06-05 00:54:48,31.0,100.61 M
2019-06-05 00:54:50,28.0,101.29 M
2019-06-05 00:54:52,27.0,101.80 M
2019-06-05 00:54:54,34.0,101.65 M
2019-06-05 00:54:56,31.0,99.63 M
2019-06-05 00:54:59,59.9,59.22 M
2019-06-05 00:55:01,77.9,69.46 M
2019-06-05 00:55:03,48.9,92.56 M
2019-06-05 00:55:05,51.0,95.73 M
2019-06-05 00:55:07,52.9,96.22 M
2019-06-05 00:55:10,56.9,97.84 M
2019-06-05 00:55:12,60.0,95.38 M
2019-06-05 00:55:14,36.0,96.95 M
2019-06-05 00:55:16,41.0,97.42 M
2019-06-05 00:55:18,39.9,97.79 M
2019-06-05 00:55:20,43.0,98.55 M
2019-06-05 00:55:22,40.0,98.71 M
2019-06-05 00:55:24,29.0,98.66 M
2019-06-05 00:55:26,39.0,99.34 M
2019-06-05 00:55:28,35.0,100.38 M
2019-06-05 00:55:30,38.0,100.34 M
2019-06-05 00:55:32,37.0,99.48 M
2019-06-05 00:55:34,43.0,100.18 M
2019-06-05 00:55:36,32.0,101.55 M
2019-06-05 00:55:38,35.0,102.37 M
2019-06-05 00:55:40,36.0,99.50 M
2019-06-05 00:55:42,35.0,99.92 M
2019-06-05 00:55:44,35.0,101.49 M
2019-06-05 00:55:46,51.0,99.10 M
2019-06-05 00:55:48,43.0,99.72 M
2019-06-05 00:55:50,42.0,99.20 M
2019-06-05 00:55:52,31.0,98.23 M
2019-06-05 00:55:54,35.0,100.53 M
2019-06-05 00:55:56,29.0,99.74 M
2019-06-05 00:55:58,32.0,100.41 M
2019-06-05 00:56:00,37.0,99.71 M
2019-06-05 00:56:02,31.0,102.19 M
2019-06-05 00:56:04,43.0,98.85 M
2019-06-05 00:56:06,47.9,100.45 M
2019-06-05 00:56:08,40.0,103.53 M
2019-06-05 00:56:10,35.0,106.10 M
2019-06-05 00:56:12,32.0,106.60 M
2019-06-05 00:56:14,26.0,107.63 M
2019-06-05 00:56:16,32.0,101.12 M
2019-06-05 00:56:18,38.0,102.30 M
2019-06-05 00:56:20,40.0,101.50 M
2019-06-05 00:56:22,30.0,101.80 M
2019-06-05 00:56:24,39.0,101.42 M
2019-06-05 00:56:26,40.0,103.70 M
2019-06-05 00:56:28,40.0,102.74 M
2019-06-05 00:56:30,33.0,103.74 M
2019-06-05 00:56:32,39.0,102.98 M
2019-06-05 00:56:34,42.9,103.09 M
2019-06-05 00:56:36,28.0,103.34 M
2019-06-05 00:56:38,39.0,102.95 M
2019-06-05 00:56:40,43.0,104.95 M
2019-06-05 00:56:42,34.0,104.95 M
2019-06-05 00:56:44,30.0,104.88 M
2019-06-05 00:56:46,38.0,105.32 M
2019-06-05 00:56:48,44.0,103.50 M
2019-06-05 00:56:50,35.0,103.89 M
2019-06-05 00:56:52,39.0,105.13 M
2019-06-05 00:56:54,34.0,105.21 M
2019-06-05 00:56:56,49.0,103.12 M
2019-06-05 00:56:58,39.0,101.51 M
2019-06-05 00:57:00,36.0,101.56 M
2019-06-05 00:57:02,37.0,103.18 M
2019-06-05 00:57:04,38.0,101.27 M
2019-06-05 00:57:06,31.0,102.18 M
2019-06-05 00:57:08,39.0,103.82 M
2019-06-05 00:57:10,38.0,102.79 M
2019-06-05 00:57:12,28.0,102.81 M
2019-06-05 00:57:14,28.0,103.75 M
2019-06-05 00:57:16,33.0,104.96 M
2019-06-05 00:57:18,42.0,105.60 M
2019-06-05 00:57:20,42.0,104.27 M
2019-06-05 00:57:22,29.0,104.82 M
2019-06-05 00:57:24,31.0,103.06 M
2019-06-05 00:57:26,31.0,104.13 M
2019-06-05 00:57:28,38.0,105.69 M
2019-06-05 00:57:30,31.0,103.14 M
2019-06-05 00:57:32,36.0,101.77 M
2019-06-05 00:57:34,33.0,101.57 M
2019-06-05 00:57:36,32.0,102.01 M
2019-06-05 00:57:38,43.9,103.07 M
2019-06-05 00:57:40,35.0,102.38 M
2019-06-05 00:57:42,34.0,101.23 M
2019-06-05 00:57:44,40.0,101.53 M
2019-06-05 00:57:46,28.0,103.28 M
2019-06-05 00:57:48,37.0,101.81 M
2019-06-05 00:57:50,38.0,99.44 M
2019-06-05 00:57:52,47.0,101.57 M
2019-06-05 00:57:54,41.0,102.50 M
2019-06-05 00:57:56,34.0,103.00 M
2019-06-05 00:57:58,47.9,104.16 M
2019-06-05 00:58:00,39.0,103.91 M
2019-06-05 00:58:02,24.0,102.87 M
2019-06-05 00:58:04,32.0,101.86 M
2019-06-05 00:58:06,38.0,101.86 M
2019-06-05 00:58:08,37.0,101.85 M
2019-06-05 00:58:10,38.0,104.34 M
2019-06-05 00:58:12,34.0,103.03 M
2019-06-05 00:58:14,38.0,102.87 M
2019-06-05 00:58:16,37.0,103.98 M
2019-06-05 00:58:18,40.0,102.53 M
2019-06-05 00:58:20,36.0,104.51 M
2019-06-05 00:58:22,32.0,102.58 M
2019-06-05 00:58:24,44.9,104.03 M
2019-06-05 00:58:26,37.0,104.05 M
2019-06-05 00:58:28,39.0,104.63 M
2019-06-05 00:58:30,31.0,105.90 M
2019-06-05 00:58:32,38.0,105.46 M
2019-06-05 00:58:34,33.0,105.68 M
2019-06-05 00:58:36,40.0,106.09 M
2019-06-05 00:58:38,27.0,106.34 M
2019-06-05 00:58:40,34.0,108.30 M
2019-06-05 00:58:43,35.0,104.13 M
2019-06-05 00:58:45,41.0,105.88 M
2019-06-05 00:58:47,33.0,106.13 M
2019-06-05 00:58:49,31.0,108.38 M
2019-06-05 00:58:51,34.0,108.71 M
2019-06-05 00:58:53,43.9,105.38 M
2019-06-05 00:58:55,35.0,105.22 M
2019-06-05 00:58:57,38.0,104.54 M
2019-06-05 00:58:59,34.0,104.54 M
2019-06-05 00:59:01,35.0,106.61 M
2019-06-05 00:59:03,32.0,105.46 M
2019-06-05 00:59:05,37.0,104.18 M
2019-06-05 00:59:07,39.0,102.76 M
2019-06-05 00:59:09,27.0,104.71 M
2019-06-05 00:59:11,32.0,102.50 M
2019-06-05 00:59:13,35.0,103.98 M
2019-06-05 00:59:15,49.0,105.71 M
2019-06-05 00:59:17,39.0,103.18 M
2019-06-05 00:59:19,34.0,103.58 M
2019-06-05 00:59:21,32.0,103.94 M
2019-06-05 00:59:23,33.0,102.23 M
2019-06-05 00:59:25,34.0,102.72 M
2019-06-05 00:59:27,36.0,101.45 M
2019-06-05 00:59:29,38.0,104.05 M
2019-06-05 00:59:31,32.0,103.07 M
2019-06-05 00:59:33,38.0,103.23 M
2019-06-05 00:59:35,40.0,101.57 M
2019-06-05 00:59:37,31.0,101.57 M
2019-06-05 00:59:39,41.0,103.25 M
2019-06-05 00:59:41,40.0,104.68 M
2019-06-05 00:59:43,24.0,104.86 M
2019-06-05 00:59:45,43.0,103.13 M
2019-06-05 00:59:47,28.0,104.52 M
2019-06-05 00:59:49,36.0,103.13 M
2019-06-05 00:59:51,37.0,105.05 M
2019-06-05 00:59:53,38.0,102.92 M
2019-06-05 00:59:55,43.0,102.00 M
2019-06-05 00:59:57,24.0,102.52 M
2019-06-05 00:59:59,37.0,104.71 M
2019-06-05 01:00:01,49.0,53.44 M
2019-06-05 01:00:03,49.0,70.50 M
2019-06-05 01:00:05,47.0,88.17 M
2019-06-05 01:00:07,35.0,92.66 M
2019-06-05 01:00:09,38.0,93.12 M
2019-06-05 01:00:11,30.0,93.23 M
2019-06-05 01:00:13,36.0,94.23 M
2019-06-05 01:00:15,39.0,96.66 M
2019-06-05 01:00:17,37.0,98.41 M
2019-06-05 01:00:19,43.0,95.25 M
2019-06-05 01:00:21,29.0,95.46 M
2019-06-05 01:00:23,35.0,95.60 M
2019-06-05 01:00:25,40.0,97.24 M
2019-06-05 01:00:27,31.0,96.69 M
2019-06-05 01:00:29,26.0,97.19 M
2019-06-05 01:00:31,34.0,98.53 M
2019-06-05 01:00:33,27.0,97.59 M
2019-06-05 01:00:35,29.0,97.82 M
2019-06-05 01:00:37,30.0,98.64 M
2019-06-05 01:00:39,30.0,95.71 M
2019-06-05 01:00:41,25.0,97.62 M
2019-06-05 01:00:43,27.0,98.75 M
2019-06-05 01:00:45,30.0,98.75 M
2019-06-05 01:00:47,32.0,97.74 M
2019-06-05 01:00:49,27.0,99.86 M
2019-06-05 01:00:51,31.0,100.34 M
2019-06-05 01:00:53,27.0,101.95 M
2019-06-05 01:00:55,33.0,99.97 M
2019-06-05 01:00:57,22.0,99.97 M
2019-06-05 01:00:59,30.0,98.40 M
2019-06-05 01:01:01,24.0,98.40 M
2019-06-05 01:01:03,26.0,99.52 M
2019-06-05 01:01:05,33.0,98.92 M
2019-06-05 01:01:07,27.0,100.82 M
2019-06-05 01:01:09,32.0,98.69 M
2019-06-05 01:01:11,31.0,99.89 M
2019-06-05 01:01:13,21.0,100.14 M
2019-06-05 01:01:15,24.0,100.14 M
2019-06-05 01:01:17,27.0,100.73 M
2019-06-05 01:01:19,32.0,100.16 M
2019-06-05 01:01:21,35.0,102.26 M
2019-06-05 01:01:23,21.0,102.02 M
2019-06-05 01:01:25,24.0,102.02 M
2019-06-05 01:01:27,26.0,101.66 M
2019-06-05 01:01:29,30.0,101.82 M
2019-06-05 01:01:31,28.0,102.70 M
2019-06-05 01:01:33,29.0,101.98 M
2019-06-05 01:01:35,30.0,102.23 M
2019-06-05 01:01:37,33.0,102.65 M
2019-06-05 01:01:39,29.0,101.22 M
2019-06-05 01:01:41,29.0,103.39 M
2019-06-05 01:01:43,17.0,102.32 M
2019-06-05 01:01:45,27.0,102.32 M
2019-06-05 01:01:47,23.0,101.54 M
2019-06-05 01:01:49,31.0,101.78 M
2019-06-05 01:01:51,21.0,103.05 M
2019-06-05 01:01:53,35.0,102.67 M
2019-06-05 01:01:55,27.0,102.67 M
2019-06-05 01:01:58,26.0,102.45 M
2019-06-05 01:02:00,37.0,102.80 M
2019-06-05 01:02:02,24.0,104.40 M
2019-06-05 01:02:04,34.0,105.53 M
2019-06-05 01:02:06,32.0,104.29 M
2019-06-05 01:02:08,24.0,105.21 M
2019-06-05 01:02:10,31.0,101.49 M
2019-06-05 01:02:12,28.0,101.85 M
2019-06-05 01:02:14,22.0,103.20 M
2019-06-05 01:02:16,27.0,102.76 M
2019-06-05 01:02:18,24.0,103.27 M
2019-06-05 01:02:20,24.0,103.68 M
2019-06-05 01:02:22,28.0,103.94 M
2019-06-05 01:02:24,23.0,105.18 M
2019-06-05 01:02:26,27.0,104.53 M
2019-06-05 01:02:28,20.0,104.79 M
2019-06-05 01:02:30,28.0,107.35 M
2019-06-05 01:02:32,27.0,107.35 M
2019-06-05 01:02:34,19.0,105.01 M
2019-06-05 01:02:36,30.0,105.67 M
2019-06-05 01:02:38,26.0,106.00 M
2019-06-05 01:02:40,30.0,105.95 M
2019-06-05 01:02:42,23.0,107.02 M
2019-06-05 01:02:44,24.0,106.97 M
2019-06-05 01:02:46,29.0,104.87 M
2019-06-05 01:02:48,27.0,106.23 M
2019-06-05 01:02:50,27.0,105.76 M
2019-06-05 01:02:52,32.0,105.76 M
2019-06-05 01:02:54,25.0,108.00 M
2019-06-05 01:02:56,30.0,106.43 M
2019-06-05 01:02:58,31.0,107.70 M
2019-06-05 01:03:00,23.0,109.16 M
2019-06-05 01:03:02,32.0,105.02 M
2019-06-05 01:03:04,24.0,105.23 M
2019-06-05 01:03:06,19.0,105.67 M
2019-06-05 01:03:08,32.0,105.71 M
2019-06-05 01:03:10,27.0,107.28 M
2019-06-05 01:03:12,32.0,106.59 M
2019-06-05 01:03:14,24.0,108.11 M
2019-06-05 01:03:16,31.0,109.59 M
2019-06-05 01:03:18,24.0,109.59 M
2019-06-05 01:03:20,22.0,107.27 M
2019-06-05 01:03:22,32.0,107.84 M
2019-06-05 01:03:24,31.0,109.48 M
2019-06-05 01:03:26,22.0,108.74 M
2019-06-05 01:03:28,22.0,108.74 M
2019-06-05 01:03:30,24.0,109.47 M
2019-06-05 01:03:32,27.0,107.17 M
2019-06-05 01:03:34,31.0,107.32 M
2019-06-05 01:03:36,34.0,107.68 M
2019-06-05 01:03:38,23.0,109.05 M
2019-06-05 01:03:40,22.0,110.56 M
2019-06-05 01:03:42,29.0,109.87 M
2019-06-05 01:03:44,26.0,111.39 M
2019-06-05 01:03:46,33.0,110.61 M
2019-06-05 01:03:48,26.0,110.61 M
2019-06-05 01:03:50,24.0,111.55 M
2019-06-05 01:03:52,20.0,110.78 M
2019-06-05 01:03:54,25.0,112.20 M
2019-06-05 01:03:56,32.0,110.23 M
2019-06-05 01:03:58,27.0,110.95 M
2019-06-05 01:04:00,27.0,112.17 M
2019-06-05 01:04:02,27.0,112.05 M
2019-06-05 01:04:04,24.0,113.49 M
2019-06-05 01:04:06,29.0,111.44 M
2019-06-05 01:04:08,26.0,111.84 M
2019-06-05 01:04:10,24.0,111.23 M
2019-06-05 01:04:12,26.0,111.23 M
2019-06-05 01:04:14,26.0,111.12 M
2019-06-05 01:04:16,28.0,111.68 M
2019-06-05 01:04:18,28.0,112.46 M
2019-06-05 01:04:20,29.0,114.69 M
2019-06-05 01:04:22,25.0,114.69 M
2019-06-05 01:04:24,29.0,113.79 M
2019-06-05 01:04:26,33.0,113.66 M
2019-06-05 01:04:28,23.0,113.66 M
2019-06-05 01:04:30,26.0,114.80 M
2019-06-05 01:04:32,30.0,111.20 M
2019-06-05 01:04:34,27.0,113.32 M
2019-06-05 01:04:36,24.0,112.94 M
2019-06-05 01:04:38,26.0,112.75 M
2019-06-05 01:04:40,25.0,112.75 M
2019-06-05 01:04:42,34.0,111.71 M
2019-06-05 01:04:44,30.0,111.71 M
2019-06-05 01:04:46,25.0,112.52 M
2019-06-05 01:04:48,37.0,112.56 M
2019-06-05 01:04:50,21.0,113.33 M
2019-06-05 01:04:52,22.0,114.32 M
2019-06-05 01:04:54,28.0,114.52 M
2019-06-05 01:04:56,30.0,116.34 M
2019-06-05 01:04:58,28.0,114.29 M
2019-06-05 01:05:04,54.0,58.45 M
2019-06-05 01:05:06,63.9,86.47 M
2019-06-05 01:05:08,50.0,92.38 M
2019-06-05 01:05:10,34.0,93.99 M
2019-06-05 01:05:12,36.0,95.23 M
2019-06-05 01:05:14,54.9,94.35 M
2019-06-05 01:05:16,52.9,94.16 M
2019-06-05 01:05:18,49.0,96.02 M
2019-06-05 01:05:20,40.0,95.70 M
2019-06-05 01:05:22,43.0,97.33 M
2019-06-05 01:05:24,29.0,95.66 M
2019-06-05 01:05:26,35.0,96.20 M
2019-06-05 01:05:28,41.0,96.55 M
2019-06-05 01:05:30,40.0,97.38 M
2019-06-05 01:05:32,39.0,96.38 M
2019-06-05 01:05:34,47.9,97.48 M
2019-06-05 01:05:36,35.0,97.89 M
2019-06-05 01:05:38,43.0,96.43 M
2019-06-05 01:05:40,39.0,97.46 M
2019-06-05 01:05:42,45.0,97.47 M
2019-06-05 01:05:44,31.0,98.24 M
2019-06-05 01:05:46,51.9,97.25 M
2019-06-05 01:05:48,50.0,99.33 M
2019-06-05 01:05:50,33.0,98.90 M
2019-06-05 01:05:52,34.0,99.42 M
2019-06-05 01:05:54,42.0,97.63 M
2019-06-05 01:05:56,40.0,97.98 M
2019-06-05 01:05:58,42.0,99.20 M
2019-06-05 01:06:00,46.0,98.54 M
2019-06-05 01:06:02,43.9,99.02 M
2019-06-05 01:06:04,48.0,98.16 M
2019-06-05 01:06:06,48.9,97.93 M
2019-06-05 01:06:08,40.0,98.50 M
2019-06-05 01:06:10,35.0,97.55 M
2019-06-05 01:06:12,34.0,96.95 M
2019-06-05 01:06:14,54.0,98.62 M
2019-06-05 01:06:16,37.0,98.05 M
2019-06-05 01:06:18,29.0,98.52 M
2019-06-05 01:06:20,30.0,99.52 M
2019-06-05 01:06:22,40.9,97.65 M
2019-06-05 01:06:24,35.0,97.65 M
2019-06-05 01:06:26,25.0,98.27 M
2019-06-05 01:06:28,31.0,99.75 M
2019-06-05 01:06:30,42.0,100.44 M
2019-06-05 01:06:32,28.0,97.61 M
2019-06-05 01:06:34,17.0,97.72 M
2019-06-05 01:06:36,27.0,98.73 M
2019-06-05 01:06:38,24.0,98.04 M
2019-06-05 01:06:40,33.0,97.82 M
2019-06-05 01:06:42,27.0,98.98 M
2019-06-05 01:06:44,40.0,100.45 M
2019-06-05 01:06:46,39.0,102.62 M
2019-06-05 01:06:48,34.0,96.87 M
2019-06-05 01:06:50,43.0,99.05 M
2019-06-05 01:06:52,30.0,99.16 M
2019-06-05 01:06:54,34.0,98.54 M
2019-06-05 01:06:56,39.0,97.23 M
2019-06-05 01:06:58,36.0,98.73 M
2019-06-05 01:07:00,40.0,98.07 M
2019-06-05 01:07:02,42.9,100.70 M
2019-06-05 01:07:04,42.0,98.14 M
2019-06-05 01:07:06,29.0,98.32 M
2019-06-05 01:07:08,54.0,99.93 M
2019-06-05 01:07:10,24.0,99.93 M
2019-06-05 01:07:12,45.0,98.82 M
2019-06-05 01:07:14,25.0,100.30 M
2019-06-05 01:07:16,44.9,101.24 M
2019-06-05 01:07:18,30.0,103.29 M
2019-06-05 01:07:20,25.0,99.18 M
2019-06-05 01:07:22,34.0,99.48 M
2019-06-05 01:07:24,29.0,100.08 M
2019-06-05 01:07:26,32.0,102.03 M
2019-06-05 01:07:28,27.0,100.43 M
2019-06-05 01:07:30,45.0,98.59 M
2019-06-05 01:07:32,45.0,100.98 M
2019-06-05 01:07:34,34.0,99.80 M
2019-06-05 01:07:36,27.0,100.85 M
2019-06-05 01:07:38,49.9,99.67 M
2019-06-05 01:07:40,36.0,101.38 M
2019-06-05 01:07:42,27.0,101.64 M
2019-06-05 01:07:44,29.0,102.80 M
2019-06-05 01:07:46,40.0,99.93 M
2019-06-05 01:07:48,43.9,99.00 M
2019-06-05 01:07:50,30.0,99.46 M
2019-06-05 01:07:52,38.0,99.38 M
2019-06-05 01:07:54,36.0,100.46 M
2019-06-05 01:07:56,44.0,100.85 M
2019-06-05 01:07:58,31.0,100.18 M
2019-06-05 01:08:00,47.0,100.10 M
2019-06-05 01:08:02,32.0,101.08 M
2019-06-05 01:08:04,30.0,100.74 M
2019-06-05 01:08:06,38.0,99.82 M
2019-06-05 01:08:09,27.0,101.62 M
2019-06-05 01:08:11,32.0,100.18 M
2019-06-05 01:08:13,48.0,100.12 M
2019-06-05 01:08:15,31.0,100.36 M
2019-06-05 01:08:17,44.0,99.75 M
2019-06-05 01:08:19,39.0,101.32 M
2019-06-05 01:08:21,31.0,102.30 M
2019-06-05 01:08:23,39.0,102.80 M
2019-06-05 01:08:25,41.0,99.79 M
2019-06-05 01:08:27,43.9,101.89 M
2019-06-05 01:08:29,41.0,101.60 M
2019-06-05 01:08:31,38.0,101.66 M
2019-06-05 01:08:34,57.0,55.96 M
2019-06-05 01:08:36,36.0,68.34 M
2019-06-05 01:08:38,45.0,87.82 M
2019-06-05 01:08:40,38.0,91.07 M
2019-06-05 01:08:42,39.0,92.32 M
2019-06-05 01:08:44,26.0,94.52 M
2019-06-05 01:08:46,35.0,94.92 M
2019-06-05 01:08:48,31.0,94.38 M
2019-06-05 01:08:50,40.0,97.05 M
2019-06-05 01:08:52,45.9,97.23 M
2019-06-05 01:08:54,34.0,97.49 M
2019-06-05 01:08:56,33.0,96.88 M
2019-06-05 01:08:58,32.0,96.38 M
2019-06-05 01:09:00,34.0,96.79 M
2019-06-05 01:09:02,30.0,99.47 M
2019-06-05 01:09:04,35.0,97.20 M
2019-06-05 01:09:06,32.0,99.13 M
2019-06-05 01:09:08,29.0,101.03 M
2019-06-05 01:09:10,24.0,101.27 M
2019-06-05 01:09:12,30.0,101.95 M
2019-06-05 01:09:14,23.0,99.71 M
2019-06-05 01:09:16,26.0,99.71 M
2019-06-05 01:09:18,31.0,100.38 M
2019-06-05 01:09:20,36.0,99.31 M
2019-06-05 01:09:22,31.0,101.26 M
2019-06-05 01:09:24,30.0,102.61 M
2019-06-05 01:09:26,34.0,98.08 M
2019-06-05 01:09:28,32.0,100.35 M
2019-06-05 01:09:30,30.0,101.21 M
2019-06-05 01:09:32,29.0,101.94 M
2019-06-05 01:09:34,34.0,103.60 M
2019-06-05 01:09:36,28.0,104.46 M
2019-06-05 01:09:38,35.0,101.83 M
2019-06-05 01:09:40,26.0,102.80 M
2019-06-05 01:09:42,32.0,103.37 M
2019-06-05 01:09:44,34.0,100.62 M
2019-06-05 01:09:46,22.0,102.16 M
2019-06-05 01:09:48,27.0,104.25 M
2019-06-05 01:09:50,35.0,103.60 M
2019-06-05 01:09:52,28.0,103.66 M
2019-06-05 01:09:54,27.0,101.71 M
2019-06-05 01:09:56,32.0,103.73 M
2019-06-05 01:09:58,23.0,106.09 M
2019-06-05 01:10:00,30.0,105.14 M
2019-06-05 01:10:02,28.0,105.75 M
2019-06-05 01:10:04,24.0,104.97 M
2019-06-05 01:10:06,27.0,104.97 M
2019-06-05 01:10:08,26.0,103.35 M
2019-06-05 01:10:10,32.0,102.75 M
2019-06-05 01:10:12,24.0,102.75 M
2019-06-05 01:10:14,24.0,105.84 M
2019-06-05 01:10:16,28.0,105.08 M
2019-06-05 01:10:18,28.0,105.54 M
2019-06-05 01:10:20,17.0,106.41 M
2019-06-05 01:10:22,26.0,106.41 M
2019-06-05 01:10:24,27.0,106.58 M
2019-06-05 01:10:26,34.0,106.88 M
2019-06-05 01:10:28,26.0,108.16 M
2019-06-05 01:10:30,25.0,108.09 M
2019-06-05 01:10:32,40.0,105.54 M
2019-06-05 01:10:34,27.0,107.30 M
2019-06-05 01:10:36,24.0,106.79 M
2019-06-05 01:10:38,28.0,107.04 M
2019-06-05 01:10:40,22.0,108.65 M
2019-06-05 01:10:42,32.0,106.73 M
2019-06-05 01:10:44,29.0,108.51 M
2019-06-05 01:10:46,27.0,107.02 M
2019-06-05 01:10:48,24.0,107.23 M
2019-06-05 01:10:50,24.0,109.34 M
2019-06-05 01:10:52,33.0,110.34 M
2019-06-05 01:10:54,28.0,109.84 M
2019-06-05 01:10:57,22.0,111.99 M
2019-06-05 01:10:59,26.0,111.54 M
2019-06-05 01:11:01,31.0,109.63 M
2019-06-05 01:11:03,24.0,111.53 M
2019-06-05 01:11:05,32.0,108.23 M
2019-06-05 01:11:07,25.0,109.25 M
2019-06-05 01:11:09,28.0,111.46 M
2019-06-05 01:11:11,20.0,111.98 M
2019-06-05 01:11:13,28.0,111.63 M
2019-06-05 01:11:15,28.0,111.50 M
2019-06-05 01:11:17,20.0,111.83 M
2019-06-05 01:11:19,31.0,113.22 M
2019-06-05 01:11:21,35.0,112.39 M
2019-06-05 01:11:23,27.0,114.27 M
2019-06-05 01:11:25,37.0,114.63 M
2019-06-05 01:11:27,42.0,114.89 M
2019-06-05 01:11:29,27.0,116.41 M
2019-06-05 01:11:31,37.0,116.45 M
2019-06-05 01:11:33,28.0,116.96 M
2019-06-05 01:11:35,29.0,116.18 M
2019-06-05 01:11:37,32.0,114.43 M
2019-06-05 01:11:39,24.0,116.21 M
2019-06-05 01:11:41,26.0,115.77 M
2019-06-05 01:11:43,34.0,114.74 M
2019-06-05 01:11:45,21.0,115.00 M
2019-06-05 01:11:47,30.0,114.92 M
2019-06-05 01:11:49,27.0,115.91 M
2019-06-05 01:11:51,27.0,115.52 M
2019-06-05 01:11:53,42.9,115.22 M
2019-06-05 01:11:55,26.0,117.00 M
2019-06-05 01:11:57,30.0,115.86 M
2019-06-05 01:11:59,29.0,117.98 M
2019-06-05 01:12:01,22.0,117.21 M
2019-06-05 01:12:03,24.0,117.44 M
2019-06-05 01:12:05,24.0,119.09 M
2019-06-05 01:12:07,34.0,117.90 M
2019-06-05 01:12:09,25.0,119.68 M
2019-06-05 01:12:11,22.0,116.45 M
2019-06-05 01:12:13,39.0,115.52 M
2019-06-05 01:12:15,24.0,117.30 M
2019-06-05 01:12:17,27.0,115.73 M
2019-06-05 01:12:19,34.0,116.94 M
2019-06-05 01:12:21,27.0,119.32 M
2019-06-05 01:12:23,28.0,118.87 M
2019-06-05 01:12:25,29.0,120.92 M
2019-06-05 01:12:27,26.0,118.56 M
2019-06-05 01:12:29,18.0,119.07 M
2019-06-05 01:12:31,31.0,118.87 M
2019-06-05 01:12:33,31.0,119.88 M
2019-06-05 01:12:35,25.0,120.13 M
2019-06-05 01:12:37,35.0,120.16 M
2019-06-05 01:12:39,26.0,120.67 M
2019-06-05 01:12:41,23.0,119.51 M
2019-06-05 01:12:43,28.0,119.25 M
2019-06-05 01:12:45,33.0,121.04 M
2019-06-05 01:12:47,27.0,121.12 M
2019-06-05 01:12:49,35.0,117.04 M
2019-06-05 01:12:51,26.0,119.05 M
2019-06-05 01:12:53,24.0,120.16 M
2019-06-05 01:12:55,38.0,119.88 M
2019-06-05 01:12:57,30.0,120.54 M
2019-06-05 01:12:59,28.0,123.08 M
2019-06-05 01:13:01,26.0,123.08 M
2019-06-05 01:13:03,26.0,125.11 M
2019-06-05 01:13:05,32.0,120.67 M
2019-06-05 01:13:07,28.0,123.66 M
2019-06-05 01:13:09,21.0,123.39 M
2019-06-05 01:13:11,38.0,123.08 M
2019-06-05 01:13:13,30.0,123.63 M
2019-06-05 01:13:15,37.0,123.96 M
2019-06-05 01:13:17,29.0,124.08 M
2019-06-05 01:13:19,24.0,123.14 M
2019-06-05 01:13:21,42.9,124.06 M
2019-06-05 01:13:23,33.0,124.92 M
2019-06-05 01:13:25,36.0,123.58 M
2019-06-05 01:13:27,26.0,124.01 M
2019-06-05 01:13:29,27.0,125.79 M
2019-06-05 01:13:31,14.0,125.79 M
2019-06-05 01:13:35,64.0,59.46 M
2019-06-05 01:13:37,48.9,68.19 M
2019-06-05 01:13:39,41.0,89.30 M
2019-06-05 01:13:41,40.0,93.83 M
2019-06-05 01:13:43,37.0,94.05 M
2019-06-05 01:13:48,56.0,61.48 M
2019-06-05 01:13:50,38.0,79.29 M
2019-06-05 01:13:52,34.0,88.12 M
2019-06-05 01:13:54,50.0,90.60 M
2019-06-05 01:13:56,43.0,91.55 M
2019-06-05 01:13:58,44.0,93.67 M
2019-06-05 01:14:00,39.0,95.60 M
2019-06-05 01:14:02,48.0,95.16 M
2019-06-05 01:14:04,42.0,96.30 M
2019-06-05 01:14:06,36.0,97.29 M
2019-06-05 01:14:08,44.9,97.84 M
2019-06-05 01:14:10,24.0,97.30 M
2019-06-05 01:14:12,42.9,97.79 M
2019-06-05 01:14:14,36.0,99.90 M
2019-06-05 01:14:16,31.0,99.70 M
2019-06-05 01:14:18,35.0,98.59 M
2019-06-05 01:14:20,28.0,99.62 M
2019-06-05 01:14:22,35.0,99.05 M
2019-06-05 01:14:24,25.0,99.86 M
2019-06-05 01:14:26,35.0,97.61 M
2019-06-05 01:14:28,31.0,98.99 M
2019-06-05 01:14:30,36.0,98.08 M
2019-06-05 01:14:32,31.0,100.61 M
2019-06-05 01:14:34,34.0,97.70 M
2019-06-05 01:14:36,31.0,99.55 M
2019-06-05 01:14:38,25.0,98.66 M
2019-06-05 01:14:40,28.0,99.41 M
2019-06-05 01:14:42,29.0,99.51 M
2019-06-05 01:14:44,36.0,99.10 M
2019-06-05 01:14:46,29.0,101.15 M
2019-06-05 01:14:48,37.0,100.54 M
2019-06-05 01:14:50,32.0,99.30 M
2019-06-05 01:14:52,25.0,99.92 M
2019-06-05 01:14:54,31.0,101.42 M
2019-06-05 01:14:56,31.0,100.68 M
2019-06-05 01:14:58,32.0,98.77 M
2019-06-05 01:15:00,32.0,99.00 M
2019-06-05 01:15:02,26.0,99.84 M
2019-06-05 01:15:04,34.0,100.56 M
2019-06-05 01:15:07,61.9,59.56 M
2019-06-05 01:15:09,41.0,72.71 M
2019-06-05 01:15:11,40.0,87.95 M
2019-06-05 01:15:13,40.0,92.71 M
2019-06-05 01:15:15,44.0,94.88 M
2019-06-05 01:15:17,41.0,94.88 M
2019-06-05 01:15:19,35.0,96.75 M
2019-06-05 01:15:21,41.0,97.79 M
2019-06-05 01:15:23,42.9,96.05 M
2019-06-05 01:15:25,34.0,97.21 M
2019-06-05 01:15:27,29.0,95.82 M
2019-06-05 01:15:29,47.0,96.00 M
2019-06-05 01:15:31,37.0,97.70 M
2019-06-05 01:15:33,42.0,99.05 M
2019-06-05 01:15:35,33.0,98.32 M
2019-06-05 01:15:37,27.0,99.07 M
2019-06-05 01:15:39,30.0,100.22 M
2019-06-05 01:15:41,30.0,97.26 M
2019-06-05 01:15:43,39.0,97.32 M
2019-06-05 01:15:45,25.0,98.31 M
2019-06-05 01:15:47,29.0,99.83 M
2019-06-05 01:15:49,39.0,97.40 M
2019-06-05 01:15:51,27.0,97.58 M
2019-06-05 01:15:53,28.0,99.65 M
2019-06-05 01:15:55,37.0,96.89 M
2019-06-05 01:15:57,32.0,98.52 M
2019-06-05 01:15:59,34.0,99.30 M
2019-06-05 01:16:01,38.0,97.66 M
2019-06-05 01:16:03,37.0,99.44 M
2019-06-05 01:16:05,31.0,101.77 M
2019-06-05 01:16:07,28.0,98.02 M
2019-06-05 01:16:09,29.0,98.74 M
2019-06-05 01:16:11,26.0,99.61 M
2019-06-05 01:16:13,33.0,100.33 M
2019-06-05 01:16:15,27.0,100.33 M
2019-06-05 01:16:17,28.0,101.62 M
2019-06-05 01:16:19,34.0,101.11 M
2019-06-05 01:16:21,41.0,101.27 M
2019-06-05 01:16:23,30.0,103.11 M
2019-06-05 01:16:25,34.0,102.94 M
2019-06-05 01:16:28,61.0,61.67 M
2019-06-05 01:16:30,56.9,81.66 M
2019-06-05 01:16:32,33.0,90.05 M
2019-06-05 01:16:34,39.0,91.98 M
2019-06-05 01:16:36,29.0,94.19 M
2019-06-05 01:16:38,31.0,94.45 M
2019-06-05 01:16:40,37.0,95.38 M
2019-06-05 01:16:42,37.0,96.11 M
2019-06-05 01:16:44,36.0,96.25 M
2019-06-05 01:16:46,42.0,97.50 M
2019-06-05 01:16:48,37.0,97.22 M
2019-06-05 01:16:50,40.0,96.58 M
2019-06-05 01:16:52,33.0,97.09 M
2019-06-05 01:16:54,39.0,98.04 M
2019-06-05 01:16:56,25.0,98.45 M
2019-06-05 01:16:58,35.0,98.45 M
2019-06-05 01:17:00,28.0,98.84 M
2019-06-05 01:17:02,30.0,98.92 M
2019-06-05 01:17:04,28.0,99.14 M
2019-06-05 01:17:06,45.0,96.44 M
2019-06-05 01:17:08,31.0,97.88 M
2019-06-05 01:17:10,22.0,97.29 M
2019-06-05 01:17:12,25.0,98.98 M
2019-06-05 01:17:14,32.0,98.64 M
2019-06-05 01:17:16,35.0,97.25 M
2019-06-05 01:17:18,27.0,97.98 M
2019-06-05 01:17:20,21.0,99.61 M
2019-06-05 01:17:22,29.0,98.07 M
2019-06-05 01:17:24,28.0,98.93 M
2019-06-05 01:17:26,30.0,98.70 M
2019-06-05 01:17:28,24.0,98.70 M
2019-06-05 01:17:30,27.0,97.99 M
2019-06-05 01:17:32,32.0,98.23 M
2019-06-05 01:17:34,24.0,99.56 M
2019-06-05 01:17:36,16.0,98.61 M
2019-06-05 01:17:38,28.0,100.62 M
2019-06-05 01:17:40,29.0,101.70 M
2019-06-05 01:17:42,29.0,100.25 M
2019-06-05 01:17:44,34.0,101.06 M
2019-06-05 01:17:46,31.0,101.53 M
2019-06-05 01:17:48,36.0,99.45 M
2019-06-05 01:17:50,21.0,101.40 M
2019-06-05 01:17:52,27.0,102.74 M
2019-06-05 01:17:54,31.0,100.15 M
2019-06-05 01:17:56,37.0,100.36 M
2019-06-05 01:17:58,24.0,101.73 M
2019-06-05 01:18:00,25.0,102.11 M
2019-06-05 01:18:02,30.0,102.11 M
2019-06-05 01:18:04,21.0,103.67 M
2019-06-05 01:18:06,27.0,103.02 M
2019-06-05 01:18:08,27.0,100.61 M
2019-06-05 01:18:10,26.0,101.15 M
2019-06-05 01:18:12,31.0,100.72 M
2019-06-05 01:18:14,28.0,102.29 M
2019-06-05 01:18:16,23.0,103.34 M
2019-06-05 01:18:18,33.0,102.43 M
2019-06-05 01:18:20,32.0,102.43 M
2019-06-05 01:18:22,27.0,101.53 M
2019-06-05 01:18:24,39.0,101.89 M
2019-06-05 01:18:26,31.0,102.16 M
2019-06-05 01:18:28,30.0,103.13 M
2019-06-05 01:18:30,20.0,101.18 M
2019-06-05 01:18:32,41.0,101.55 M
2019-06-05 01:18:34,20.0,102.39 M
2019-06-05 01:18:36,34.0,102.76 M
2019-06-05 01:18:38,25.0,103.66 M
2019-06-05 01:18:40,24.0,103.05 M
2019-06-05 01:18:42,32.0,103.69 M
2019-06-05 01:18:44,33.0,105.23 M
2019-06-05 01:18:46,23.0,105.62 M
2019-06-05 01:18:48,24.0,105.62 M
2019-06-05 01:18:50,26.0,105.70 M
2019-06-05 01:18:52,23.0,103.90 M
2019-06-05 01:18:54,27.0,104.29 M
2019-06-05 01:18:56,35.0,105.59 M
2019-06-05 01:18:58,24.0,105.73 M
2019-06-05 01:19:00,29.0,105.25 M
2019-06-05 01:19:02,20.0,107.30 M
2019-06-05 01:19:04,30.0,104.34 M
2019-06-05 01:19:06,32.0,103.55 M
2019-06-05 01:19:08,28.0,104.98 M
2019-06-05 01:19:10,26.0,104.41 M
2019-06-05 01:19:12,36.0,104.60 M
2019-06-05 01:19:14,28.0,106.46 M
2019-06-05 01:19:16,27.0,105.71 M
2019-06-05 01:19:18,19.0,106.20 M
2019-06-05 01:19:20,20.0,108.27 M
2019-06-05 01:19:22,31.0,106.54 M
2019-06-05 01:19:24,39.0,107.05 M
2019-06-05 01:19:26,28.0,105.83 M
2019-06-05 01:19:28,27.0,105.32 M
2019-06-05 01:19:30,21.0,107.04 M
2019-06-05 01:19:32,26.0,105.77 M
2019-06-05 01:19:34,31.0,106.96 M
2019-06-05 01:19:36,28.0,107.41 M
2019-06-05 01:19:38,35.0,104.38 M
2019-06-05 01:19:41,29.0,105.47 M
2019-06-05 01:19:43,26.0,105.90 M
2019-06-05 01:19:45,42.9,104.56 M
2019-06-05 01:19:47,32.0,104.82 M
2019-06-05 01:19:49,27.0,106.53 M
2019-06-05 01:19:51,34.0,107.34 M
2019-06-05 01:19:53,27.0,107.86 M
2019-06-05 01:19:55,27.0,107.00 M
2019-06-05 01:19:57,32.0,106.79 M
2019-06-05 01:19:59,29.0,108.90 M
2019-06-05 01:20:01,27.0,108.70 M
2019-06-05 01:20:03,33.0,108.08 M
2019-06-05 01:20:05,22.0,109.98 M
2019-06-05 01:20:07,27.0,109.95 M
2019-06-05 01:20:09,41.0,107.53 M
2019-06-05 01:20:11,25.0,107.53 M
2019-06-05 01:20:13,31.0,108.43 M
2019-06-05 01:20:15,35.0,109.07 M
2019-06-05 01:20:17,25.0,110.34 M
2019-06-05 01:20:19,32.0,110.69 M
2019-06-05 01:20:21,34.0,107.82 M
2019-06-05 01:20:23,29.0,108.13 M
2019-06-05 01:20:25,24.0,106.67 M
2019-06-05 01:20:27,43.0,106.73 M
2019-06-05 01:20:29,31.0,106.99 M
2019-06-05 01:20:31,31.0,108.43 M
2019-06-05 01:20:33,26.0,108.45 M
2019-06-05 01:20:35,22.0,108.70 M
2019-06-05 01:20:37,27.0,108.00 M
2019-06-05 01:20:39,31.0,108.79 M
2019-06-05 01:20:41,31.0,110.25 M
2019-06-05 01:20:43,30.0,109.97 M
2019-06-05 01:20:45,25.0,109.58 M
2019-06-05 01:20:47,37.0,108.28 M
2019-06-05 01:20:49,28.0,109.56 M
2019-06-05 01:20:51,24.0,110.28 M
2019-06-05 01:20:53,40.0,109.38 M
2019-06-05 01:20:55,36.0,110.45 M
2019-06-05 01:20:57,30.0,110.55 M
2019-06-05 01:20:59,26.0,109.77 M
2019-06-05 01:21:01,23.0,109.77 M
2019-06-05 01:21:03,32.0,109.34 M
2019-06-05 01:21:05,29.0,111.36 M
2019-06-05 01:21:07,31.0,111.09 M
2019-06-05 01:21:09,28.0,112.07 M
2019-06-05 01:21:11,25.0,111.03 M
2019-06-05 01:21:13,26.0,109.04 M
2019-06-05 01:21:15,20.0,110.78 M
2019-06-05 01:21:17,34.0,109.62 M
2019-06-05 01:21:19,26.0,110.65 M
2019-06-05 01:21:21,32.0,111.14 M
2019-06-05 01:21:23,29.0,109.27 M
2019-06-05 01:21:25,25.0,109.70 M
2019-06-05 01:21:28,57.0,57.21 M
2019-06-05 01:21:30,54.0,70.57 M
2019-06-05 01:21:32,45.9,87.88 M
2019-06-05 01:21:34,33.0,88.63 M
2019-06-05 01:21:36,40.0,90.87 M
2019-06-05 01:21:38,28.0,92.59 M
2019-06-05 01:21:40,34.0,93.59 M
2019-06-05 01:21:42,28.0,94.69 M
2019-06-05 01:21:44,40.0,95.32 M
2019-06-05 01:21:46,31.0,97.36 M
2019-06-05 01:21:48,36.0,96.56 M
2019-06-05 01:21:50,43.9,98.91 M
2019-06-05 01:21:52,37.0,95.24 M
2019-06-05 01:21:54,35.0,95.24 M
2019-06-05 01:21:56,27.0,97.23 M
2019-06-05 01:21:58,34.0,97.24 M
2019-06-05 01:22:00,22.0,98.12 M
2019-06-05 01:22:02,33.0,96.88 M
2019-06-05 01:22:04,31.0,98.73 M
2019-06-05 01:22:06,29.0,98.32 M
2019-06-05 01:22:08,26.0,100.12 M
2019-06-05 01:22:10,28.0,98.80 M
2019-06-05 01:22:12,21.0,98.80 M
2019-06-05 01:22:14,30.0,96.93 M
2019-06-05 01:22:16,31.0,95.97 M
2019-06-05 01:22:18,31.0,97.47 M
2019-06-05 01:22:20,36.0,98.91 M
2019-06-05 01:22:22,26.0,99.65 M
2019-06-05 01:22:24,22.0,99.50 M
2019-06-05 01:22:26,35.0,99.98 M
2019-06-05 01:22:28,29.0,101.22 M
2019-06-05 01:22:30,27.0,101.48 M
2019-06-05 01:22:32,28.0,101.32 M
2019-06-05 01:22:34,33.0,101.41 M
2019-06-05 01:22:36,29.0,102.51 M
2019-06-05 01:22:38,29.0,100.80 M
2019-06-05 01:22:40,28.0,102.18 M
2019-06-05 01:22:42,23.0,98.11 M
2019-06-05 01:22:44,34.0,98.11 M
2019-06-05 01:22:47,23.0,98.34 M
2019-06-05 01:22:49,27.0,98.82 M
2019-06-05 01:22:51,19.0,101.32 M
2019-06-05 01:22:53,22.0,101.57 M
2019-06-05 01:22:55,26.0,102.42 M
2019-06-05 01:22:57,32.0,103.19 M
2019-06-05 01:22:59,24.0,100.57 M
2019-06-05 01:23:01,34.0,100.64 M
2019-06-05 01:23:03,21.0,100.64 M
2019-06-05 01:23:05,31.0,102.83 M
2019-06-05 01:23:07,25.0,103.34 M
2019-06-05 01:23:09,31.0,102.02 M
2019-06-05 01:23:11,27.0,102.79 M
2019-06-05 01:23:13,24.0,101.63 M
2019-06-05 01:23:15,29.0,99.95 M
2019-06-05 01:23:17,22.0,101.50 M
2019-06-05 01:23:19,29.0,98.39 M
2019-06-05 01:23:21,26.0,98.39 M
2019-06-05 01:23:23,24.0,100.67 M
2019-06-05 01:23:25,23.0,100.17 M
2019-06-05 01:23:27,26.0,100.17 M
2019-06-05 01:23:29,26.0,101.09 M
2019-06-05 01:23:31,26.0,101.60 M
2019-06-05 01:23:33,29.0,102.76 M
2019-06-05 01:23:35,24.0,102.76 M
2019-06-05 01:23:37,32.0,104.59 M
2019-06-05 01:23:39,30.0,101.47 M
2019-06-05 01:23:41,21.0,101.51 M
2019-06-05 01:23:43,26.0,102.69 M
2019-06-05 01:23:45,31.0,102.69 M
2019-06-05 01:23:47,22.0,103.24 M
2019-06-05 01:23:49,27.0,104.27 M
2019-06-05 01:23:51,32.0,104.51 M
2019-06-05 01:23:53,27.0,103.50 M
2019-06-05 01:23:55,30.0,103.50 M
2019-06-05 01:23:57,30.0,106.14 M
2019-06-05 01:23:59,25.0,103.57 M
2019-06-05 01:24:01,27.0,104.68 M
2019-06-05 01:24:03,26.0,105.14 M
2019-06-05 01:24:05,24.0,107.30 M
2019-06-05 01:24:07,26.0,105.34 M
2019-06-05 01:24:09,31.0,105.34 M
2019-06-05 01:24:11,19.0,106.52 M
2019-06-05 01:24:13,30.0,106.73 M
2019-06-05 01:24:15,26.0,107.04 M
2019-06-05 01:24:17,27.0,107.04 M
2019-06-05 01:24:19,24.0,105.60 M
2019-06-05 01:24:21,23.0,106.34 M
2019-06-05 01:24:23,25.0,105.35 M
2019-06-05 01:24:25,29.0,104.79 M
2019-06-05 01:24:27,26.0,105.79 M
2019-06-05 01:24:29,27.0,106.42 M
2019-06-05 01:24:31,23.0,107.95 M
2019-06-05 01:24:33,23.0,107.84 M
2019-06-05 01:24:35,25.0,107.84 M
2019-06-05 01:24:37,23.0,107.82 M
2019-06-05 01:24:39,29.0,107.82 M
2019-06-05 01:24:41,22.0,109.46 M
2019-06-05 01:24:43,28.0,109.71 M
2019-06-05 01:24:45,24.0,109.32 M
2019-06-05 01:24:47,26.0,109.32 M
2019-06-05 01:24:49,25.0,108.99 M
2019-06-05 01:24:51,23.0,108.99 M
2019-06-05 01:24:53,28.0,108.45 M
2019-06-05 01:24:55,28.0,109.21 M
2019-06-05 01:24:57,22.0,110.01 M
2019-06-05 01:24:59,22.0,110.27 M
2019-06-05 01:25:01,23.0,106.89 M
2019-06-05 01:25:03,24.0,106.89 M
2019-06-05 01:25:05,25.0,106.99 M
2019-06-05 01:25:07,31.0,105.25 M
2019-06-05 01:25:09,20.0,106.53 M
2019-06-05 01:25:11,25.0,104.77 M
2019-06-05 01:25:13,21.0,104.77 M
2019-06-05 01:25:15,26.0,105.34 M
2019-06-05 01:25:17,23.0,105.34 M
2019-06-05 01:25:19,24.0,105.75 M
2019-06-05 01:25:21,30.0,105.85 M
2019-06-05 01:25:23,29.0,107.75 M
2019-06-05 01:25:25,26.0,107.98 M
2019-06-05 01:25:27,28.0,109.88 M
2019-06-05 01:25:29,34.0,109.21 M
2019-06-05 01:25:31,26.0,111.26 M
2019-06-05 01:25:33,25.0,110.61 M
2019-06-05 01:25:35,31.0,112.39 M
2019-06-05 01:25:37,22.0,108.97 M
2019-06-05 01:25:39,23.0,108.97 M
2019-06-05 01:25:41,25.0,110.23 M
2019-06-05 01:25:43,24.0,110.45 M
2019-06-05 01:25:45,22.0,112.37 M
2019-06-05 01:25:47,23.0,113.14 M
2019-06-05 01:25:49,27.0,111.80 M
2019-06-05 01:25:51,31.0,111.80 M
2019-06-05 01:25:53,25.0,111.65 M
2019-06-05 01:25:55,20.0,111.65 M
2019-06-05 01:25:57,34.0,113.29 M
2019-06-05 01:25:59,31.0,113.29 M
2019-06-05 01:26:01,24.0,109.28 M
2019-06-05 01:26:03,25.0,107.79 M
2019-06-05 01:26:06,22.0,109.28 M
2019-06-05 01:26:08,21.0,109.28 M
2019-06-05 01:26:10,22.0,110.16 M
2019-06-05 01:26:12,27.0,108.13 M
2019-06-05 01:26:14,22.0,108.52 M
2019-06-05 01:26:16,30.0,108.81 M
2019-06-05 01:26:18,26.0,110.90 M
2019-06-05 01:26:20,38.0,110.27 M
2019-06-05 01:26:22,23.0,110.52 M
2019-06-05 01:26:24,23.0,111.11 M
2019-06-05 01:26:26,21.0,111.36 M
2019-06-05 01:26:29,55.9,57.99 M
2019-06-05 01:26:31,35.0,67.16 M
2019-06-05 01:26:33,44.0,85.27 M
2019-06-05 01:26:35,34.0,90.44 M
2019-06-05 01:26:37,37.0,91.16 M
2019-06-05 01:26:39,30.0,90.73 M
2019-06-05 01:26:41,33.0,92.68 M
2019-06-05 01:26:43,27.0,93.35 M
2019-06-05 01:26:45,24.0,95.12 M
2019-06-05 01:26:47,68.9,65.72 M
2019-06-05 01:26:49,63.0,92.55 M
2019-06-05 01:26:51,46.0,95.99 M
2019-06-05 01:26:53,55.9,97.25 M
2019-06-05 01:26:55,41.0,97.97 M
2019-06-05 01:26:57,55.0,96.66 M
2019-06-05 01:26:59,46.9,99.00 M
2019-06-05 01:27:01,46.9,101.36 M
2019-06-05 01:27:03,53.0,97.29 M
2019-06-05 01:27:05,41.0,98.30 M
2019-06-05 01:27:07,44.9,98.36 M
2019-06-05 01:27:09,42.9,100.55 M
2019-06-05 01:27:11,43.9,101.96 M
2019-06-05 01:27:13,21.0,102.76 M
2019-06-05 01:27:15,29.0,103.28 M
2019-06-05 01:27:17,25.0,105.30 M
2019-06-05 01:27:19,34.0,100.79 M
2019-06-05 01:27:21,35.0,101.24 M
2019-06-05 01:27:23,27.0,101.88 M
2019-06-05 01:27:25,23.0,103.24 M
2019-06-05 01:27:27,33.0,102.63 M
2019-06-05 01:27:29,28.0,104.38 M
2019-06-05 01:27:31,23.0,102.04 M
2019-06-05 01:27:33,28.0,102.04 M
2019-06-05 01:27:35,26.0,104.82 M
2019-06-05 01:27:37,21.0,105.04 M
2019-06-05 01:27:39,30.0,103.14 M
2019-06-05 01:27:41,35.0,103.14 M
2019-06-05 01:27:43,35.0,105.67 M
2019-06-05 01:27:45,41.9,107.20 M
2019-06-05 01:27:47,23.0,108.74 M
2019-06-05 01:27:49,26.0,108.74 M
2019-06-05 01:27:51,23.0,111.20 M
2019-06-05 01:27:53,19.0,111.20 M
2019-06-05 01:27:55,27.0,104.92 M
2019-06-05 01:27:57,27.0,104.92 M
2019-06-05 01:27:59,26.0,105.38 M
2019-06-05 01:28:01,27.0,104.46 M
2019-06-05 01:28:03,22.0,104.46 M
2019-06-05 01:28:05,20.0,103.48 M
2019-06-05 01:28:07,22.0,103.51 M
2019-06-05 01:28:09,31.0,103.69 M
2019-06-05 01:28:11,24.0,104.95 M
2019-06-05 01:28:13,24.0,105.22 M
2019-06-05 01:28:15,29.0,106.39 M
2019-06-05 01:28:17,22.0,104.52 M
2019-06-05 01:28:19,33.0,105.15 M
2019-06-05 01:28:21,38.0,104.49 M
2019-06-05 01:28:23,36.0,106.95 M
2019-06-05 01:28:25,43.9,107.15 M
2019-06-05 01:28:27,33.0,107.44 M
2019-06-05 01:28:29,24.0,108.86 M
2019-06-05 01:28:31,27.0,109.28 M
2019-06-05 01:28:33,23.0,109.28 M
2019-06-05 01:28:35,30.0,106.37 M
2019-06-05 01:28:37,22.0,106.37 M
2019-06-05 01:28:39,22.0,106.66 M
2019-06-05 01:28:41,22.0,106.66 M
2019-06-05 01:28:43,19.0,106.66 M
2019-06-05 01:28:45,24.0,108.05 M
2019-06-05 01:28:47,28.0,106.42 M
2019-06-05 01:28:49,29.0,107.07 M
2019-06-05 01:28:51,27.0,106.94 M
2019-06-05 01:28:53,23.0,106.94 M
2019-06-05 01:28:55,26.0,107.28 M
2019-06-05 01:28:57,28.0,107.68 M
2019-06-05 01:28:59,25.0,107.08 M
2019-06-05 01:29:01,19.0,107.08 M
2019-06-05 01:29:04,23.0,107.49 M
2019-06-05 01:29:06,23.0,107.49 M
2019-06-05 01:29:08,20.0,109.18 M
2019-06-05 01:29:10,26.0,109.18 M
2019-06-05 01:29:12,20.0,108.00 M
2019-06-05 01:29:14,24.0,108.00 M
2019-06-05 01:29:16,22.0,107.47 M
2019-06-05 01:29:18,27.0,107.47 M
2019-06-05 01:29:20,18.0,107.01 M
2019-06-05 01:29:22,21.0,107.01 M
2019-06-05 01:29:24,21.0,104.57 M
2019-06-05 01:29:26,19.0,104.57 M
2019-06-05 01:29:28,25.0,101.84 M
2019-06-05 01:29:30,23.0,101.84 M
2019-06-05 01:29:32,23.0,102.98 M
2019-06-05 01:29:34,29.0,102.98 M
2019-06-05 01:29:36,22.0,103.64 M
2019-06-05 01:29:38,25.0,102.54 M
2019-06-05 01:29:40,19.0,102.54 M
2019-06-05 01:29:42,30.0,102.59 M
2019-06-05 01:29:44,21.0,103.35 M
2019-06-05 01:29:46,27.0,101.72 M
2019-06-05 01:29:48,25.0,102.44 M
2019-06-05 01:29:50,31.0,103.30 M
2019-06-05 01:29:52,17.0,103.80 M
2019-06-05 01:29:54,25.0,104.84 M
2019-06-05 01:29:56,23.0,104.84 M
2019-06-05 01:29:58,18.0,105.54 M
2019-06-05 01:30:00,33.0,103.57 M
2019-06-05 01:30:02,18.0,105.35 M
2019-06-05 01:30:04,30.0,103.69 M
2019-06-05 01:30:06,26.0,104.43 M
2019-06-05 01:30:08,32.0,104.11 M
2019-06-05 01:30:10,23.0,104.95 M
2019-06-05 01:30:12,26.0,105.43 M
2019-06-05 01:30:14,25.0,105.43 M
2019-06-05 01:30:16,21.0,105.87 M
2019-06-05 01:30:18,27.0,104.70 M
2019-06-05 01:30:20,27.0,105.68 M
2019-06-05 01:30:22,28.0,104.11 M
2019-06-05 01:30:24,20.0,104.36 M
2019-06-05 01:30:26,26.0,104.11 M
2019-06-05 01:30:28,24.0,104.11 M
2019-06-05 01:30:30,18.0,103.87 M
2019-06-05 01:30:32,21.0,103.87 M
2019-06-05 01:30:34,24.0,103.88 M
2019-06-05 01:30:36,23.0,103.88 M
2019-06-05 01:30:38,22.0,104.29 M
2019-06-05 01:30:40,18.0,104.80 M
2019-06-05 01:30:42,22.0,102.71 M
2019-06-05 01:30:44,18.0,102.71 M
2019-06-05 01:30:46,24.0,101.43 M
2019-06-05 01:30:48,27.0,101.43 M
2019-06-05 01:30:50,24.0,102.30 M
2019-06-05 01:30:52,19.0,102.55 M
2019-06-05 01:30:54,23.0,101.79 M
2019-06-05 01:30:56,25.0,101.79 M
2019-06-05 01:30:58,27.0,103.14 M
2019-06-05 01:31:00,27.0,103.41 M
2019-06-05 01:31:02,53.9,101.06 M
2019-06-05 01:31:04,45.0,100.33 M
2019-06-05 01:31:06,42.0,100.23 M
2019-06-05 01:31:08,46.9,101.24 M
2019-06-05 01:31:10,41.0,100.79 M
2019-06-05 01:31:12,44.0,103.91 M
2019-06-05 01:31:14,43.0,104.78 M
2019-06-05 01:31:16,27.0,102.50 M
2019-06-05 01:31:18,27.0,102.62 M
2019-06-05 01:31:20,24.0,104.67 M
2019-06-05 01:31:22,32.0,102.46 M
2019-06-05 01:31:24,26.0,103.83 M
2019-06-05 01:31:26,28.0,102.68 M
2019-06-05 01:31:28,25.0,104.36 M
2019-06-05 01:31:30,30.0,106.51 M
2019-06-05 01:31:32,25.0,106.51 M
2019-06-05 01:31:34,16.0,106.20 M
2019-06-05 01:31:36,26.0,106.20 M
2019-06-05 01:31:38,22.0,106.68 M
2019-06-05 01:31:40,24.0,106.68 M
2019-06-05 01:31:42,24.0,103.99 M
2019-06-05 01:31:44,19.0,103.99 M
2019-06-05 01:31:47,57.9,64.61 M
2019-06-05 01:31:49,47.9,80.60 M
2019-06-05 01:31:51,42.0,90.57 M
2019-06-05 01:31:53,50.9,91.48 M
2019-06-05 01:31:55,32.0,94.44 M
2019-06-05 01:31:57,41.0,93.63 M
2019-06-05 01:31:59,34.0,94.32 M
2019-06-05 01:32:01,45.9,95.57 M
2019-06-05 01:32:03,36.0,94.56 M
2019-06-05 01:32:05,47.9,96.20 M
2019-06-05 01:32:07,47.9,97.13 M
2019-06-05 01:32:10,34.0,98.57 M
2019-06-05 01:32:12,38.0,97.50 M
2019-06-05 01:32:14,43.9,98.61 M
2019-06-05 01:32:16,37.0,96.29 M
2019-06-05 01:32:18,45.0,98.17 M
2019-06-05 01:32:20,34.0,98.39 M
2019-06-05 01:32:22,38.0,99.57 M
2019-06-05 01:32:24,38.0,98.15 M
2019-06-05 01:32:26,35.0,98.59 M
2019-06-05 01:32:28,36.0,98.84 M
2019-06-05 01:32:30,35.0,99.28 M
2019-06-05 01:32:32,39.0,98.58 M
2019-06-05 01:32:34,33.0,98.82 M
2019-06-05 01:32:36,33.0,99.93 M
2019-06-05 01:32:38,39.0,98.59 M
2019-06-05 01:32:40,29.0,99.66 M
2019-06-05 01:32:42,40.0,99.79 M
2019-06-05 01:32:44,41.0,101.60 M
2019-06-05 01:32:46,36.0,99.34 M
2019-06-05 01:32:48,34.0,101.65 M
2019-06-05 01:32:50,41.0,102.35 M
2019-06-05 01:32:52,35.0,103.73 M
2019-06-05 01:32:54,35.0,101.62 M
2019-06-05 01:32:56,34.0,100.68 M
2019-06-05 01:32:58,44.9,101.98 M
2019-06-05 01:33:00,33.0,102.23 M
2019-06-05 01:33:02,35.0,99.26 M
2019-06-05 01:33:04,30.0,101.03 M
2019-06-05 01:33:06,54.9,56.47 M
2019-06-05 01:33:08,47.9,67.52 M
2019-06-05 01:33:10,41.0,84.32 M
2019-06-05 01:33:12,39.0,90.74 M
2019-06-05 01:33:14,39.0,91.70 M
2019-06-05 01:33:16,29.0,93.86 M
2019-06-05 01:33:18,27.0,94.64 M
2019-06-05 01:33:20,43.0,96.26 M
2019-06-05 01:33:22,28.0,96.45 M
2019-06-05 01:33:24,33.0,96.83 M
2019-06-05 01:33:26,27.0,95.50 M
2019-06-05 01:33:28,30.0,96.04 M
2019-06-05 01:33:30,25.0,98.17 M
2019-06-05 01:33:32,35.0,98.17 M
2019-06-05 01:33:34,26.0,97.37 M
2019-06-05 01:33:36,32.0,97.62 M
2019-06-05 01:33:38,21.0,98.73 M
2019-06-05 01:33:40,32.0,97.82 M
2019-06-05 01:33:42,22.0,98.62 M
2019-06-05 01:33:44,35.0,97.06 M
2019-06-05 01:33:46,26.0,98.50 M
2019-06-05 01:33:48,25.0,100.38 M
2019-06-05 01:33:50,26.0,100.38 M
2019-06-05 01:33:52,27.0,99.35 M
2019-06-05 01:33:54,30.0,97.98 M
2019-06-05 01:33:56,23.0,98.87 M
2019-06-05 01:33:58,40.0,98.38 M
2019-06-05 01:34:00,25.0,100.77 M
2019-06-05 01:34:02,33.0,101.42 M
2019-06-05 01:34:04,35.0,100.92 M
2019-06-05 01:34:06,32.0,101.06 M
2019-06-05 01:34:08,32.0,102.62 M
2019-06-05 01:34:10,24.0,102.87 M
2019-06-05 01:34:12,32.0,103.41 M
2019-06-05 01:34:14,31.0,102.01 M
2019-06-05 01:34:16,25.0,103.23 M
2019-06-05 01:34:18,28.0,101.01 M
2019-06-05 01:34:20,36.0,101.19 M
2019-06-05 01:34:22,30.0,103.60 M
2019-06-05 01:34:24,37.0,103.30 M
2019-06-05 01:34:26,26.0,104.82 M
2019-06-05 01:34:28,25.0,104.05 M
2019-06-05 01:34:30,28.0,104.05 M
2019-06-05 01:34:32,28.0,103.27 M
2019-06-05 01:34:34,32.0,103.34 M
2019-06-05 01:34:36,30.0,105.59 M
2019-06-05 01:34:38,24.0,107.10 M
2019-06-05 01:34:40,30.0,107.62 M
2019-06-05 01:34:42,28.0,107.47 M
2019-06-05 01:34:44,33.0,104.87 M
2019-06-05 01:34:46,26.0,106.63 M
2019-06-05 01:34:48,31.0,105.05 M
2019-06-05 01:34:50,28.0,105.55 M
2019-06-05 01:34:52,27.0,103.56 M
2019-06-05 01:34:54,33.0,104.79 M
2019-06-05 01:34:56,24.0,107.05 M
2019-06-05 01:34:58,27.0,107.98 M
2019-06-05 01:35:00,24.0,108.75 M
2019-06-05 01:35:02,22.0,102.38 M
2019-06-05 01:35:04,24.0,102.38 M
2019-06-05 01:35:06,26.0,104.64 M
2019-06-05 01:35:08,30.0,103.28 M
2019-06-05 01:35:10,23.0,104.17 M
2019-06-05 01:35:12,26.0,103.01 M
2019-06-05 01:35:15,27.0,104.79 M
2019-06-05 01:35:17,26.0,104.44 M
2019-06-05 01:35:19,33.0,104.66 M
2019-06-05 01:35:21,30.0,105.50 M
2019-06-05 01:35:23,41.0,103.50 M
2019-06-05 01:35:25,26.0,106.21 M
2019-06-05 01:35:27,27.0,108.00 M
2019-06-05 01:35:29,29.0,105.86 M
2019-06-05 01:35:31,23.0,106.48 M
2019-06-05 01:35:33,27.0,106.41 M
2019-06-05 01:35:35,26.0,106.41 M
2019-06-05 01:35:37,27.0,107.19 M
2019-06-05 01:35:39,30.0,106.21 M
2019-06-05 01:35:41,28.0,106.51 M
2019-06-05 01:35:43,24.0,107.41 M
2019-06-05 01:35:45,28.0,107.41 M
2019-06-05 01:35:47,28.0,108.89 M
2019-06-05 01:35:49,34.0,107.30 M
2019-06-05 01:35:51,25.0,108.45 M
2019-06-05 01:35:53,23.0,107.91 M
2019-06-05 01:35:55,22.0,108.42 M
2019-06-05 01:35:57,19.0,108.54 M
2019-06-05 01:35:59,35.0,108.92 M
2019-06-05 01:36:02,50.0,56.56 M
2019-06-05 01:36:04,27.0,66.00 M
2019-06-05 01:36:06,36.0,77.68 M
2019-06-05 01:36:08,25.0,86.41 M
2019-06-05 01:36:10,28.0,90.45 M
2019-06-05 01:36:12,26.0,91.87 M
2019-06-05 01:36:14,26.0,93.36 M
2019-06-05 01:36:16,22.0,95.10 M
2019-06-05 01:36:18,29.0,95.34 M
2019-06-05 01:36:20,30.0,96.39 M
2019-06-05 01:36:22,23.0,96.39 M
2019-06-05 01:36:24,21.0,98.55 M
2019-06-05 01:36:26,28.0,98.78 M
2019-06-05 01:36:28,26.0,97.34 M
2019-06-05 01:36:30,25.0,98.74 M
2019-06-05 01:36:32,30.0,95.78 M
2019-06-05 01:36:34,23.0,97.27 M
2019-06-05 01:36:36,25.0,98.27 M
2019-06-05 01:36:38,25.0,99.20 M
2019-06-05 01:36:40,22.0,99.70 M
2019-06-05 01:36:42,31.0,99.73 M
2019-06-05 01:36:44,22.0,100.23 M
2019-06-05 01:36:46,19.0,98.80 M
2019-06-05 01:36:48,27.0,100.43 M
2019-06-05 01:36:50,30.0,97.86 M
2019-06-05 01:36:52,18.0,99.52 M
2019-06-05 01:36:54,31.0,99.55 M
2019-06-05 01:36:56,26.0,101.07 M
2019-06-05 01:36:58,22.0,101.57 M
2019-06-05 01:37:00,22.0,101.59 M
2019-06-05 01:37:02,24.0,101.59 M
2019-06-05 01:37:04,18.0,102.02 M
2019-06-05 01:37:06,23.0,102.02 M
2019-06-05 01:37:08,28.0,100.78 M
2019-06-05 01:37:10,27.0,101.96 M
2019-06-05 01:37:12,30.0,100.97 M
2019-06-05 01:37:14,20.0,102.45 M
2019-06-05 01:37:16,19.0,102.45 M
2019-06-05 01:37:18,21.0,103.68 M
2019-06-05 01:37:20,20.0,104.19 M
2019-06-05 01:37:22,23.0,101.34 M
2019-06-05 01:37:24,20.0,101.34 M
2019-06-05 01:37:26,27.0,100.43 M
2019-06-05 01:37:28,21.0,101.92 M
2019-06-05 01:37:30,28.0,101.40 M
2019-06-05 01:37:32,21.0,103.50 M
2019-06-05 01:37:34,31.0,102.83 M
2019-06-05 01:37:36,25.0,104.99 M
2019-06-05 01:37:38,18.0,104.32 M
2019-06-05 01:37:40,46.0,54.75 M
2019-06-05 01:37:42,43.9,67.05 M
2019-06-05 01:37:44,31.0,79.48 M
2019-06-05 01:37:46,33.0,88.11 M
2019-06-05 01:37:48,26.0,92.14 M
2019-06-05 01:37:50,20.0,92.64 M
2019-06-05 01:37:52,22.0,93.37 M
2019-06-05 01:37:54,22.0,95.61 M
2019-06-05 01:37:56,38.0,96.02 M
2019-06-05 01:37:59,31.0,97.80 M
2019-06-05 01:38:01,49.0,58.44 M
2019-06-05 01:38:03,42.9,68.36 M
2019-06-05 01:38:05,33.0,83.54 M
2019-06-05 01:38:07,35.0,90.83 M
2019-06-05 01:38:09,37.0,91.82 M
2019-06-05 01:38:11,38.0,92.74 M
2019-06-05 01:38:13,25.0,94.50 M
2019-06-05 01:38:15,41.9,94.95 M
2019-06-05 01:38:17,28.0,95.88 M
2019-06-05 01:38:19,26.0,96.02 M
2019-06-05 01:38:21,25.0,98.46 M
2019-06-05 01:38:23,35.0,96.82 M
2019-06-05 01:38:25,29.0,98.33 M
2019-06-05 01:38:27,26.0,97.22 M
2019-06-05 01:38:29,34.0,99.22 M
2019-06-05 01:38:31,27.0,98.28 M
2019-06-05 01:38:33,33.0,99.28 M
2019-06-05 01:38:35,21.0,99.28 M
2019-06-05 01:38:37,27.0,98.36 M
2019-06-05 01:38:39,34.0,98.75 M
2019-06-05 01:38:41,27.0,100.27 M
2019-06-05 01:38:43,28.0,98.45 M
2019-06-05 01:38:45,18.0,99.43 M
2019-06-05 01:38:47,22.0,99.94 M
2019-06-05 01:38:49,19.0,99.45 M
2019-06-05 01:38:51,21.0,99.45 M
2019-06-05 01:38:53,19.0,100.26 M
2019-06-05 01:38:55,22.0,100.26 M
2019-06-05 01:38:57,21.0,102.91 M
2019-06-05 01:38:59,24.0,103.43 M
2019-06-05 01:39:01,22.0,102.80 M
2019-06-05 01:39:03,20.0,102.80 M
2019-06-05 01:39:05,21.0,100.87 M
2019-06-05 01:39:07,26.0,100.87 M
2019-06-05 01:39:09,22.0,100.87 M
2019-06-05 01:39:11,24.0,101.12 M
2019-06-05 01:39:13,21.0,101.05 M
2019-06-05 01:39:15,25.0,101.05 M
2019-06-05 01:39:17,23.0,102.40 M
2019-06-05 01:39:19,17.0,102.40 M
2019-06-05 01:39:21,32.0,101.32 M
2019-06-05 01:39:23,29.0,103.25 M
2019-06-05 01:39:25,24.0,103.51 M
2019-06-05 01:39:27,18.0,103.51 M
2019-06-05 01:39:29,21.0,103.57 M
2019-06-05 01:39:31,20.0,103.57 M
2019-06-05 01:39:33,27.0,102.11 M
2019-06-05 01:39:35,24.0,103.63 M
2019-06-05 01:39:37,29.0,101.18 M
2019-06-05 01:39:39,17.0,101.41 M
2019-06-05 01:39:41,20.0,101.43 M
2019-06-05 01:39:43,23.0,103.95 M
2019-06-05 01:39:45,18.0,105.12 M
2019-06-05 01:39:47,20.0,105.12 M
2019-06-05 01:39:49,21.0,103.43 M
2019-06-05 01:39:51,26.0,105.38 M
2019-06-05 01:39:53,25.0,105.46 M
2019-06-05 01:39:55,17.0,107.18 M
2019-06-05 01:39:57,31.0,103.54 M
2019-06-05 01:39:59,23.0,104.93 M
2019-06-05 01:40:01,34.0,104.43 M
2019-06-05 01:40:03,22.0,106.20 M
2019-06-05 01:40:05,25.0,104.99 M
2019-06-05 01:40:07,18.0,106.86 M
2019-06-05 01:40:09,49.0,56.72 M
2019-06-05 01:40:11,46.9,67.49 M
2019-06-05 01:40:13,31.0,86.10 M
2019-06-05 01:40:15,33.0,89.35 M
2019-06-05 01:40:17,36.0,91.54 M
2019-06-05 01:40:19,37.0,92.78 M
2019-06-05 01:40:21,32.0,94.19 M
2019-06-05 01:40:23,33.0,93.72 M
2019-06-05 01:40:25,27.0,95.20 M
2019-06-05 01:40:27,30.0,92.57 M
2019-06-05 01:40:29,27.0,92.65 M
2019-06-05 01:40:31,36.0,95.05 M
2019-06-05 01:40:33,38.0,95.05 M
2019-06-05 01:40:35,30.0,96.66 M
2019-06-05 01:40:37,26.0,96.87 M
2019-06-05 01:40:39,27.0,95.86 M
2019-06-05 01:40:41,25.0,96.34 M
2019-06-05 01:40:43,29.0,98.21 M
2019-06-05 01:40:45,27.0,98.42 M
2019-06-05 01:40:47,26.0,96.65 M
2019-06-05 01:40:50,19.0,96.65 M
2019-06-05 01:40:52,21.0,98.17 M
2019-06-05 01:40:54,25.0,98.68 M
2019-06-05 01:40:56,28.0,97.54 M
2019-06-05 01:40:58,31.0,96.68 M
2019-06-05 01:41:00,24.0,97.84 M
2019-06-05 01:41:02,12.0,95.27 M
2019-06-05 01:41:04,24.0,96.60 M
2019-06-05 01:41:06,25.0,95.97 M
2019-06-05 01:41:08,22.0,97.38 M
2019-06-05 01:41:10,24.0,96.78 M
2019-06-05 01:41:12,26.0,97.41 M
2019-06-05 01:41:14,23.0,95.93 M
2019-06-05 01:41:16,19.0,97.22 M
2019-06-05 01:41:18,27.0,96.42 M
2019-06-05 01:41:20,18.0,97.34 M
2019-06-05 01:41:22,18.0,97.54 M
2019-06-05 01:41:24,20.0,95.80 M
2019-06-05 01:41:26,16.0,95.80 M
2019-06-05 01:41:28,22.0,97.84 M
2019-06-05 01:41:30,23.0,98.10 M
2019-06-05 01:41:32,23.0,94.94 M
2019-06-05 01:41:34,22.0,94.94 M
2019-06-05 01:41:36,18.0,96.99 M
2019-06-05 01:41:38,18.0,97.76 M
2019-06-05 01:41:40,24.0,97.44 M
2019-06-05 01:41:42,16.0,97.70 M
2019-06-05 01:41:44,17.0,98.45 M
2019-06-05 01:41:46,16.0,98.45 M
2019-06-05 01:41:48,33.0,97.25 M
2019-06-05 01:41:50,24.0,98.85 M
2019-06-05 01:41:52,29.0,96.79 M
2019-06-05 01:41:54,20.0,97.07 M
2019-06-05 01:41:56,24.0,98.84 M
2019-06-05 01:41:58,22.0,98.84 M
2019-06-05 01:42:00,18.0,101.11 M
2019-06-05 01:42:02,24.0,101.11 M
2019-06-05 01:42:04,29.0,98.36 M
2019-06-05 01:42:06,23.0,98.88 M
2019-06-05 01:42:08,18.0,100.11 M
2019-06-05 01:42:10,17.0,100.11 M
2019-06-05 01:42:12,25.0,99.86 M
2019-06-05 01:42:14,27.0,100.51 M
2019-06-05 01:42:16,21.0,102.79 M
2019-06-05 01:42:18,24.0,103.04 M
2019-06-05 01:42:20,31.0,101.78 M
2019-06-05 01:42:22,28.0,98.39 M
2019-06-05 01:42:24,24.0,99.15 M
2019-06-05 01:42:26,25.0,99.78 M
2019-06-05 01:42:28,22.0,101.17 M
2019-06-05 01:42:30,20.0,99.90 M
2019-06-05 01:42:32,22.0,101.05 M
2019-06-05 01:42:34,21.0,99.84 M
2019-06-05 01:42:36,18.0,99.84 M
2019-06-05 01:42:38,26.0,101.05 M
2019-06-05 01:42:40,22.0,101.55 M
2019-06-05 01:42:42,21.0,100.43 M
2019-06-05 01:42:44,21.0,100.69 M
2019-06-05 01:42:46,21.0,101.64 M
2019-06-05 01:42:48,31.0,101.91 M
2019-06-05 01:42:50,24.0,102.17 M
2019-06-05 01:42:52,30.0,101.06 M
2019-06-05 01:42:54,23.0,102.80 M
2019-06-05 01:42:56,24.0,101.48 M
2019-06-05 01:42:58,20.0,102.15 M
2019-06-05 01:43:00,28.0,102.84 M
2019-06-05 01:43:02,24.0,103.09 M
2019-06-05 01:43:04,18.0,102.61 M
2019-06-05 01:43:06,19.0,102.61 M
2019-06-05 01:43:08,21.0,101.54 M
2019-06-05 01:43:10,27.0,101.54 M
2019-06-05 01:43:12,20.0,102.80 M
2019-06-05 01:43:14,27.0,101.27 M
2019-06-05 01:43:16,27.0,102.68 M
2019-06-05 01:43:18,21.0,101.88 M
2019-06-05 01:43:20,22.0,102.14 M
2019-06-05 01:43:22,24.0,100.59 M
2019-06-05 01:43:24,18.0,100.93 M
2019-06-05 01:43:26,28.0,99.57 M
2019-06-05 01:43:28,18.0,100.82 M
2019-06-05 01:43:30,29.0,100.44 M
2019-06-05 01:43:32,25.0,101.12 M
2019-06-05 01:43:34,22.0,102.65 M
2019-06-05 01:43:36,24.0,102.91 M
2019-06-05 01:43:38,24.0,101.48 M
2019-06-05 01:43:40,19.0,101.48 M
2019-06-05 01:43:42,21.0,103.20 M
2019-06-05 01:43:44,33.0,102.19 M
2019-06-05 01:43:46,26.0,102.77 M
2019-06-05 01:43:48,23.0,102.11 M
2019-06-05 01:43:50,22.0,102.50 M
2019-06-05 01:43:52,27.0,101.91 M
2019-06-05 01:43:54,24.0,103.27 M
2019-06-05 01:43:56,20.0,102.09 M
2019-06-05 01:43:58,23.0,102.34 M
2019-06-05 01:44:00,22.0,100.92 M
2019-06-05 01:44:02,31.0,100.86 M
2019-06-05 01:44:05,21.0,102.24 M
2019-06-05 01:44:07,18.0,102.24 M
2019-06-05 01:44:09,23.0,101.47 M
2019-06-05 01:44:11,31.0,101.81 M
2019-06-05 01:44:13,16.0,103.90 M
2019-06-05 01:44:15,22.0,104.16 M
2019-06-05 01:44:17,24.0,105.59 M
2019-06-05 01:44:19,27.0,103.36 M
2019-06-05 01:44:21,24.0,103.99 M
2019-06-05 01:44:23,23.0,102.72 M
2019-06-05 01:44:25,19.0,103.24 M
2019-06-05 01:44:27,25.0,103.70 M
2019-06-05 01:44:29,19.0,102.12 M
2019-06-05 01:44:31,22.0,101.35 M
2019-06-05 01:44:33,21.0,103.49 M
2019-06-05 01:44:35,31.0,101.34 M
2019-06-05 01:44:37,22.0,102.61 M
2019-06-05 01:44:39,26.0,100.15 M
2019-06-05 01:44:41,27.0,102.41 M
2019-06-05 01:44:43,20.0,102.55 M
2019-06-05 01:44:45,24.0,103.47 M
2019-06-05 01:44:47,22.0,102.92 M
2019-06-05 01:44:49,21.0,103.75 M
2019-06-05 01:44:51,27.0,103.80 M
2019-06-05 01:44:53,34.0,104.32 M
2019-06-05 01:44:55,27.0,105.51 M
2019-06-05 01:44:57,27.0,104.90 M
2019-06-05 01:44:59,23.0,104.90 M
2019-06-05 01:45:01,14.0,103.36 M
2019-06-05 01:45:03,25.0,103.72 M
2019-06-05 01:45:05,22.0,104.17 M
2019-06-05 01:45:07,34.0,103.18 M
2019-06-05 01:45:12,58.9,63.99 M
2019-06-05 01:45:14,61.0,86.89 M
2019-06-05 01:45:16,34.0,92.60 M
2019-06-05 01:45:18,46.0,93.23 M
2019-06-05 01:45:20,40.0,94.14 M
2019-06-05 01:45:22,50.9,93.69 M
2019-06-05 01:45:24,36.0,94.29 M
2019-06-05 01:45:26,42.9,95.42 M
2019-06-05 01:45:28,41.0,96.49 M
2019-06-05 01:45:30,38.0,99.40 M
2019-06-05 01:45:32,41.0,97.75 M
2019-06-05 01:45:34,40.0,97.81 M
2019-06-05 01:45:36,36.0,98.93 M
2019-06-05 01:45:38,36.0,97.62 M
2019-06-05 01:45:40,30.0,99.50 M
2019-06-05 01:45:42,36.0,98.57 M
2019-06-05 01:45:44,37.0,99.23 M
2019-06-05 01:45:46,38.0,97.02 M
2019-06-05 01:45:48,47.9,97.27 M
2019-06-05 01:45:50,40.0,97.34 M
2019-06-05 01:45:52,38.0,98.01 M
2019-06-05 01:45:54,38.0,98.59 M
2019-06-05 01:45:56,32.0,99.36 M
2019-06-05 01:45:58,39.0,98.61 M
2019-06-05 01:46:00,41.0,99.09 M
2019-06-05 01:46:02,43.0,98.83 M
2019-06-05 01:46:04,43.0,99.55 M
2019-06-05 01:46:06,35.0,100.81 M
2019-06-05 01:46:08,37.0,100.56 M
2019-06-05 01:46:10,36.0,99.71 M
2019-06-05 01:46:12,38.0,102.57 M
2019-06-05 01:46:14,34.0,101.53 M
2019-06-05 01:46:16,39.0,99.07 M
2019-06-05 01:46:18,35.0,100.13 M
2019-06-05 01:46:20,30.0,100.66 M
2019-06-05 01:46:22,38.0,99.88 M
2019-06-05 01:46:24,37.0,100.66 M
2019-06-05 01:46:26,36.0,100.21 M
2019-06-05 01:46:28,42.0,100.35 M
2019-06-05 01:46:30,42.0,100.95 M
2019-06-05 01:46:32,40.0,101.24 M
2019-06-05 01:46:34,26.0,102.86 M
2019-06-05 01:46:36,34.0,104.88 M
2019-06-05 01:46:38,39.0,103.23 M
2019-06-05 01:46:40,26.0,104.84 M
2019-06-05 01:46:42,39.0,101.47 M
2019-06-05 01:46:44,20.0,101.36 M
2019-06-05 01:46:47,40.0,101.84 M
2019-06-05 01:46:49,29.0,103.12 M
2019-06-05 01:46:51,43.9,103.64 M
2019-06-05 01:46:53,24.0,103.66 M
2019-06-05 01:46:55,27.0,104.59 M
2019-06-05 01:46:57,25.0,105.67 M
2019-06-05 01:46:59,30.0,100.54 M
2019-06-05 01:47:01,26.0,101.48 M
2019-06-05 01:47:03,22.0,104.02 M
2019-06-05 01:47:05,30.0,104.52 M
2019-06-05 01:47:07,28.0,104.11 M
2019-06-05 01:47:09,24.0,104.62 M
2019-06-05 01:47:11,21.0,106.12 M
2019-06-05 01:47:13,29.0,104.14 M
2019-06-05 01:47:15,29.0,105.68 M
2019-06-05 01:47:17,33.0,104.67 M
2019-06-05 01:47:19,21.0,106.44 M
2019-06-05 01:47:21,20.0,106.85 M
2019-06-05 01:47:23,26.0,106.85 M
2019-06-05 01:47:25,22.0,106.52 M
2019-06-05 01:47:27,20.0,106.52 M
2019-06-05 01:47:29,25.0,107.37 M
2019-06-05 01:47:31,25.0,104.68 M
2019-06-05 01:47:33,21.0,106.38 M
2019-06-05 01:47:35,24.0,104.32 M
2019-06-05 01:47:37,21.0,105.57 M
2019-06-05 01:47:39,33.0,105.11 M
2019-06-05 01:47:41,23.0,106.32 M
2019-06-05 01:47:43,27.0,106.04 M
2019-06-05 01:47:45,29.0,108.27 M
2019-06-05 01:47:47,27.0,108.64 M
2019-06-05 01:47:49,31.0,108.34 M
2019-06-05 01:47:51,26.0,109.37 M
2019-06-05 01:47:53,27.0,106.71 M
2019-06-05 01:47:55,22.0,108.86 M
2019-06-05 01:47:57,27.0,108.21 M
2019-06-05 01:47:59,24.0,108.21 M
2019-06-05 01:48:01,19.0,107.00 M
2019-06-05 01:48:03,22.0,107.21 M
2019-06-05 01:48:05,25.0,108.75 M
2019-06-05 01:48:07,31.0,108.09 M
2019-06-05 01:48:09,24.0,109.31 M
2019-06-05 01:48:11,25.0,107.67 M
2019-06-05 01:48:13,34.0,109.10 M
2019-06-05 01:48:15,19.0,108.41 M
2019-06-05 01:48:17,40.0,108.85 M
2019-06-05 01:48:19,34.0,103.28 M
2019-06-05 01:48:21,37.0,101.76 M
2019-06-05 01:48:23,46.0,101.57 M
2019-06-05 01:48:25,37.0,100.85 M
2019-06-05 01:48:27,43.9,101.67 M
2019-06-05 01:48:29,21.0,102.27 M
2019-06-05 01:48:31,38.0,103.29 M
2019-06-05 01:48:33,33.0,102.66 M
2019-06-05 01:48:35,31.0,102.60 M
2019-06-05 01:48:37,36.0,102.96 M
2019-06-05 01:48:39,25.0,104.43 M
2019-06-05 01:48:41,29.0,101.75 M
2019-06-05 01:48:43,22.0,103.44 M
2019-06-05 01:48:45,40.0,103.15 M
2019-06-05 01:48:47,43.0,103.33 M
2019-06-05 01:48:49,38.0,105.64 M
2019-06-05 01:48:51,28.0,106.29 M
2019-06-05 01:48:53,32.0,106.50 M
2019-06-05 01:48:55,40.0,108.27 M
2019-06-05 01:48:57,31.0,104.27 M
2019-06-05 01:48:59,34.0,105.11 M
2019-06-05 01:49:01,46.0,107.08 M
2019-06-05 01:49:03,44.0,103.42 M
2019-06-05 01:49:05,42.9,102.93 M
2019-06-05 01:49:07,33.0,102.96 M
2019-06-05 01:49:09,34.0,104.07 M
2019-06-05 01:49:11,37.0,106.04 M
2019-06-05 01:49:13,34.0,103.02 M
2019-06-05 01:49:15,21.0,104.44 M
2019-06-05 01:49:17,39.9,104.95 M
2019-06-05 01:49:19,39.0,103.34 M
2019-06-05 01:49:22,61.9,64.64 M
2019-06-05 01:49:24,49.0,90.65 M
2019-06-05 01:49:26,39.0,93.64 M
2019-06-05 01:49:28,42.9,96.48 M
2019-06-05 01:49:30,29.0,96.73 M
2019-06-05 01:49:32,35.0,97.17 M
2019-06-05 01:49:34,34.0,94.25 M
2019-06-05 01:49:36,29.0,96.25 M
2019-06-05 01:49:38,33.0,97.18 M
2019-06-05 01:49:40,40.0,97.62 M
2019-06-05 01:49:42,44.0,97.62 M
2019-06-05 01:49:44,37.0,97.20 M
2019-06-05 01:49:46,31.0,98.20 M
2019-06-05 01:49:48,29.0,97.36 M
2019-06-05 01:49:51,30.0,99.08 M
2019-06-05 01:49:53,24.0,99.04 M
2019-06-05 01:49:55,28.0,99.29 M
2019-06-05 01:49:57,28.0,98.88 M
2019-06-05 01:49:59,32.0,98.30 M
2019-06-05 01:50:01,24.0,98.76 M
2019-06-05 01:50:03,30.0,99.39 M
2019-06-05 01:50:05,28.0,101.43 M
2019-06-05 01:50:07,26.0,101.99 M
2019-06-05 01:50:09,33.0,99.79 M
2019-06-05 01:50:11,34.0,100.94 M
2019-06-05 01:50:13,30.0,99.11 M
2019-06-05 01:50:15,24.0,99.48 M
2019-06-05 01:50:17,31.0,97.46 M
2019-06-05 01:50:19,39.0,96.31 M
2019-06-05 01:50:21,24.0,98.01 M
2019-06-05 01:50:23,27.0,96.43 M
2019-06-05 01:50:25,27.0,98.33 M
2019-06-05 01:50:27,25.0,98.89 M
2019-06-05 01:50:29,21.0,98.89 M
2019-06-05 01:50:31,33.0,99.98 M
2019-06-05 01:50:33,33.0,96.61 M
2019-06-05 01:50:35,22.0,98.48 M
2019-06-05 01:50:37,27.0,101.37 M
2019-06-05 01:50:39,37.0,99.67 M
2019-06-05 01:50:41,27.0,101.21 M
2019-06-05 01:50:43,31.0,100.50 M
2019-06-05 01:50:45,33.0,102.49 M
2019-06-05 01:50:47,29.0,101.86 M
2019-06-05 01:50:49,29.0,99.88 M
2019-06-05 01:50:51,27.0,102.14 M
2019-06-05 01:50:53,39.0,100.96 M
2019-06-05 01:50:55,24.0,100.96 M
2019-06-05 01:50:57,31.0,100.71 M
2019-06-05 01:50:59,22.0,99.64 M
2019-06-05 01:51:01,21.0,100.23 M
2019-06-05 01:51:03,30.0,96.62 M
2019-06-05 01:51:05,32.0,98.00 M
2019-06-05 01:51:07,25.0,98.58 M
2019-06-05 01:51:09,29.0,98.01 M
2019-06-05 01:51:11,30.0,99.63 M
2019-06-05 01:51:13,30.0,98.80 M
2019-06-05 01:51:15,31.0,98.12 M
2019-06-05 01:51:17,31.0,99.03 M
2019-06-05 01:51:19,29.0,100.04 M
2019-06-05 01:51:21,32.0,97.18 M
2019-06-05 01:51:23,31.0,98.89 M
2019-06-05 01:51:25,25.0,98.85 M
2019-06-05 01:51:27,26.0,99.36 M
2019-06-05 01:51:29,26.0,100.47 M
2019-06-05 01:51:31,28.0,99.08 M
2019-06-05 01:51:33,25.0,100.60 M
2019-06-05 01:51:35,24.0,99.90 M
2019-06-05 01:51:37,37.0,98.52 M
2019-06-05 01:51:39,27.0,100.68 M
2019-06-05 01:51:41,24.0,101.62 M
2019-06-05 01:51:43,24.0,102.14 M
2019-06-05 01:51:45,34.0,102.93 M
2019-06-05 01:51:47,29.0,97.92 M
2019-06-05 01:51:49,27.0,98.36 M
2019-06-05 01:51:51,28.0,98.73 M
2019-06-05 01:51:53,36.0,97.68 M
2019-06-05 01:51:55,26.0,99.30 M
2019-06-05 01:51:57,27.0,98.68 M
2019-06-05 01:51:59,38.0,100.05 M
2019-06-05 01:52:01,20.0,98.51 M
2019-06-05 01:52:03,33.0,98.29 M
2019-06-05 01:52:05,23.0,100.44 M
2019-06-05 01:52:07,27.0,98.97 M
2019-06-05 01:52:09,25.0,100.72 M
2019-06-05 01:52:11,29.0,100.20 M
2019-06-05 01:52:13,32.0,99.21 M
2019-06-05 01:52:15,26.0,101.00 M
2019-06-05 01:52:17,19.0,99.56 M
2019-06-05 01:52:19,24.0,101.27 M
2019-06-05 01:52:21,25.0,100.89 M
2019-06-05 01:52:23,22.0,100.89 M
2019-06-05 01:52:26,57.9,61.74 M
2019-06-05 01:52:28,52.0,76.71 M
2019-06-05 01:52:30,44.9,87.36 M
2019-06-05 01:52:32,50.0,93.68 M
2019-06-05 01:52:34,37.0,94.41 M
2019-06-05 01:52:36,32.0,96.04 M
2019-06-05 01:52:38,41.0,95.32 M
2019-06-05 01:52:40,34.0,97.50 M
2019-06-05 01:52:42,36.0,96.07 M
2019-06-05 01:52:44,40.0,94.97 M
2019-06-05 01:52:46,36.0,95.80 M
2019-06-05 01:52:48,38.0,97.18 M
2019-06-05 01:52:50,37.0,97.77 M
2019-06-05 01:52:52,26.0,99.79 M
2019-06-05 01:52:54,24.0,96.96 M
2019-06-05 01:52:57,36.0,96.29 M
2019-06-05 01:52:59,22.0,98.02 M
2019-06-05 01:53:01,46.0,97.94 M
2019-06-05 01:53:03,25.0,98.69 M
2019-06-05 01:53:05,29.0,99.05 M
2019-06-05 01:53:07,38.0,100.62 M
2019-06-05 01:53:09,31.0,100.86 M
2019-06-05 01:53:11,25.0,101.21 M
2019-06-05 01:53:13,26.0,100.85 M
2019-06-05 01:53:15,25.0,100.91 M
2019-06-05 01:53:17,30.0,102.18 M
2019-06-05 01:53:19,25.0,100.54 M
2019-06-05 01:53:21,34.0,99.64 M
2019-06-05 01:53:23,26.0,100.56 M
2019-06-05 01:53:25,35.0,102.41 M
2019-06-05 01:53:27,27.0,102.41 M
2019-06-05 01:53:29,27.0,102.80 M
2019-06-05 01:53:31,40.0,102.66 M
2019-06-05 01:53:33,29.0,102.66 M
2019-06-05 01:53:35,25.0,102.01 M
2019-06-05 01:53:37,38.0,102.13 M
2019-06-05 01:53:39,24.0,103.23 M
2019-06-05 01:53:41,31.0,105.31 M
2019-06-05 01:53:43,30.0,104.90 M
2019-06-05 01:53:45,24.0,106.42 M
2019-06-05 01:53:47,30.0,104.71 M
2019-06-05 01:53:49,22.0,104.71 M
2019-06-05 01:53:51,23.0,104.86 M
2019-06-05 01:53:53,30.0,104.55 M
2019-06-05 01:53:55,24.0,106.31 M
2019-06-05 01:53:57,28.0,106.52 M
2019-06-05 01:53:59,37.0,106.47 M
2019-06-05 01:54:01,24.0,107.38 M
2019-06-05 01:54:03,31.0,106.35 M
2019-06-05 01:54:05,24.0,106.35 M
2019-06-05 01:54:07,28.0,105.70 M
2019-06-05 01:54:09,26.0,105.93 M
2019-06-05 01:54:11,23.0,106.18 M
2019-06-05 01:54:13,28.0,106.22 M
2019-06-05 01:54:15,34.0,107.59 M
2019-06-05 01:54:17,21.0,107.59 M
2019-06-05 01:54:19,24.0,107.59 M
2019-06-05 01:54:21,35.0,106.62 M
2019-06-05 01:54:23,26.0,107.36 M
2019-06-05 01:54:25,28.0,106.91 M
2019-06-05 01:54:27,31.0,108.06 M
2019-06-05 01:54:29,29.0,109.46 M
2019-06-05 01:54:31,27.0,110.50 M
2019-06-05 01:54:33,28.0,110.18 M
2019-06-05 01:54:35,27.0,112.39 M
2019-06-05 01:54:37,39.0,109.66 M
2019-06-05 01:54:39,27.0,109.66 M
2019-06-05 01:54:41,30.0,111.14 M
2019-06-05 01:54:43,32.0,111.62 M
2019-06-05 01:54:45,22.0,114.43 M
2019-06-05 01:54:47,20.0,113.55 M
2019-06-05 01:54:49,34.0,111.45 M
2019-06-05 01:54:51,31.0,113.10 M
2019-06-05 01:54:53,31.0,113.56 M
2019-06-05 01:54:55,37.0,114.24 M
2019-06-05 01:54:57,23.0,115.86 M
2019-06-05 01:54:59,33.0,114.53 M
2019-06-05 01:55:01,25.0,116.26 M
2019-06-05 01:55:03,30.0,115.64 M
2019-06-05 01:55:05,31.0,113.53 M
2019-06-05 01:55:07,23.0,114.54 M
2019-06-05 01:55:09,24.0,113.53 M
2019-06-05 01:55:11,36.0,111.25 M
2019-06-05 01:55:13,23.0,112.88 M
2019-06-05 01:55:15,36.0,112.62 M
2019-06-05 01:55:17,39.0,111.71 M
2019-06-05 01:55:19,24.0,112.05 M
2019-06-05 01:55:21,30.0,114.58 M
2019-06-05 01:55:23,37.0,113.76 M
2019-06-05 01:55:25,27.0,115.44 M
2019-06-05 01:55:27,36.0,116.70 M
2019-06-05 01:55:29,30.0,116.70 M
2019-06-05 01:55:31,34.0,118.17 M
2019-06-05 01:55:33,29.0,118.17 M
2019-06-05 01:55:35,30.0,118.64 M
2019-06-05 01:55:37,27.0,118.64 M
2019-06-05 01:55:39,25.0,117.59 M
2019-06-05 01:55:41,37.0,115.99 M
2019-06-05 01:55:43,19.0,117.64 M
2019-06-05 01:55:45,24.0,117.41 M
2019-06-05 01:55:47,44.9,117.55 M
2019-06-05 01:55:49,27.0,118.61 M
2019-06-05 01:55:51,30.0,117.18 M
2019-06-05 01:55:53,26.0,118.26 M
2019-06-05 01:55:55,29.0,118.93 M
2019-06-05 01:55:57,21.0,119.42 M
2019-06-05 01:55:59,25.0,119.48 M
2019-06-05 01:56:01,38.0,120.68 M
2019-06-05 01:56:03,27.0,120.68 M
2019-06-05 01:56:05,26.0,119.40 M
2019-06-05 01:56:07,27.0,119.40 M
2019-06-05 01:56:09,24.0,121.13 M
2019-06-05 01:56:11,27.0,120.11 M
2019-06-05 01:56:14,22.0,121.60 M
2019-06-05 01:56:16,29.0,118.66 M
2019-06-05 01:56:18,23.0,119.29 M
2019-06-05 01:56:20,26.0,120.48 M
2019-06-05 01:56:22,36.0,119.77 M
2019-06-05 01:56:24,22.0,120.80 M
2019-06-05 01:56:26,26.0,121.31 M
2019-06-05 01:56:28,25.0,122.59 M
2019-06-05 01:56:30,33.0,121.45 M
2019-06-05 01:56:32,21.0,122.27 M
2019-06-05 01:56:34,25.0,121.28 M
2019-06-05 01:56:36,39.0,119.25 M
2019-06-05 01:56:38,24.0,120.98 M
2019-06-05 01:56:40,37.0,121.50 M
2019-06-05 01:56:42,23.0,121.50 M
2019-06-05 01:56:44,31.0,125.77 M
2019-06-05 01:56:46,34.0,125.11 M
2019-06-05 01:56:48,28.0,126.43 M
2019-06-05 01:56:50,14.0,125.79 M
2019-06-05 01:56:52,20.0,126.79 M
2019-06-05 01:56:54,23.0,125.21 M
2019-06-05 01:56:56,30.0,121.10 M
2019-06-05 01:56:58,24.0,122.26 M
2019-06-05 01:57:00,32.0,116.14 M
2019-06-05 01:57:02,22.0,117.84 M
2019-06-05 01:57:04,28.0,120.11 M
2019-06-05 01:57:06,35.0,120.36 M
2019-06-05 01:57:08,21.0,122.11 M
2019-06-05 01:57:10,40.0,122.18 M
2019-06-05 01:57:12,27.0,122.43 M
2019-06-05 01:57:14,25.0,122.76 M
2019-06-05 01:57:16,36.0,122.68 M
2019-06-05 01:57:18,26.0,122.68 M
2019-06-05 01:57:20,27.0,123.72 M
2019-06-05 01:57:22,27.0,123.98 M
2019-06-05 01:57:24,17.0,121.54 M
2019-06-05 01:57:27,60.9,58.33 M
2019-06-05 01:57:29,50.0,72.00 M
2019-06-05 01:57:31,41.0,88.36 M
2019-06-05 01:57:33,36.0,93.09 M
2019-06-05 01:57:35,41.0,93.53 M
2019-06-05 01:57:37,20.0,94.44 M
2019-06-05 01:57:39,33.0,95.59 M
2019-06-05 01:57:41,41.0,96.32 M
2019-06-05 01:57:43,36.0,97.25 M
2019-06-05 01:57:45,52.0,59.24 M
2019-06-05 01:57:47,46.9,71.48 M
2019-06-05 01:57:49,42.0,88.59 M
2019-06-05 01:57:51,36.0,91.45 M
2019-06-05 01:57:53,37.0,92.23 M
2019-06-05 01:57:55,43.0,94.16 M
2019-06-05 01:57:57,37.0,96.64 M
2019-06-05 01:57:59,21.0,97.30 M
2019-06-05 01:58:01,37.0,97.52 M
2019-06-05 01:58:03,33.0,98.59 M
2019-06-05 01:58:05,37.0,96.70 M
2019-06-05 01:58:07,26.0,98.59 M
2019-06-05 01:58:09,29.0,98.81 M
2019-06-05 01:58:11,35.0,98.40 M
2019-06-05 01:58:13,29.0,99.88 M
2019-06-05 01:58:15,33.0,98.93 M
2019-06-05 01:58:17,29.0,99.10 M
2019-06-05 01:58:19,34.0,100.70 M
2019-06-05 01:58:21,35.0,101.20 M
2019-06-05 01:58:23,33.0,97.18 M
2019-06-05 01:58:25,23.0,98.28 M
2019-06-05 01:58:27,37.0,98.52 M
2019-06-05 01:58:29,23.0,98.52 M
2019-06-05 01:58:31,23.0,100.86 M
2019-06-05 01:58:33,19.0,99.74 M
2019-06-05 01:58:35,21.0,101.52 M
2019-06-05 01:58:37,29.0,99.84 M
2019-06-05 01:58:39,23.0,99.14 M
2019-06-05 01:58:41,32.0,97.64 M
2019-06-05 01:58:43,25.0,99.41 M
2019-06-05 01:58:45,23.0,99.00 M
2019-06-05 01:58:47,30.0,99.11 M
2019-06-05 01:58:49,25.0,100.26 M
2019-06-05 01:58:51,31.0,99.73 M
2019-06-05 01:58:53,26.0,101.18 M
2019-06-05 01:58:55,21.0,100.89 M
2019-06-05 01:58:57,31.0,100.43 M
2019-06-05 01:58:59,27.0,101.28 M
2019-06-05 01:59:01,25.0,101.05 M
2019-06-05 01:59:03,27.0,100.08 M
2019-06-05 01:59:05,26.0,101.54 M
2019-06-05 01:59:08,24.0,101.94 M
2019-06-05 01:59:10,22.0,102.46 M
2019-06-05 01:59:12,24.0,99.80 M
2019-06-05 01:59:14,35.0,100.16 M
2019-06-05 01:59:16,23.0,100.16 M
2019-06-05 01:59:18,57.9,59.94 M
2019-06-05 01:59:20,36.0,68.99 M
2019-06-05 01:59:22,44.9,84.66 M
2019-06-05 01:59:24,40.0,89.99 M
2019-06-05 01:59:26,26.0,90.48 M
2019-06-05 01:59:28,29.0,93.70 M
2019-06-05 01:59:30,38.0,94.21 M
2019-06-05 01:59:32,32.0,96.32 M
2019-06-05 01:59:34,29.0,95.69 M
2019-06-05 01:59:36,32.0,96.80 M
2019-06-05 01:59:38,27.0,97.30 M
2019-06-05 01:59:40,32.0,97.52 M
2019-06-05 01:59:42,19.0,96.29 M
2019-06-05 01:59:44,38.0,94.94 M
2019-06-05 01:59:46,17.0,96.25 M
2019-06-05 01:59:48,23.0,96.74 M
2019-06-05 01:59:50,25.0,96.59 M
2019-06-05 01:59:52,22.0,96.59 M
2019-06-05 01:59:54,25.0,98.57 M
2019-06-05 01:59:56,25.0,96.00 M
2019-06-05 01:59:58,31.0,97.87 M
2019-06-05 02:00:00,27.0,95.31 M
2019-06-05 02:00:02,23.0,96.34 M
2019-06-05 02:00:04,25.0,96.14 M
2019-06-05 02:00:06,27.0,97.91 M
2019-06-05 02:00:08,27.0,96.17 M
2019-06-05 02:00:10,35.0,96.32 M
2019-06-05 02:00:12,28.0,97.65 M
2019-06-05 02:00:14,29.0,96.45 M
2019-06-05 02:00:16,28.0,98.66 M
2019-06-05 02:00:18,25.0,99.20 M
2019-06-05 02:00:20,28.0,99.20 M
2019-06-05 02:00:22,25.0,99.74 M
2019-06-05 02:00:24,24.0,99.99 M
2019-06-05 02:00:26,29.0,100.00 M
2019-06-05 02:00:28,35.0,99.33 M
2019-06-05 02:00:30,22.0,99.33 M
2019-06-05 02:00:32,19.0,99.17 M
2019-06-05 02:00:34,33.0,99.66 M
2019-06-05 02:00:36,24.0,101.38 M
2019-06-05 02:00:38,37.0,98.16 M
2019-06-05 02:00:40,24.0,99.38 M
2019-06-05 02:00:42,25.0,98.40 M
2019-06-05 02:00:44,24.0,98.65 M
2019-06-05 02:00:46,24.0,100.82 M
2019-06-05 02:00:48,34.0,98.48 M
2019-06-05 02:00:50,22.0,99.56 M
2019-06-05 02:00:52,30.0,98.10 M
2019-06-05 02:00:54,27.0,98.48 M
2019-06-05 02:00:56,24.0,99.75 M
2019-06-05 02:00:58,31.0,98.78 M
2019-06-05 02:01:00,26.0,100.22 M
2019-06-05 02:01:02,38.0,99.77 M
2019-06-05 02:01:04,24.0,99.77 M
2019-06-05 02:01:06,28.0,99.85 M
2019-06-05 02:01:08,21.0,101.98 M
2019-06-05 02:01:10,25.0,102.62 M
2019-06-05 02:01:12,24.0,102.88 M
2019-06-05 02:01:14,26.0,101.55 M
2019-06-05 02:01:16,24.0,99.93 M
2019-06-05 02:01:18,22.0,101.29 M
2019-06-05 02:01:20,37.0,100.61 M
2019-06-05 02:01:22,27.0,100.61 M
2019-06-05 02:01:24,29.0,100.71 M
2019-06-05 02:01:26,29.0,102.50 M
2019-06-05 02:01:28,25.0,102.46 M
2019-06-05 02:01:30,27.0,103.22 M
2019-06-05 02:01:32,25.0,103.79 M
2019-06-05 02:01:34,29.0,102.96 M
2019-06-05 02:01:36,22.0,104.08 M
2019-06-05 02:01:38,18.0,104.71 M
2019-06-05 02:01:40,25.0,106.49 M
2019-06-05 02:01:42,26.0,103.47 M
2019-06-05 02:01:44,22.0,103.47 M
2019-06-05 02:01:46,30.0,103.79 M
2019-06-05 02:01:48,29.0,104.56 M
2019-06-05 02:01:50,25.0,101.93 M
2019-06-05 02:01:52,29.0,101.61 M
2019-06-05 02:01:54,24.0,103.37 M
2019-06-05 02:01:56,31.0,103.47 M
2019-06-05 02:01:58,18.0,104.74 M
2019-06-05 02:02:00,21.0,103.36 M
2019-06-05 02:02:02,24.0,103.61 M
2019-06-05 02:02:04,22.0,103.36 M
2019-06-05 02:02:06,23.0,103.85 M
2019-06-05 02:02:08,25.0,105.00 M
2019-06-05 02:02:10,24.0,103.96 M
2019-06-05 02:02:12,30.0,106.26 M
2019-06-05 02:02:14,21.0,106.59 M
2019-06-05 02:02:17,26.0,106.59 M
2019-06-05 02:02:19,22.0,103.35 M
2019-06-05 02:02:21,34.0,101.59 M
2019-06-05 02:02:23,22.0,103.41 M
2019-06-05 02:02:25,25.0,102.77 M
2019-06-05 02:02:27,21.0,103.40 M
2019-06-05 02:02:29,27.0,105.29 M
2019-06-05 02:02:31,24.0,105.55 M
2019-06-05 02:02:33,18.0,105.20 M
2019-06-05 02:02:35,24.0,105.46 M
2019-06-05 02:02:37,22.0,105.19 M
2019-06-05 02:02:39,24.0,104.62 M
2019-06-05 02:02:41,29.0,104.88 M
2019-06-05 02:02:43,27.0,106.63 M
2019-06-05 02:02:45,33.0,103.04 M
2019-06-05 02:02:47,25.0,103.86 M
2019-06-05 02:02:49,31.0,103.45 M
2019-06-05 02:02:51,27.0,105.30 M
2019-06-05 02:02:53,30.0,105.29 M
2019-06-05 02:02:55,33.0,104.14 M
2019-06-05 02:02:57,20.0,105.38 M
2019-06-05 02:02:59,26.0,105.77 M
2019-06-05 02:03:01,23.0,106.25 M
2019-06-05 02:03:03,29.0,105.21 M
2019-06-05 02:03:05,23.0,106.91 M
2019-06-05 02:03:07,30.0,105.37 M
2019-06-05 02:03:09,23.0,106.47 M
2019-06-05 02:03:11,19.0,104.48 M
2019-06-05 02:03:13,25.0,105.74 M
2019-06-05 02:03:15,27.0,107.90 M
2019-06-05 02:03:17,20.0,107.90 M
2019-06-05 02:03:19,22.0,104.71 M
2019-06-05 02:03:21,19.0,104.71 M
2019-06-05 02:03:23,18.0,105.99 M
2019-06-05 02:03:25,30.0,106.41 M
2019-06-05 02:03:27,23.0,107.35 M
2019-06-05 02:03:29,32.0,106.14 M
2019-06-05 02:03:31,22.0,107.14 M
2019-06-05 02:03:33,22.0,107.00 M
2019-06-05 02:03:35,27.0,107.00 M
2019-06-05 02:03:37,26.0,106.92 M
2019-06-05 02:03:39,22.0,106.92 M
2019-06-05 02:03:41,24.0,107.71 M
2019-06-05 02:03:43,26.0,106.36 M
2019-06-05 02:03:45,23.0,107.88 M
2019-06-05 02:03:47,32.0,106.13 M
2019-06-05 02:03:49,23.0,108.63 M
2019-06-05 02:03:51,23.0,107.34 M
2019-06-05 02:03:53,23.0,107.34 M
2019-06-05 02:03:55,28.0,107.66 M
2019-06-05 02:03:57,29.0,108.34 M
2019-06-05 02:03:59,20.0,109.49 M
2019-06-05 02:04:01,31.0,110.26 M
2019-06-05 02:04:03,27.0,110.58 M
2019-06-05 02:04:05,32.0,109.27 M
2019-06-05 02:04:07,27.0,111.05 M
2019-06-05 02:04:09,20.0,109.96 M
2019-06-05 02:04:11,28.0,109.96 M
2019-06-05 02:04:13,19.0,109.47 M
2019-06-05 02:04:15,32.0,109.47 M
2019-06-05 02:04:18,56.9,61.81 M
2019-06-05 02:04:20,49.0,72.86 M
2019-06-05 02:04:22,36.0,88.71 M
2019-06-05 02:04:24,38.0,89.70 M
2019-06-05 02:04:26,29.0,91.10 M
2019-06-05 02:04:28,35.0,93.63 M
2019-06-05 02:04:30,43.0,96.73 M
2019-06-05 02:04:32,31.0,95.79 M
2019-06-05 02:04:34,42.9,96.51 M
2019-06-05 02:04:36,35.0,98.13 M
2019-06-05 02:04:38,38.0,96.97 M
2019-06-05 02:04:40,33.0,98.95 M
2019-06-05 02:04:42,27.0,99.89 M
2019-06-05 02:04:44,31.0,97.29 M
2019-06-05 02:04:46,26.0,99.19 M
2019-06-05 02:04:48,31.0,97.56 M
2019-06-05 02:04:50,34.0,98.56 M
2019-06-05 02:04:52,28.0,100.43 M
2019-06-05 02:04:54,34.0,99.27 M
2019-06-05 02:04:56,27.0,100.29 M
2019-06-05 02:04:58,40.0,99.67 M
2019-06-05 02:05:00,26.0,99.67 M
2019-06-05 02:05:02,29.0,101.02 M
2019-06-05 02:05:04,34.0,99.81 M
2019-06-05 02:05:06,31.0,101.59 M
2019-06-05 02:05:08,30.0,101.87 M
2019-06-05 02:05:10,32.0,100.39 M
2019-06-05 02:05:12,29.0,101.12 M
2019-06-05 02:05:14,22.0,101.93 M
2019-06-05 02:05:16,34.0,102.45 M
2019-06-05 02:05:18,35.0,101.44 M
2019-06-05 02:05:20,32.0,100.92 M
2019-06-05 02:05:23,30.0,101.53 M
2019-06-05 02:05:25,28.0,102.72 M
2019-06-05 02:05:27,32.0,102.41 M
2019-06-05 02:05:29,29.0,104.10 M
2019-06-05 02:05:31,29.0,103.75 M
2019-06-05 02:05:33,24.0,103.75 M
2019-06-05 02:05:35,30.0,102.02 M
2019-06-05 02:05:37,32.0,101.12 M
2019-06-05 02:05:39,27.0,103.57 M
2019-06-05 02:05:41,23.0,104.10 M
2019-06-05 02:05:43,38.0,101.56 M
2019-06-05 02:05:45,29.0,102.96 M
2019-06-05 02:05:47,26.0,101.79 M
2019-06-05 02:05:49,28.0,102.55 M
2019-06-05 02:05:51,27.0,103.60 M
2019-06-05 02:05:53,36.0,103.54 M
2019-06-05 02:05:55,28.0,104.98 M
2019-06-05 02:05:57,27.0,103.96 M
2019-06-05 02:05:59,39.0,105.19 M
2019-06-05 02:06:01,26.0,104.02 M
2019-06-05 02:06:03,34.0,103.38 M
2019-06-05 02:06:05,25.0,104.75 M
2019-06-05 02:06:07,21.0,105.73 M
2019-06-05 02:06:09,31.0,104.74 M
2019-06-05 02:06:11,24.0,104.82 M
2019-06-05 02:06:13,22.0,102.27 M
2019-06-05 02:06:15,26.0,102.27 M
2019-06-05 02:06:17,27.0,104.84 M
2019-06-05 02:06:19,32.0,105.10 M
2019-06-05 02:06:21,22.0,107.42 M
2019-06-05 02:06:23,32.0,106.67 M
2019-06-05 02:06:25,34.0,105.77 M
2019-06-05 02:06:27,28.0,107.27 M
2019-06-05 02:06:29,26.0,107.86 M
2019-06-05 02:06:31,31.0,106.29 M
2019-06-05 02:06:33,31.0,108.02 M
2019-06-05 02:06:35,22.0,104.99 M
2019-06-05 02:06:37,27.0,106.53 M
2019-06-05 02:06:39,27.0,105.61 M
2019-06-05 02:06:41,31.0,105.23 M
2019-06-05 02:06:43,28.0,107.36 M
2019-06-05 02:06:45,21.0,107.39 M
2019-06-05 02:06:47,28.0,105.32 M
2019-06-05 02:06:49,18.0,106.12 M
2019-06-05 02:06:51,31.0,106.17 M
2019-06-05 02:06:53,21.0,106.91 M
2019-06-05 02:06:55,27.0,108.91 M
2019-06-05 02:06:57,31.0,107.25 M
2019-06-05 02:06:59,32.0,108.60 M
2019-06-05 02:07:02,55.9,58.97 M
2019-06-05 02:07:04,50.9,67.86 M
2019-06-05 02:07:06,42.9,88.48 M
2019-06-05 02:07:08,30.0,92.41 M
2019-06-05 02:07:10,40.0,93.84 M
2019-06-05 02:07:12,35.0,95.07 M
2019-06-05 02:07:14,41.0,93.95 M
2019-06-05 02:07:16,33.0,95.11 M
2019-06-05 02:07:18,30.0,96.36 M
2019-06-05 02:07:20,39.0,95.11 M
2019-06-05 02:07:22,29.0,95.55 M
2019-06-05 02:07:24,36.0,95.88 M
2019-06-05 02:07:26,27.0,96.88 M
2019-06-05 02:07:28,26.0,97.08 M
2019-06-05 02:07:30,35.0,96.66 M
2019-06-05 02:07:32,30.0,97.88 M
2019-06-05 02:07:34,22.0,97.98 M
2019-06-05 02:07:36,31.0,99.28 M
2019-06-05 02:07:38,34.0,99.15 M
2019-06-05 02:07:40,38.0,97.34 M
2019-06-05 02:07:42,31.0,98.11 M
2019-06-05 02:07:44,33.0,98.21 M
2019-06-05 02:07:46,21.0,99.73 M
2019-06-05 02:07:48,33.0,99.30 M
2019-06-05 02:07:50,37.0,99.96 M
2019-06-05 02:07:52,31.0,100.45 M
2019-06-05 02:07:54,26.0,99.46 M
2019-06-05 02:07:56,29.0,101.04 M
2019-06-05 02:07:58,29.0,98.99 M
2019-06-05 02:08:00,28.0,97.92 M
2019-06-05 02:08:02,26.0,99.80 M
2019-06-05 02:08:04,26.0,99.79 M
2019-06-05 02:08:06,26.0,101.79 M
2019-06-05 02:08:08,28.0,102.20 M
2019-06-05 02:08:10,36.0,100.57 M
2019-06-05 02:08:12,25.0,100.93 M
2019-06-05 02:08:14,28.0,101.58 M
2019-06-05 02:08:16,29.0,103.28 M
2019-06-05 02:08:18,25.0,103.30 M
2019-06-05 02:08:20,41.0,101.28 M
2019-06-05 02:08:22,25.0,102.30 M
2019-06-05 02:08:24,28.0,101.72 M
2019-06-05 02:08:26,24.0,102.82 M
2019-06-05 02:08:28,33.0,102.77 M
2019-06-05 02:08:31,25.0,105.04 M
2019-06-05 02:08:33,25.0,103.87 M
2019-06-05 02:08:35,24.0,104.00 M
2019-06-05 02:08:37,30.0,106.47 M
2019-06-05 02:08:39,38.0,108.30 M
2019-06-05 02:08:41,35.0,107.45 M
2019-06-05 02:08:43,20.0,107.94 M
2019-06-05 02:08:45,30.0,105.48 M
2019-06-05 02:08:47,29.0,106.17 M
2019-06-05 02:08:49,31.0,105.98 M
2019-06-05 02:08:51,39.0,104.83 M
2019-06-05 02:08:53,31.0,105.47 M
2019-06-05 02:08:55,30.0,105.34 M
2019-06-05 02:08:57,25.0,104.52 M
2019-06-05 02:08:59,27.0,105.64 M
2019-06-05 02:09:01,31.0,105.16 M
2019-06-05 02:09:03,25.0,106.04 M
2019-06-05 02:09:06,57.9,64.36 M
2019-06-05 02:09:08,47.0,80.30 M
2019-06-05 02:09:10,40.0,90.58 M
2019-06-05 02:09:12,44.0,92.80 M
2019-06-05 02:09:14,46.0,94.75 M
2019-06-05 02:09:16,43.0,92.58 M
2019-06-05 02:09:18,45.0,94.65 M
2019-06-05 02:09:20,51.9,95.01 M
2019-06-05 02:09:22,46.9,96.28 M
2019-06-05 02:09:24,48.0,95.62 M
2019-06-05 02:09:26,31.0,96.73 M
2019-06-05 02:09:28,44.0,95.82 M
2019-06-05 02:09:30,34.0,96.18 M
2019-06-05 02:09:32,40.0,97.13 M
2019-06-05 02:09:34,40.0,99.03 M
2019-06-05 02:09:36,33.0,95.88 M
2019-06-05 02:09:38,36.0,97.37 M
2019-06-05 02:09:40,35.0,94.18 M
2019-06-05 02:09:42,48.0,96.32 M
2019-06-05 02:09:44,42.9,97.16 M
2019-06-05 02:09:46,49.0,95.82 M
2019-06-05 02:09:48,43.0,97.49 M
2019-06-05 02:09:50,38.0,97.99 M
2019-06-05 02:09:52,44.0,100.18 M
2019-06-05 02:09:54,36.0,96.83 M
2019-06-05 02:09:56,42.0,95.71 M
2019-06-05 02:09:58,42.9,97.61 M
2019-06-05 02:10:00,32.0,98.42 M
2019-06-05 02:10:02,35.0,98.93 M
2019-06-05 02:10:04,39.0,96.38 M
2019-06-05 02:10:06,41.0,97.49 M
2019-06-05 02:10:08,32.0,98.79 M
2019-06-05 02:10:10,30.0,98.47 M
2019-06-05 02:10:12,35.0,98.83 M
2019-06-05 02:10:14,47.9,97.05 M
2019-06-05 02:10:16,40.0,99.21 M
2019-06-05 02:10:18,31.0,97.50 M
2019-06-05 02:10:20,40.0,97.02 M
2019-06-05 02:10:22,39.0,98.55 M
2019-06-05 02:10:24,36.0,98.15 M
2019-06-05 02:10:26,46.9,99.34 M
2019-06-05 02:10:28,35.0,96.30 M
2019-06-05 02:10:30,38.0,98.82 M
2019-06-05 02:10:32,34.0,98.67 M
2019-06-05 02:10:34,25.0,98.09 M
2019-06-05 02:10:36,39.0,99.31 M
2019-06-05 02:10:38,43.0,97.26 M
2019-06-05 02:10:40,39.0,97.61 M
2019-06-05 02:10:42,42.9,98.85 M
2019-06-05 02:10:44,42.0,98.01 M
2019-06-05 02:10:46,37.0,99.29 M
2019-06-05 02:10:48,33.0,101.63 M
2019-06-05 02:10:50,51.9,102.33 M
2019-06-05 02:10:52,40.0,103.58 M
2019-06-05 02:10:54,36.0,104.09 M
2019-06-05 02:10:56,35.0,105.36 M
2019-06-05 02:10:58,38.0,105.65 M
2019-06-05 02:11:00,31.0,107.90 M
2019-06-05 02:11:02,30.0,104.53 M
2019-06-05 02:11:04,39.0,100.02 M
2019-06-05 02:11:06,40.0,101.61 M
2019-06-05 02:11:08,32.0,101.48 M
2019-06-05 02:11:10,40.0,98.52 M
2019-06-05 02:11:12,37.0,99.98 M
2019-06-05 02:11:14,40.0,99.43 M
2019-06-05 02:11:16,33.0,101.65 M
2019-06-05 02:11:18,37.0,103.33 M
2019-06-05 02:11:20,28.0,100.58 M
2019-06-05 02:11:22,40.0,101.74 M
2019-06-05 02:11:24,39.0,97.14 M
2019-06-05 02:11:26,43.9,99.54 M
2019-06-05 02:11:28,40.0,98.99 M
2019-06-05 02:11:30,36.0,101.10 M
2019-06-05 02:11:32,40.0,100.50 M
2019-06-05 02:11:34,33.0,102.57 M
2019-06-05 02:11:36,27.0,103.09 M
2019-06-05 02:11:38,28.0,100.19 M
2019-06-05 02:11:40,37.0,99.72 M
2019-06-05 02:11:42,31.0,102.25 M
2019-06-05 02:11:44,31.0,101.32 M
2019-06-05 02:11:46,41.0,101.74 M
2019-06-05 02:11:48,37.0,101.70 M
2019-06-05 02:11:50,30.0,102.37 M
2019-06-05 02:11:52,34.0,101.72 M
2019-06-05 02:11:54,44.9,101.79 M
2019-06-05 02:11:56,38.0,100.73 M
2019-06-05 02:11:58,34.0,101.07 M
2019-06-05 02:12:01,38.0,103.12 M
2019-06-05 02:12:03,36.0,103.31 M
2019-06-05 02:12:05,33.0,102.02 M
2019-06-05 02:12:07,37.0,101.19 M
2019-06-05 02:12:09,29.0,102.39 M
2019-06-05 02:12:11,40.0,103.38 M
2019-06-05 02:12:13,33.0,103.62 M
2019-06-05 02:12:15,36.0,102.93 M
2019-06-05 02:12:17,36.0,103.79 M
2019-06-05 02:12:19,41.9,102.06 M
2019-06-05 02:12:21,34.0,102.15 M
2019-06-05 02:12:23,32.0,102.90 M
2019-06-05 02:12:25,38.0,102.84 M
2019-06-05 02:12:27,55.9,59.36 M
2019-06-05 02:12:29,40.0,74.46 M
2019-06-05 02:12:31,44.0,89.05 M
2019-06-05 02:12:33,28.0,93.60 M
2019-06-05 02:12:35,40.0,93.77 M
2019-06-05 02:12:37,38.0,93.06 M
2019-06-05 02:12:39,36.0,92.91 M
2019-06-05 02:12:41,36.0,94.07 M
2019-06-05 02:12:43,27.0,95.95 M
2019-06-05 02:12:45,35.0,96.46 M
2019-06-05 02:12:47,34.0,97.81 M
2019-06-05 02:12:49,41.0,97.43 M
2019-06-05 02:12:51,25.0,97.71 M
2019-06-05 02:12:53,32.0,97.09 M
2019-06-05 02:12:55,33.0,97.09 M
2019-06-05 02:12:57,37.0,97.39 M
2019-06-05 02:12:59,32.0,98.12 M
2019-06-05 02:13:01,24.0,98.12 M
2019-06-05 02:13:03,34.0,96.51 M
2019-06-05 02:13:05,24.0,96.52 M
2019-06-05 02:13:07,36.0,98.55 M
2019-06-05 02:13:09,33.0,99.59 M
2019-06-05 02:13:11,33.0,100.32 M
2019-06-05 02:13:13,26.0,97.83 M
2019-06-05 02:13:15,22.0,98.09 M
2019-06-05 02:13:17,35.0,98.68 M
2019-06-05 02:13:19,32.0,98.30 M
2019-06-05 02:13:21,30.0,98.53 M
2019-06-05 02:13:23,30.0,99.80 M
2019-06-05 02:13:25,28.0,99.80 M
2019-06-05 02:13:27,28.0,101.84 M
2019-06-05 02:13:29,30.0,99.93 M
2019-06-05 02:13:31,23.0,99.93 M
2019-06-05 02:13:33,24.0,102.46 M
2019-06-05 02:13:35,28.0,102.95 M
2019-06-05 02:13:37,21.0,100.85 M
2019-06-05 02:13:39,34.0,100.85 M
2019-06-05 02:13:41,29.0,101.60 M
2019-06-05 02:13:43,33.0,98.73 M
2019-06-05 02:13:45,28.0,98.73 M
2019-06-05 02:13:47,23.0,101.47 M
2019-06-05 02:13:49,29.0,100.85 M
2019-06-05 02:13:51,25.0,100.85 M
2019-06-05 02:13:53,30.0,101.53 M
2019-06-05 02:13:55,27.0,103.34 M
2019-06-05 02:13:57,39.0,101.64 M
2019-06-05 02:13:59,26.0,101.64 M
2019-06-05 02:14:01,23.0,102.57 M
2019-06-05 02:14:03,27.0,102.82 M
2019-06-05 02:14:05,28.0,102.60 M
2019-06-05 02:14:07,21.0,102.60 M
2019-06-05 02:14:09,27.0,104.06 M
2019-06-05 02:14:11,29.0,104.25 M
2019-06-05 02:14:13,21.0,105.03 M
2019-06-05 02:14:15,31.0,103.63 M
2019-06-05 02:14:17,29.0,104.37 M
2019-06-05 02:14:19,29.0,104.01 M
2019-06-05 02:14:21,23.0,104.01 M
2019-06-05 02:14:23,24.0,104.65 M
2019-06-05 02:14:25,22.0,104.65 M
2019-06-05 02:14:27,32.0,106.89 M
2019-06-05 02:14:29,23.0,106.89 M
2019-06-05 02:14:31,28.0,101.09 M
2019-06-05 02:14:33,23.0,101.35 M
2019-06-05 02:14:35,31.0,102.39 M
2019-06-05 02:14:37,27.0,103.00 M
2019-06-05 02:14:39,30.0,105.15 M
2019-06-05 02:14:41,31.0,102.91 M
2019-06-05 02:14:43,26.0,105.02 M
2019-06-05 02:14:45,27.0,104.61 M
2019-06-05 02:14:47,25.0,104.61 M
2019-06-05 02:14:49,30.0,104.44 M
2019-06-05 02:14:51,30.0,104.87 M
2019-06-05 02:14:53,27.0,105.64 M
2019-06-05 02:14:55,25.0,105.08 M
2019-06-05 02:14:57,38.0,104.66 M
2019-06-05 02:14:59,26.0,105.70 M
2019-06-05 02:15:01,28.0,103.54 M
2019-06-05 02:15:03,37.0,103.68 M
2019-06-05 02:15:05,28.0,106.14 M
2019-06-05 02:15:07,23.0,106.14 M
2019-06-05 02:15:09,28.0,107.84 M
2019-06-05 02:15:11,26.0,105.83 M
2019-06-05 02:15:14,22.0,106.97 M
2019-06-05 02:15:16,38.0,104.52 M
2019-06-05 02:15:18,19.0,104.68 M
2019-06-05 02:15:20,25.0,106.62 M
2019-06-05 02:15:22,30.0,105.52 M
2019-06-05 02:15:24,28.0,105.52 M
2019-06-05 02:15:26,21.0,107.38 M
2019-06-05 02:15:28,25.0,107.61 M
2019-06-05 02:15:30,24.0,106.93 M
2019-06-05 02:15:32,27.0,107.16 M
2019-06-05 02:15:34,28.0,107.84 M
2019-06-05 02:15:36,28.0,108.88 M
2019-06-05 02:15:38,24.0,106.85 M
2019-06-05 02:15:40,31.0,104.66 M
2019-06-05 02:15:42,32.0,104.92 M
2019-06-05 02:15:44,30.0,106.56 M
2019-06-05 02:15:46,35.0,106.01 M
2019-06-05 02:15:48,31.0,106.27 M
2019-06-05 02:15:50,40.0,107.70 M
2019-06-05 02:15:52,31.0,108.15 M
2019-06-05 02:15:54,27.0,110.85 M
2019-06-05 02:15:56,37.0,108.09 M
2019-06-05 02:15:58,25.0,108.62 M
2019-06-05 02:16:00,24.0,109.09 M
2019-06-05 02:16:02,39.0,109.43 M
2019-06-05 02:16:04,29.0,109.43 M
2019-06-05 02:16:06,26.0,108.81 M
2019-06-05 02:16:08,26.0,108.68 M
2019-06-05 02:16:10,33.0,110.38 M
2019-06-05 02:16:12,36.0,107.66 M
2019-06-05 02:16:14,24.0,108.75 M
2019-06-05 02:16:16,22.0,110.17 M
2019-06-05 02:16:18,28.0,110.43 M
2019-06-05 02:16:20,29.0,110.32 M
2019-06-05 02:16:22,27.0,110.32 M
2019-06-05 02:16:24,26.0,110.77 M
2019-06-05 02:16:26,32.0,111.76 M
2019-06-05 02:16:28,27.0,111.76 M
2019-06-05 02:16:30,36.0,111.49 M
2019-06-05 02:16:32,32.0,107.65 M
2019-06-05 02:16:34,25.0,109.39 M
2019-06-05 02:16:36,28.0,109.79 M
2019-06-05 02:16:39,54.9,58.88 M
2019-06-05 02:16:41,46.0,75.71 M
2019-06-05 02:16:43,41.9,89.00 M
2019-06-05 02:16:45,37.0,93.28 M
2019-06-05 02:16:47,39.0,93.69 M
2019-06-05 02:16:49,44.0,95.95 M
2019-06-05 02:16:51,27.0,96.90 M
2019-06-05 02:16:53,43.9,95.52 M
2019-06-05 02:16:55,39.0,97.31 M
2019-06-05 02:16:57,35.0,97.95 M
2019-06-05 02:16:59,43.9,97.32 M
2019-06-05 02:17:01,29.0,97.67 M
2019-06-05 02:17:03,31.0,97.07 M
2019-06-05 02:17:05,34.0,97.19 M
2019-06-05 02:17:07,37.0,99.46 M
2019-06-05 02:17:09,35.0,99.09 M
2019-06-05 02:17:11,29.0,98.66 M
2019-06-05 02:17:13,29.0,100.06 M
2019-06-05 02:17:15,33.0,100.92 M
2019-06-05 02:17:17,38.0,101.36 M
2019-06-05 02:17:19,38.0,98.24 M
2019-06-05 02:17:21,32.0,99.41 M
2019-06-05 02:17:23,30.0,100.23 M
2019-06-05 02:17:25,36.0,99.49 M
2019-06-05 02:17:27,37.0,100.23 M
2019-06-05 02:17:29,28.0,99.63 M
2019-06-05 02:17:31,35.0,98.54 M
2019-06-05 02:17:33,30.0,100.54 M
2019-06-05 02:17:35,34.0,100.78 M
2019-06-05 02:17:37,32.0,100.98 M
2019-06-05 02:17:39,28.0,102.61 M
2019-06-05 02:17:41,25.0,100.69 M
2019-06-05 02:17:43,38.0,101.13 M
2019-06-05 02:17:45,27.0,102.75 M
2019-06-05 02:17:47,34.0,102.37 M
2019-06-05 02:17:49,34.0,102.43 M
2019-06-05 02:17:51,29.0,102.43 M
2019-06-05 02:17:53,27.0,102.00 M
2019-06-05 02:17:55,34.0,102.08 M
2019-06-05 02:17:57,28.0,104.57 M
2019-06-05 02:17:59,25.0,102.83 M
2019-06-05 02:18:01,28.0,103.08 M
2019-06-05 02:18:03,34.0,103.66 M
2019-06-05 02:18:05,26.0,100.59 M
2019-06-05 02:18:07,28.0,101.91 M
2019-06-05 02:18:09,28.0,102.12 M
2019-06-05 02:18:11,29.0,105.23 M
2019-06-05 02:18:13,35.0,101.40 M
2019-06-05 02:18:15,29.0,102.33 M
2019-06-05 02:18:17,25.0,102.16 M
2019-06-05 02:18:19,31.0,102.21 M
2019-06-05 02:18:21,24.0,103.72 M
2019-06-05 02:18:23,29.0,103.52 M
2019-06-05 02:18:25,32.0,103.83 M
2019-06-05 02:18:28,26.0,104.86 M
2019-06-05 02:18:30,26.0,103.89 M
2019-06-05 02:18:32,30.0,103.20 M
2019-06-05 02:18:34,31.0,104.98 M
2019-06-05 02:18:36,25.0,104.32 M
2019-06-05 02:18:38,32.0,102.72 M
2019-06-05 02:18:40,30.0,103.68 M
2019-06-05 02:18:42,37.0,103.52 M
2019-06-05 02:18:44,31.0,103.88 M
2019-06-05 02:18:46,26.0,103.98 M
2019-06-05 02:18:48,35.0,104.52 M
2019-06-05 02:18:50,30.0,106.06 M
2019-06-05 02:18:52,30.0,104.48 M
2019-06-05 02:18:54,28.0,105.86 M
2019-06-05 02:18:56,22.0,105.06 M
2019-06-05 02:18:58,34.0,103.46 M
2019-06-05 02:19:00,32.0,105.06 M
2019-06-05 02:19:02,27.0,105.16 M
2019-06-05 02:19:04,37.0,104.82 M
2019-06-05 02:19:06,27.0,105.81 M
2019-06-05 02:19:08,33.0,107.12 M
2019-06-05 02:19:10,30.0,107.63 M
2019-06-05 02:19:12,22.0,107.34 M
2019-06-05 02:19:14,25.0,107.52 M
2019-06-05 02:19:16,29.0,108.98 M
2019-06-05 02:19:18,28.0,108.72 M
2019-06-05 02:19:20,38.0,104.87 M
2019-06-05 02:19:22,25.0,105.09 M
2019-06-05 02:19:24,27.0,106.10 M
2019-06-05 02:19:26,37.0,105.90 M
2019-06-05 02:19:28,27.0,106.93 M
2019-06-05 02:19:30,27.0,108.96 M
2019-06-05 02:19:32,33.0,106.60 M
2019-06-05 02:19:34,29.0,108.13 M
2019-06-05 02:19:36,29.0,107.97 M
2019-06-05 02:19:38,15.0,107.97 M
2019-06-05 02:19:40,29.0,106.88 M
2019-06-05 02:19:42,26.0,107.55 M
2019-06-05 02:19:44,13.0,108.05 M
2019-06-05 02:19:46,28.0,107.18 M
2019-06-05 02:19:48,34.0,107.93 M
2019-06-05 02:19:50,23.0,107.93 M
2019-06-05 02:19:52,30.0,110.24 M
2019-06-05 02:19:54,33.0,108.93 M
2019-06-05 02:19:56,29.0,111.09 M
2019-06-05 02:19:58,24.0,109.52 M
2019-06-05 02:20:00,30.0,109.83 M
2019-06-05 02:20:02,27.0,110.34 M
2019-06-05 02:20:04,26.0,110.66 M
2019-06-05 02:20:06,30.0,110.66 M
2019-06-05 02:20:08,29.0,110.48 M
2019-06-05 02:20:10,34.0,110.57 M
2019-06-05 02:20:12,21.0,112.23 M
2019-06-05 02:20:14,25.0,111.81 M
2019-06-05 02:20:16,32.0,110.79 M
2019-06-05 02:20:18,28.0,112.18 M
2019-06-05 02:20:20,25.0,112.75 M
2019-06-05 02:20:22,26.0,112.75 M
2019-06-05 02:20:24,28.0,109.08 M
2019-06-05 02:20:26,39.0,109.66 M
2019-06-05 02:20:28,33.0,110.24 M
2019-06-05 02:20:30,30.0,111.48 M
2019-06-05 02:20:32,24.0,111.95 M
2019-06-05 02:20:34,29.0,112.72 M
2019-06-05 02:20:36,30.0,111.05 M
2019-06-05 02:20:38,35.0,111.62 M
2019-06-05 02:20:40,24.0,112.13 M
2019-06-05 02:20:42,26.0,111.24 M
2019-06-05 02:20:44,39.0,111.88 M
2019-06-05 02:20:46,27.0,113.51 M
2019-06-05 02:20:48,23.0,114.11 M
2019-06-05 02:20:50,27.0,114.11 M
2019-06-05 02:20:52,29.0,114.43 M
2019-06-05 02:20:54,32.0,112.42 M
2019-06-05 02:20:56,33.0,114.40 M
2019-06-05 02:20:58,30.0,115.14 M
2019-06-05 02:21:00,27.0,115.40 M
2019-06-05 02:21:02,29.0,113.68 M
2019-06-05 02:21:04,32.0,114.23 M
2019-06-05 02:21:06,23.0,115.45 M
2019-06-05 02:21:08,33.0,114.27 M
2019-06-05 02:21:10,31.0,114.27 M
2019-06-05 02:21:12,24.0,115.73 M
2019-06-05 02:21:14,32.0,115.11 M
2019-06-05 02:21:16,26.0,116.82 M
2019-06-05 02:21:18,31.0,114.68 M
2019-06-05 02:21:20,27.0,115.45 M
2019-06-05 02:21:22,22.0,115.93 M
2019-06-05 02:21:24,35.0,114.83 M
2019-06-05 02:21:26,28.0,116.54 M
2019-06-05 02:21:28,29.0,116.20 M
2019-06-05 02:21:30,30.0,115.30 M
2019-06-05 02:21:32,30.0,116.88 M
2019-06-05 02:21:34,27.0,117.52 M
2019-06-05 02:21:36,31.0,113.45 M
2019-06-05 02:21:39,56.0,56.59 M
2019-06-05 02:21:42,53.0,68.60 M
2019-06-05 02:21:44,54.9,86.01 M
2019-06-05 02:21:46,38.0,91.55 M
2019-06-05 02:21:48,40.0,92.50 M
2019-06-05 02:21:50,33.0,93.76 M
2019-06-05 02:21:52,54.9,94.11 M
2019-06-05 02:21:54,37.0,94.30 M
2019-06-05 02:21:56,31.0,97.05 M
2019-06-05 02:21:58,29.0,96.21 M
2019-06-05 02:22:00,41.0,97.20 M
2019-06-05 02:22:02,37.0,98.62 M
2019-06-05 02:22:04,34.0,97.71 M
2019-06-05 02:22:06,35.0,96.63 M
2019-06-05 02:22:08,33.0,97.08 M
2019-06-05 02:22:10,26.0,98.23 M
2019-06-05 02:22:12,40.0,98.09 M
2019-06-05 02:22:14,29.0,98.09 M
2019-06-05 02:22:16,35.0,98.64 M
2019-06-05 02:22:18,31.0,96.76 M
2019-06-05 02:22:20,27.0,97.02 M
2019-06-05 02:22:22,28.0,97.29 M
2019-06-05 02:22:24,36.0,97.80 M
2019-06-05 02:22:26,29.0,97.80 M
2019-06-05 02:22:28,26.0,97.12 M
2019-06-05 02:22:30,22.0,97.48 M
2019-06-05 02:22:32,32.0,98.75 M
2019-06-05 02:22:34,24.0,99.41 M
2019-06-05 02:22:36,41.0,100.00 M
2019-06-05 02:22:38,29.0,100.37 M
2019-06-05 02:22:40,29.0,100.42 M
2019-06-05 02:22:43,47.0,55.02 M
2019-06-05 02:22:46,61.9,59.41 M
2019-06-05 02:22:48,43.0,69.56 M
2019-06-05 02:22:50,46.0,88.07 M
2019-06-05 02:22:52,32.0,92.36 M
2019-06-05 02:22:54,41.0,93.43 M
2019-06-05 02:22:56,44.9,94.17 M
2019-06-05 02:22:58,35.0,95.38 M
2019-06-05 02:23:00,35.0,95.48 M
2019-06-05 02:23:02,37.0,96.73 M
2019-06-05 02:23:04,40.0,96.87 M
2019-06-05 02:23:06,41.9,97.23 M
2019-06-05 02:23:08,54.9,58.59 M
2019-06-05 02:23:10,48.9,86.19 M
2019-06-05 02:23:12,37.0,92.80 M
2019-06-05 02:23:14,41.0,94.59 M
2019-06-05 02:23:16,33.0,95.59 M
2019-06-05 02:23:18,30.0,95.41 M
2019-06-05 02:23:20,46.9,94.15 M
2019-06-05 02:23:22,43.0,94.61 M
2019-06-05 02:23:24,42.0,93.84 M
2019-06-05 02:23:26,47.9,95.21 M
2019-06-05 02:23:28,34.0,95.48 M
2019-06-05 02:23:30,44.9,96.20 M
2019-06-05 02:23:32,41.9,95.32 M
2019-06-05 02:23:34,27.0,96.53 M
2019-06-05 02:23:36,26.0,98.15 M
2019-06-05 02:23:38,37.0,96.54 M
2019-06-05 02:23:40,41.0,97.11 M
2019-06-05 02:23:42,36.0,96.33 M
2019-06-05 02:23:44,33.0,96.02 M
2019-06-05 02:23:46,40.0,95.27 M
2019-06-05 02:23:48,37.0,96.45 M
2019-06-05 02:23:50,35.0,95.84 M
2019-06-05 02:23:52,47.9,95.98 M
2019-06-05 02:23:54,49.0,97.72 M
2019-06-05 02:23:56,31.0,97.30 M
2019-06-05 02:23:58,36.0,97.49 M
2019-06-05 02:24:00,27.0,99.26 M
2019-06-05 02:24:02,33.0,96.16 M
2019-06-05 02:24:04,48.9,98.20 M
2019-06-05 02:24:06,45.9,97.21 M
2019-06-05 02:24:08,45.0,97.84 M
2019-06-05 02:24:10,45.0,99.07 M
2019-06-05 02:24:12,42.0,101.06 M
2019-06-05 02:24:14,44.0,97.79 M
2019-06-05 02:24:17,33.0,99.23 M
2019-06-05 02:24:19,24.0,99.48 M
2019-06-05 02:24:21,31.0,101.53 M
2019-06-05 02:24:23,26.0,100.20 M
2019-06-05 02:24:25,35.0,99.20 M
2019-06-05 02:24:27,44.0,98.17 M
2019-06-05 02:24:29,38.0,98.64 M
2019-06-05 02:24:31,18.0,99.39 M
2019-06-05 02:24:33,48.0,100.57 M
2019-06-05 02:24:35,28.0,99.03 M
2019-06-05 02:24:37,28.0,99.57 M
2019-06-05 02:24:39,27.0,99.64 M
2019-06-05 02:24:41,40.0,99.82 M
2019-06-05 02:24:43,46.0,98.05 M
2019-06-05 02:24:45,43.0,98.80 M
2019-06-05 02:24:47,31.0,98.27 M
2019-06-05 02:24:49,30.0,98.91 M
2019-06-05 02:24:51,41.0,99.34 M
2019-06-05 02:24:53,35.0,101.03 M
2019-06-05 02:24:55,41.0,98.53 M
2019-06-05 02:24:57,39.0,97.83 M
2019-06-05 02:24:59,51.9,99.34 M
2019-06-05 02:25:01,34.0,99.05 M
2019-06-05 02:25:03,33.0,100.06 M
2019-06-05 02:25:05,40.0,101.21 M
2019-06-05 02:25:07,33.0,100.42 M
2019-06-05 02:25:09,27.0,97.32 M
2019-06-05 02:25:11,30.0,98.77 M
2019-06-05 02:25:13,37.0,99.64 M
2019-06-05 02:25:15,21.0,99.13 M
2019-06-05 02:25:17,49.9,101.34 M
2019-06-05 02:25:19,23.0,100.98 M
2019-06-05 02:25:21,40.0,98.77 M
2019-06-05 02:25:23,32.0,98.84 M
2019-06-05 02:25:25,45.0,100.41 M
2019-06-05 02:25:27,18.0,100.41 M
2019-06-05 02:25:29,38.0,98.77 M
2019-06-05 02:25:31,26.0,100.37 M
2019-06-05 02:25:33,46.9,100.80 M
2019-06-05 02:25:35,36.0,102.18 M
2019-06-05 02:25:37,23.0,103.34 M
2019-06-05 02:25:39,23.0,103.34 M
2019-06-05 02:25:41,31.0,102.39 M
2019-06-05 02:25:43,29.0,101.89 M
2019-06-05 02:25:45,37.0,100.62 M
2019-06-05 02:25:47,23.0,101.25 M
2019-06-05 02:25:49,39.0,100.06 M
2019-06-05 02:25:51,43.0,99.59 M
2019-06-05 02:25:53,37.0,101.11 M
2019-06-05 02:25:55,29.0,102.27 M
2019-06-05 02:25:57,25.0,97.75 M
2019-06-05 02:25:59,31.0,98.00 M
2019-06-05 02:26:01,42.0,100.84 M
2019-06-05 02:26:03,27.0,98.16 M
2019-06-05 02:26:05,23.0,98.42 M
2019-06-05 02:26:07,36.0,99.79 M
2019-06-05 02:26:09,34.0,99.99 M
2019-06-05 02:26:11,41.0,98.52 M
2019-06-05 02:26:13,42.0,98.16 M
2019-06-05 02:26:15,43.0,97.81 M
2019-06-05 02:26:17,29.0,98.29 M
2019-06-05 02:26:19,45.9,99.57 M
2019-06-05 02:26:21,44.9,99.86 M
2019-06-05 02:26:23,43.0,99.86 M
2019-06-05 02:26:25,46.9,99.41 M
2019-06-05 02:26:27,31.0,100.95 M
2019-06-05 02:26:29,34.0,99.98 M
2019-06-05 02:26:31,28.0,100.93 M
2019-06-05 02:26:33,32.0,100.49 M
2019-06-05 02:26:35,33.0,100.45 M
2019-06-05 02:26:37,26.0,100.25 M
2019-06-05 02:26:39,46.9,100.35 M
2019-06-05 02:26:41,44.9,101.36 M
2019-06-05 02:26:43,30.0,102.52 M
2019-06-05 02:26:45,48.0,103.73 M
2019-06-05 02:26:47,38.0,102.39 M
2019-06-05 02:26:49,40.0,103.05 M
2019-06-05 02:26:51,34.0,100.55 M
2019-06-05 02:26:53,43.0,101.70 M
2019-06-05 02:26:55,26.0,102.77 M
2019-06-05 02:26:57,37.0,105.50 M
2019-06-05 02:26:59,25.0,105.50 M
2019-06-05 02:27:02,55.9,57.11 M
2019-06-05 02:27:04,44.0,67.57 M
2019-06-05 02:27:06,37.0,86.21 M
2019-06-05 02:27:08,34.0,89.83 M
2019-06-05 02:27:10,32.0,93.35 M
2019-06-05 02:27:12,35.0,94.58 M
2019-06-05 02:27:14,27.0,96.28 M
2019-06-05 02:27:16,24.0,96.86 M
2019-06-05 02:27:18,34.0,97.32 M
2019-06-05 02:27:20,24.0,96.70 M
2019-06-05 02:27:22,26.0,97.18 M
2019-06-05 02:27:24,33.0,96.35 M
2019-06-05 02:27:26,23.0,96.82 M
2019-06-05 02:27:28,32.0,98.70 M
2019-06-05 02:27:30,34.0,97.64 M
2019-06-05 02:27:32,19.0,99.62 M
2019-06-05 02:27:34,28.0,98.42 M
2019-06-05 02:27:36,23.0,99.89 M
2019-06-05 02:27:39,25.0,98.94 M
2019-06-05 02:27:41,24.0,100.46 M
2019-06-05 02:27:43,36.0,98.25 M
2019-06-05 02:27:45,18.0,98.41 M
2019-06-05 02:27:47,28.0,99.08 M
2019-06-05 02:27:49,21.0,99.08 M
2019-06-05 02:27:51,19.0,101.44 M
2019-06-05 02:27:53,20.0,101.69 M
2019-06-05 02:27:55,26.0,100.70 M
2019-06-05 02:27:57,34.0,99.95 M
2019-06-05 02:27:59,24.0,101.51 M
2019-06-05 02:28:01,25.0,100.38 M
2019-06-05 02:28:03,19.0,100.63 M
2019-06-05 02:28:05,22.0,99.83 M
2019-06-05 02:28:07,25.0,101.08 M
2019-06-05 02:28:09,26.0,100.96 M
2019-06-05 02:28:11,24.0,100.96 M
2019-06-05 02:28:13,24.0,99.86 M
2019-06-05 02:28:15,31.0,100.16 M
2019-06-05 02:28:17,28.0,101.94 M
2019-06-05 02:28:19,31.0,101.21 M
2019-06-05 02:28:21,25.0,102.98 M
2019-06-05 02:28:23,21.0,102.07 M
2019-06-05 02:28:25,25.0,102.07 M
2019-06-05 02:28:27,22.0,104.34 M
2019-06-05 02:28:29,23.0,104.34 M
2019-06-05 02:28:31,30.0,106.61 M
2019-06-05 02:28:33,28.0,104.59 M
2019-06-05 02:28:35,20.0,106.38 M
2019-06-05 02:28:37,33.0,104.65 M
2019-06-05 02:28:39,23.0,106.71 M
2019-06-05 02:28:41,18.0,106.12 M
2019-06-05 02:28:43,25.0,106.37 M
2019-06-05 02:28:45,26.0,106.26 M
2019-06-05 02:28:47,36.0,104.23 M
2019-06-05 02:28:49,25.0,105.71 M
2019-06-05 02:28:51,29.0,103.98 M
2019-06-05 02:28:53,22.0,105.71 M
2019-06-05 02:28:55,19.0,107.43 M
2019-06-05 02:28:57,20.0,107.43 M
2019-06-05 02:28:59,25.0,107.65 M
2019-06-05 02:29:01,39.0,104.66 M
2019-06-05 02:29:03,26.0,106.34 M
2019-06-05 02:29:05,26.0,109.11 M
2019-06-05 02:29:07,25.0,109.36 M
2019-06-05 02:29:09,23.0,109.08 M
2019-06-05 02:29:11,29.0,107.74 M
2019-06-05 02:29:13,21.0,109.11 M
2019-06-05 02:29:15,24.0,109.68 M
2019-06-05 02:29:17,21.0,111.39 M
2019-06-05 02:29:19,23.0,105.08 M
2019-06-05 02:29:21,19.0,105.08 M
2019-06-05 02:29:23,17.0,105.88 M
2019-06-05 02:29:25,22.0,105.88 M
2019-06-05 02:29:27,24.0,107.25 M
2019-06-05 02:29:29,24.0,105.17 M
2019-06-05 02:29:31,22.0,105.78 M
2019-06-05 02:29:33,29.0,106.29 M
2019-06-05 02:29:35,26.0,108.56 M
2019-06-05 02:29:37,24.0,109.96 M
2019-06-05 02:29:39,30.0,108.21 M
2019-06-05 02:29:41,21.0,108.30 M
2019-06-05 02:29:43,25.0,107.47 M
2019-06-05 02:29:45,18.0,109.18 M
2019-06-05 02:29:47,31.0,108.75 M
2019-06-05 02:29:49,23.0,110.02 M
2019-06-05 02:29:51,30.0,108.79 M
2019-06-05 02:29:53,17.0,110.12 M
2019-06-05 02:29:55,26.0,110.34 M
2019-06-05 02:29:57,22.0,112.13 M
2019-06-05 02:29:59,18.0,111.61 M
2019-06-05 02:30:01,16.0,111.86 M
2019-06-05 02:30:03,32.0,110.21 M
2019-06-05 02:30:05,23.0,111.46 M
2019-06-05 02:30:07,14.0,109.77 M
2019-06-05 02:30:09,24.0,111.04 M
2019-06-05 02:30:11,22.0,112.51 M
2019-06-05 02:30:13,19.0,112.77 M
2019-06-05 02:30:15,19.0,113.71 M
2019-06-05 02:30:17,22.0,113.95 M
2019-06-05 02:30:19,23.0,114.41 M
2019-06-05 02:30:21,34.0,113.68 M
2019-06-05 02:30:23,24.0,115.45 M
2019-06-05 02:30:25,29.0,113.13 M
2019-06-05 02:30:27,28.0,114.76 M
2019-06-05 02:30:29,28.0,112.21 M
2019-06-05 02:30:31,23.0,113.75 M
2019-06-05 02:30:33,22.0,114.04 M
2019-06-05 02:30:35,17.0,114.04 M
2019-06-05 02:30:37,23.0,115.77 M
2019-06-05 02:30:39,24.0,115.77 M
2019-06-05 02:30:41,28.0,114.93 M
2019-06-05 02:30:43,27.0,112.37 M
2019-06-05 02:30:45,24.0,112.62 M
2019-06-05 02:30:47,28.0,114.00 M
2019-06-05 02:30:49,20.0,114.00 M
2019-06-05 02:30:51,32.0,114.40 M
2019-06-05 02:30:54,20.0,116.20 M
2019-06-05 02:30:56,29.0,113.53 M
2019-06-05 02:30:58,26.0,115.94 M
2019-06-05 02:31:00,19.0,114.89 M
2019-06-05 02:31:02,25.0,114.89 M
2019-06-05 02:31:04,23.0,117.39 M
2019-06-05 02:31:06,21.0,117.64 M
2019-06-05 02:31:08,24.0,119.12 M
2019-06-05 02:31:10,33.0,117.81 M
2019-06-05 02:31:12,21.0,119.43 M
2019-06-05 02:31:14,35.0,118.04 M
2019-06-05 02:31:16,24.0,118.74 M
2019-06-05 02:31:18,28.0,118.73 M
2019-06-05 02:31:20,29.0,120.39 M
2019-06-05 02:31:22,24.0,120.11 M
2019-06-05 02:31:24,19.0,120.11 M
2019-06-05 02:31:26,24.0,120.07 M
2019-06-05 02:31:28,27.0,117.79 M
2019-06-05 02:31:30,19.0,118.25 M
2019-06-05 02:31:32,26.0,115.09 M
2019-06-05 02:31:34,20.0,116.84 M
2019-06-05 02:31:36,34.0,117.09 M
2019-06-05 02:31:38,24.0,119.57 M
2019-06-05 02:31:40,19.0,118.32 M
2019-06-05 02:31:42,24.0,119.70 M
2019-06-05 02:31:44,20.0,120.77 M
2019-06-05 02:31:46,29.0,120.77 M
2019-06-05 02:31:48,18.0,120.99 M
2019-06-05 02:31:50,26.0,123.70 M
2019-06-05 02:31:52,22.0,122.70 M
2019-06-05 02:31:54,26.0,122.70 M
2019-06-05 02:31:56,21.0,122.49 M
2019-06-05 02:31:58,16.0,123.26 M
2019-06-05 02:32:00,23.0,122.76 M
2019-06-05 02:32:03,60.9,59.09 M
2019-06-05 02:32:05,47.0,70.01 M
2019-06-05 02:32:07,45.9,86.17 M
2019-06-05 02:32:09,35.0,89.97 M
2019-06-05 02:32:11,33.0,91.97 M
2019-06-05 02:32:13,34.0,93.36 M
2019-06-05 02:32:15,29.0,94.09 M
2019-06-05 02:32:17,35.0,96.84 M
2019-06-05 02:32:19,29.0,95.38 M
2019-06-05 02:32:21,35.0,97.32 M
2019-06-05 02:32:23,22.0,94.68 M
2019-06-05 02:32:25,31.0,94.68 M
2019-06-05 02:32:27,26.0,96.79 M
2019-06-05 02:32:29,33.0,96.08 M
2019-06-05 02:32:31,25.0,98.08 M
2019-06-05 02:32:33,30.0,96.21 M
2019-06-05 02:32:35,29.0,96.62 M
2019-06-05 02:32:37,31.0,96.76 M
2019-06-05 02:32:39,22.0,96.76 M
2019-06-05 02:32:41,32.0,96.76 M
2019-06-05 02:32:43,27.0,96.98 M
2019-06-05 02:32:45,27.0,98.86 M
2019-06-05 02:32:47,33.0,97.97 M
2019-06-05 02:32:49,27.0,100.25 M
2019-06-05 02:32:51,22.0,101.04 M
2019-06-05 02:32:53,23.0,101.04 M
2019-06-05 02:32:55,25.0,100.77 M
2019-06-05 02:32:57,29.0,97.12 M
2019-06-05 02:32:59,26.0,98.25 M
2019-06-05 02:33:01,25.0,97.57 M
2019-06-05 02:33:03,28.0,98.93 M
2019-06-05 02:33:05,24.0,98.00 M
2019-06-05 02:33:07,23.0,98.00 M
2019-06-05 02:33:09,28.0,100.06 M
2019-06-05 02:33:11,27.0,99.50 M
2019-06-05 02:33:13,26.0,100.84 M
2019-06-05 02:33:15,24.0,101.64 M
2019-06-05 02:33:17,18.0,102.15 M
2019-06-05 02:33:19,19.0,103.86 M
2019-06-05 02:33:21,30.0,103.03 M
2019-06-05 02:33:23,24.0,104.21 M
2019-06-05 02:33:25,35.0,103.04 M
2019-06-05 02:33:27,22.0,103.29 M
2019-06-05 02:33:29,25.0,103.88 M
2019-06-05 02:33:31,25.0,104.39 M
2019-06-05 02:33:33,22.0,104.30 M
2019-06-05 02:33:35,30.0,102.86 M
2019-06-05 02:33:37,19.0,104.29 M
2019-06-05 02:33:39,26.0,103.61 M
2019-06-05 02:33:41,20.0,105.66 M
2019-06-05 02:33:44,50.9,58.49 M
2019-06-05 02:33:47,43.0,68.55 M
2019-06-05 02:33:49,41.0,86.24 M
2019-06-05 02:33:51,27.0,91.08 M
2019-06-05 02:33:53,31.0,92.55 M
2019-06-05 02:33:55,27.0,94.02 M
2019-06-05 02:33:57,19.0,95.25 M
2019-06-05 02:33:59,36.0,96.16 M
2019-06-05 02:34:01,33.0,98.20 M
2019-06-05 02:34:03,31.0,98.64 M
2019-06-05 02:34:05,28.0,97.99 M
2019-06-05 02:34:07,24.0,98.21 M
2019-06-05 02:34:09,27.0,98.51 M
2019-06-05 02:34:11,32.0,98.51 M
2019-06-05 02:34:13,22.0,98.50 M
2019-06-05 02:34:15,35.0,98.36 M
2019-06-05 02:34:17,24.0,100.49 M
2019-06-05 02:34:19,19.0,100.49 M
2019-06-05 02:34:21,27.0,99.82 M
2019-06-05 02:34:23,31.0,98.42 M
2019-06-05 02:34:25,20.0,99.61 M
2019-06-05 02:34:27,29.0,97.02 M
2019-06-05 02:34:29,19.0,97.17 M
2019-06-05 02:34:31,26.0,97.17 M
2019-06-05 02:34:33,21.0,98.50 M
2019-06-05 02:34:35,19.0,98.75 M
2019-06-05 02:34:37,17.0,101.70 M
2019-06-05 02:34:39,22.0,101.94 M
2019-06-05 02:34:41,23.0,100.19 M
2019-06-05 02:34:43,20.0,100.70 M
2019-06-05 02:34:45,17.0,101.34 M
2019-06-05 02:34:47,22.0,101.57 M
2019-06-05 02:34:49,19.0,100.34 M
2019-06-05 02:34:51,22.0,100.34 M
2019-06-05 02:34:53,20.0,100.94 M
2019-06-05 02:34:55,24.0,102.19 M
2019-06-05 02:34:57,25.0,101.55 M
2019-06-05 02:34:59,22.0,103.31 M
2019-06-05 02:35:01,30.0,98.67 M
2019-06-05 02:35:03,18.0,100.92 M
2019-06-05 02:35:05,26.0,101.12 M
2019-06-05 02:35:07,21.0,101.75 M
2019-06-05 02:35:09,25.0,100.75 M
2019-06-05 02:35:11,20.0,102.62 M
2019-06-05 02:35:13,26.0,100.93 M
2019-06-05 02:35:15,19.0,102.35 M
2019-06-05 02:35:17,29.0,100.43 M
2019-06-05 02:35:19,17.0,102.17 M
2019-06-05 02:35:21,27.0,101.41 M
2019-06-05 02:35:23,19.0,103.64 M
2019-06-05 02:35:25,27.0,103.53 M
2019-06-05 02:35:27,17.0,104.99 M
2019-06-05 02:35:29,20.0,103.14 M
2019-06-05 02:35:31,23.0,103.66 M
2019-06-05 02:35:34,61.9,57.46 M
2019-06-05 02:35:36,53.0,67.50 M
2019-06-05 02:35:38,35.0,85.61 M
2019-06-05 02:35:40,35.0,89.62 M
2019-06-05 02:35:42,28.0,91.62 M
2019-06-05 02:35:44,29.0,92.79 M
2019-06-05 02:35:46,31.0,95.56 M
2019-06-05 02:35:48,34.0,95.58 M
2019-06-05 02:35:50,32.0,95.58 M
2019-06-05 02:35:52,37.0,94.62 M
2019-06-05 02:35:54,42.0,95.87 M
2019-06-05 02:35:56,41.0,96.95 M
2019-06-05 02:35:58,30.0,99.60 M
2019-06-05 02:36:00,30.0,100.10 M
2019-06-05 02:36:02,23.0,98.42 M
2019-06-05 02:36:04,31.0,97.47 M
2019-06-05 02:36:06,25.0,98.80 M
2019-06-05 02:36:08,34.0,97.40 M
2019-06-05 02:36:10,23.0,97.40 M
2019-06-05 02:36:12,31.0,98.90 M
2019-06-05 02:36:14,26.0,99.32 M
2019-06-05 02:36:16,29.0,100.77 M
2019-06-05 02:36:18,24.0,101.59 M
2019-06-05 02:36:20,26.0,99.80 M
2019-06-05 02:36:22,29.0,101.77 M
2019-06-05 02:36:24,38.0,97.96 M
2019-06-05 02:36:26,24.0,99.13 M
2019-06-05 02:36:28,29.0,100.45 M
2019-06-05 02:36:30,20.0,100.45 M
2019-06-05 02:36:32,26.0,103.57 M
2019-06-05 02:36:34,34.0,101.49 M
2019-06-05 02:36:36,28.0,102.18 M
2019-06-05 02:36:38,26.0,100.58 M
2019-06-05 02:36:40,22.0,100.58 M
2019-06-05 02:36:42,21.0,102.73 M
2019-06-05 02:36:44,20.0,102.96 M
2019-06-05 02:36:46,25.0,101.27 M
2019-06-05 02:36:48,22.0,101.98 M
2019-06-05 02:36:50,23.0,100.91 M
2019-06-05 02:36:52,24.0,103.34 M
2019-06-05 02:36:54,29.0,104.93 M
2019-06-05 02:36:56,31.0,104.42 M
2019-06-05 02:36:59,23.0,106.55 M
2019-06-05 02:37:01,29.0,106.62 M
2019-06-05 02:37:03,22.0,107.84 M
2019-06-05 02:37:05,23.0,106.83 M
2019-06-05 02:37:07,23.0,107.84 M
2019-06-05 02:37:09,26.0,108.33 M
2019-06-05 02:37:11,30.0,106.20 M
2019-06-05 02:37:13,21.0,107.34 M
2019-06-05 02:37:15,32.0,105.31 M
2019-06-05 02:37:17,25.0,106.91 M
2019-06-05 02:37:19,30.0,107.16 M
2019-06-05 02:37:21,24.0,108.18 M
2019-06-05 02:37:23,20.0,107.49 M
2019-06-05 02:37:25,23.0,107.75 M
2019-06-05 02:37:27,20.0,105.09 M
2019-06-05 02:37:29,30.0,103.65 M
2019-06-05 02:37:31,28.0,105.02 M
2019-06-05 02:37:33,22.0,106.57 M
2019-06-05 02:37:35,15.0,107.09 M
2019-06-05 02:37:37,24.0,107.13 M
2019-06-05 02:37:39,27.0,105.34 M
2019-06-05 02:37:41,23.0,106.50 M
2019-06-05 02:37:43,34.0,105.29 M
2019-06-05 02:37:45,23.0,106.32 M
2019-06-05 02:37:47,24.0,108.36 M
2019-06-05 02:37:49,29.0,108.88 M
2019-06-05 02:37:51,29.0,108.54 M
2019-06-05 02:37:53,32.0,104.35 M
2019-06-05 02:37:55,27.0,105.56 M
2019-06-05 02:37:57,27.0,105.89 M
2019-06-05 02:37:59,35.0,106.61 M
2019-06-05 02:38:01,24.0,108.36 M
2019-06-05 02:38:03,28.0,108.65 M
2019-06-05 02:38:05,19.0,110.39 M
2019-06-05 02:38:07,34.0,108.50 M
2019-06-05 02:38:09,25.0,108.50 M
2019-06-05 02:38:11,24.0,108.74 M
2019-06-05 02:38:13,33.0,107.60 M
2019-06-05 02:38:15,21.0,108.85 M
2019-06-05 02:38:17,35.0,108.13 M
2019-06-05 02:38:19,27.0,109.14 M
2019-06-05 02:38:21,27.0,111.14 M
2019-06-05 02:38:23,25.0,111.40 M
2019-06-05 02:38:25,25.0,112.34 M
2019-06-05 02:38:27,20.0,111.87 M
2019-06-05 02:38:29,24.0,112.77 M
2019-06-05 02:38:31,29.0,109.84 M
2019-06-05 02:38:33,27.0,112.04 M
2019-06-05 02:38:35,22.0,110.73 M
2019-06-05 02:38:37,29.0,110.73 M
2019-06-05 02:38:39,19.0,112.45 M
2019-06-05 02:38:41,33.0,112.01 M
2019-06-05 02:38:43,18.0,112.76 M
2019-06-05 02:38:45,25.0,112.59 M
2019-06-05 02:38:47,23.0,112.59 M
2019-06-05 02:38:49,25.0,115.09 M
2019-06-05 02:38:51,39.0,114.33 M
2019-06-05 02:38:53,22.0,115.96 M
2019-06-05 02:38:55,27.0,116.07 M
2019-06-05 02:38:57,26.0,116.07 M
2019-06-05 02:38:59,16.0,115.00 M
2019-06-05 02:39:01,26.0,115.00 M
2019-06-05 02:39:03,23.0,115.19 M
2019-06-05 02:39:05,23.0,115.19 M
2019-06-05 02:39:07,22.0,115.36 M
2019-06-05 02:39:09,27.0,114.12 M
2019-06-05 02:39:11,25.0,116.17 M
2019-06-05 02:39:13,24.0,112.62 M
2019-06-05 02:39:15,32.0,111.99 M
2019-06-05 02:39:17,22.0,113.84 M
2019-06-05 02:39:19,26.0,114.07 M
2019-06-05 02:39:21,19.0,115.82 M
2019-06-05 02:39:23,30.0,114.46 M
2019-06-05 02:39:25,21.0,116.21 M
2019-06-05 02:39:27,22.0,117.50 M
2019-06-05 02:39:29,25.0,117.50 M
2019-06-05 02:39:31,29.0,116.02 M
2019-06-05 02:39:33,33.0,116.17 M
2019-06-05 02:39:35,23.0,118.46 M
2019-06-05 02:39:37,24.0,116.94 M
2019-06-05 02:39:39,18.0,116.94 M
2019-06-05 02:39:41,22.0,118.46 M
2019-06-05 02:39:43,33.0,118.59 M
2019-06-05 02:39:45,22.0,119.93 M
2019-06-05 02:39:47,21.0,118.99 M
2019-06-05 02:39:49,18.0,118.99 M
2019-06-05 02:39:51,29.0,117.53 M
2019-06-05 02:39:53,25.0,117.53 M
2019-06-05 02:39:55,17.0,118.21 M
2019-06-05 02:39:57,24.0,118.73 M
2019-06-05 02:39:59,18.0,120.24 M
2019-06-05 02:40:01,37.0,117.54 M
2019-06-05 02:40:03,23.0,119.30 M
2019-06-05 02:40:05,34.0,120.03 M
2019-06-05 02:40:07,22.0,121.78 M
2019-06-05 02:40:09,20.0,123.36 M
2019-06-05 02:40:11,32.0,121.41 M
2019-06-05 02:40:13,22.0,122.90 M
2019-06-05 02:40:16,35.0,122.74 M
2019-06-05 02:40:18,21.0,126.08 M
2019-06-05 02:40:20,33.0,124.92 M
2019-06-05 02:40:22,25.0,124.92 M
2019-06-05 02:40:24,26.0,122.27 M
2019-06-05 02:40:26,19.0,122.65 M
2019-06-05 02:40:28,25.0,122.60 M
2019-06-05 02:40:30,38.0,121.70 M
2019-06-05 02:40:32,19.0,123.23 M
2019-06-05 02:40:36,51.9,62.27 M
2019-06-05 02:40:38,46.9,83.86 M
2019-06-05 02:40:40,39.0,89.03 M
2019-06-05 02:40:42,44.0,91.34 M
2019-06-05 02:40:44,34.0,94.00 M
2019-06-05 02:40:46,40.0,94.26 M
2019-06-05 02:40:48,34.0,96.66 M
2019-06-05 02:40:50,51.9,98.52 M
2019-06-05 02:40:52,33.0,98.74 M
2019-06-05 02:40:54,38.0,94.69 M
2019-06-05 02:40:56,52.9,96.65 M
2019-06-05 02:40:58,46.9,96.84 M
2019-06-05 02:41:00,36.0,97.95 M
2019-06-05 02:41:02,41.0,99.82 M
2019-06-05 02:41:04,37.0,98.82 M
2019-06-05 02:41:06,32.0,98.91 M
2019-06-05 02:41:08,38.0,99.64 M
2019-06-05 02:41:10,36.0,100.14 M
2019-06-05 02:41:12,43.0,97.64 M
2019-06-05 02:41:14,33.0,95.35 M
2019-06-05 02:41:16,32.0,96.02 M
2019-06-05 02:41:18,36.0,98.06 M
2019-06-05 02:41:20,41.0,95.89 M
2019-06-05 02:41:22,40.0,97.62 M
2019-06-05 02:41:24,31.0,97.88 M
2019-06-05 02:41:26,33.0,100.35 M
2019-06-05 02:41:28,30.0,100.49 M
2019-06-05 02:41:30,32.0,102.17 M
2019-06-05 02:41:32,35.0,102.59 M
2019-06-05 02:41:34,29.0,101.43 M
2019-06-05 02:41:36,41.0,102.18 M
2019-06-05 02:41:38,38.0,98.70 M
2019-06-05 02:41:40,33.0,100.25 M
2019-06-05 02:41:42,44.9,100.67 M
2019-06-05 02:41:44,34.0,101.23 M
2019-06-05 02:41:46,35.0,100.70 M
2019-06-05 02:41:48,30.0,101.46 M
2019-06-05 02:41:50,34.0,100.89 M
2019-06-05 02:41:52,41.9,101.37 M
2019-06-05 02:41:54,28.0,101.62 M
2019-06-05 02:41:56,34.0,102.56 M
2019-06-05 02:41:58,37.0,102.65 M
2019-06-05 02:42:00,37.0,103.61 M
2019-06-05 02:42:02,30.0,102.44 M
2019-06-05 02:42:04,27.0,103.20 M
2019-06-05 02:42:06,35.0,103.61 M
2019-06-05 02:42:08,30.0,102.89 M
2019-06-05 02:42:10,31.0,102.89 M
2019-06-05 02:42:12,37.0,102.29 M
2019-06-05 02:42:14,38.0,103.25 M
2019-06-05 02:42:16,31.0,105.21 M
2019-06-05 02:42:18,44.9,106.00 M
2019-06-05 02:42:20,28.0,106.45 M
2019-06-05 02:42:22,40.0,104.49 M
2019-06-05 02:42:24,36.0,105.00 M
2019-06-05 02:42:26,40.0,104.82 M
2019-06-05 02:42:28,37.0,104.77 M
2019-06-05 02:42:30,33.0,104.96 M
2019-06-05 02:42:32,26.0,104.64 M
2019-06-05 02:42:34,46.9,104.92 M
2019-06-05 02:42:36,36.0,106.64 M
2019-06-05 02:42:38,35.0,104.66 M
2019-06-05 02:42:40,43.9,103.04 M
2019-06-05 02:42:42,32.0,103.54 M
2019-06-05 02:42:44,33.0,105.02 M
2019-06-05 02:42:46,24.0,105.53 M
2019-06-05 02:42:48,31.0,107.03 M
2019-06-05 02:42:50,40.0,103.39 M
2019-06-05 02:42:52,28.0,102.75 M
2019-06-05 02:42:54,33.0,104.55 M
2019-06-05 02:42:56,43.9,102.73 M
2019-06-05 02:42:58,38.0,102.80 M
2019-06-05 02:43:00,34.0,104.08 M
2019-06-05 02:43:02,30.0,103.77 M
2019-06-05 02:43:04,33.0,104.46 M
2019-06-05 02:43:06,35.0,106.51 M
2019-06-05 02:43:08,35.0,107.46 M
2019-06-05 02:43:10,43.0,102.91 M
2019-06-05 02:43:12,37.0,102.60 M
2019-06-05 02:43:14,36.0,102.98 M
2019-06-05 02:43:16,36.0,104.45 M
2019-06-05 02:43:18,42.0,104.90 M
2019-06-05 02:43:20,32.0,105.16 M
2019-06-05 02:43:23,37.0,106.59 M
2019-06-05 02:43:25,29.0,106.84 M
2019-06-05 02:43:27,32.0,108.06 M
2019-06-05 02:43:29,43.0,107.82 M
2019-06-05 02:43:31,42.0,104.82 M
2019-06-05 02:43:33,30.0,104.82 M
2019-06-05 02:43:35,37.0,106.43 M
2019-06-05 02:43:37,40.0,106.10 M
2019-06-05 02:43:39,35.0,107.20 M
2019-06-05 02:43:41,35.0,106.70 M
2019-06-05 02:43:43,37.0,106.82 M
2019-06-05 02:43:45,31.0,107.66 M
2019-06-05 02:43:47,33.0,107.99 M
2019-06-05 02:43:49,36.0,107.26 M
2019-06-05 02:43:51,35.0,108.42 M
2019-06-05 02:43:53,31.0,110.00 M
2019-06-05 02:43:55,33.0,108.96 M
2019-06-05 02:43:57,37.0,108.96 M
2019-06-05 02:43:59,26.0,109.02 M
2019-06-05 02:44:01,34.0,108.79 M
2019-06-05 02:44:03,34.0,109.79 M
2019-06-05 02:44:05,33.0,108.45 M
2019-06-05 02:44:07,40.0,108.34 M
2019-06-05 02:44:09,32.0,109.07 M
2019-06-05 02:44:11,30.0,106.30 M
2019-06-05 02:44:13,38.0,108.25 M
2019-06-05 02:44:15,29.0,108.51 M
2019-06-05 02:44:17,33.0,109.20 M
2019-06-05 02:44:19,34.0,109.34 M
2019-06-05 02:44:21,34.0,110.89 M
2019-06-05 02:44:23,30.0,110.56 M
2019-06-05 02:44:25,42.9,110.13 M
2019-06-05 02:44:27,38.0,111.41 M
2019-06-05 02:44:29,36.0,112.08 M
2019-06-05 02:44:31,34.0,112.59 M
2019-06-05 02:44:33,29.0,110.21 M
2019-06-05 02:44:35,36.0,111.43 M
2019-06-05 02:44:37,40.0,108.95 M
2019-06-05 02:44:39,34.0,108.95 M
2019-06-05 02:44:42,53.0,59.59 M
2019-06-05 02:44:44,40.0,75.09 M
2019-06-05 02:44:46,42.0,88.89 M
2019-06-05 02:44:48,31.0,93.43 M
2019-06-05 02:44:50,39.0,93.89 M
2019-06-05 02:44:52,27.0,94.81 M
2019-06-05 02:44:54,37.0,95.00 M
2019-06-05 02:44:56,35.0,97.98 M
2019-06-05 02:44:58,34.0,97.59 M
2019-06-05 02:45:00,42.9,97.69 M
2019-06-05 02:45:02,36.0,99.44 M
2019-06-05 02:45:04,39.0,100.77 M
2019-06-05 02:45:06,44.9,98.74 M
2019-06-05 02:45:08,21.0,98.95 M
2019-06-05 02:45:10,32.0,100.23 M
2019-06-05 02:45:12,19.0,100.23 M
2019-06-05 02:45:14,26.0,102.88 M
2019-06-05 02:45:16,38.0,98.42 M
2019-06-05 02:45:18,30.0,99.09 M
2019-06-05 02:45:20,32.0,99.20 M
2019-06-05 02:45:22,24.0,100.50 M
2019-06-05 02:45:24,30.0,99.03 M
2019-06-05 02:45:26,26.0,100.36 M
2019-06-05 02:45:28,32.0,99.98 M
2019-06-05 02:45:30,29.0,101.34 M
2019-06-05 02:45:32,22.0,102.03 M
2019-06-05 02:45:34,28.0,100.50 M
2019-06-05 02:45:36,24.0,102.00 M
2019-06-05 02:45:38,31.0,102.50 M
2019-06-05 02:45:40,28.0,101.97 M
2019-06-05 02:45:42,28.0,104.18 M
2019-06-05 02:45:44,23.0,104.62 M
2019-06-05 02:45:46,27.0,104.62 M
2019-06-05 02:45:48,23.0,105.47 M
2019-06-05 02:45:50,32.0,104.00 M
2019-06-05 02:45:52,25.0,106.22 M
2019-06-05 02:45:54,29.0,104.35 M
2019-06-05 02:45:56,30.0,101.75 M
2019-06-05 02:45:58,29.0,103.52 M
2019-06-05 02:46:00,29.0,106.12 M
2019-06-05 02:46:02,36.0,104.96 M
2019-06-05 02:46:04,30.0,106.78 M
2019-06-05 02:46:06,36.0,107.10 M
2019-06-05 02:46:08,22.0,107.10 M
2019-06-05 02:46:10,30.0,106.98 M
2019-06-05 02:46:12,31.0,106.27 M
2019-06-05 02:46:14,28.0,107.68 M
2019-06-05 02:46:16,27.0,107.23 M
2019-06-05 02:46:18,30.0,107.31 M
2019-06-05 02:46:20,27.0,108.49 M
2019-06-05 02:46:22,31.0,102.75 M
2019-06-05 02:46:24,29.0,104.60 M
2019-06-05 02:46:26,24.0,105.07 M
2019-06-05 02:46:28,28.0,105.02 M
2019-06-05 02:46:30,26.0,105.97 M
2019-06-05 02:46:32,24.0,107.74 M
2019-06-05 02:46:34,33.0,106.49 M
2019-06-05 02:46:37,25.0,107.75 M
2019-06-05 02:46:39,27.0,107.53 M
2019-06-05 02:46:41,25.0,107.53 M
2019-06-05 02:46:43,22.0,110.29 M
2019-06-05 02:46:45,29.0,110.42 M
2019-06-05 02:46:47,22.0,112.32 M
2019-06-05 02:46:49,23.0,108.80 M
2019-06-05 02:46:51,39.0,108.88 M
2019-06-05 02:46:53,27.0,110.79 M
2019-06-05 02:46:55,28.0,109.64 M
2019-06-05 02:46:57,26.0,111.25 M
2019-06-05 02:46:59,25.0,109.70 M
2019-06-05 02:47:01,26.0,109.70 M
2019-06-05 02:47:03,25.0,108.19 M
2019-06-05 02:47:05,33.0,108.55 M
2019-06-05 02:47:07,23.0,110.13 M
2019-06-05 02:47:09,22.0,112.41 M
2019-06-05 02:47:11,26.0,112.41 M
2019-06-05 02:47:13,29.0,110.93 M
2019-06-05 02:47:15,29.0,109.88 M
2019-06-05 02:47:17,25.0,111.07 M
2019-06-05 02:47:19,35.0,110.35 M
2019-06-05 02:47:21,26.0,111.88 M
2019-06-05 02:47:23,28.0,112.56 M
2019-06-05 02:47:25,30.0,111.48 M
2019-06-05 02:47:27,27.0,113.25 M
2019-06-05 02:47:29,27.0,113.88 M
2019-06-05 02:47:31,37.0,113.11 M
2019-06-05 02:47:33,26.0,114.64 M
2019-06-05 02:47:35,25.0,114.34 M
2019-06-05 02:47:37,24.0,114.34 M
2019-06-05 02:47:39,23.0,110.99 M
2019-06-05 02:47:41,29.0,111.53 M
2019-06-05 02:47:43,27.0,112.79 M
2019-06-05 02:47:45,28.0,113.34 M
2019-06-05 02:47:47,22.0,113.34 M
2019-06-05 02:47:49,26.0,113.46 M
2019-06-05 02:47:51,32.0,112.84 M
2019-06-05 02:47:53,29.0,114.64 M
2019-06-05 02:47:55,24.0,114.25 M
2019-06-05 02:47:57,24.0,114.46 M
2019-06-05 02:47:59,22.0,115.19 M
2019-06-05 02:48:01,33.0,115.66 M
2019-06-05 02:48:03,22.0,117.97 M
2019-06-05 02:48:05,21.0,114.61 M
2019-06-05 02:48:07,26.0,114.66 M
2019-06-05 02:48:09,18.0,116.06 M
2019-06-05 02:48:11,28.0,115.54 M
2019-06-05 02:48:13,23.0,116.22 M
2019-06-05 02:48:15,27.0,115.66 M
2019-06-05 02:48:17,23.0,115.91 M
2019-06-05 02:48:19,21.0,116.55 M
2019-06-05 02:48:21,32.0,116.12 M
2019-06-05 02:48:23,25.0,117.54 M
2019-06-05 02:48:25,30.0,116.14 M
2019-06-05 02:48:27,23.0,118.14 M
2019-06-05 02:48:29,24.0,119.60 M
2019-06-05 02:48:31,23.0,120.38 M
2019-06-05 02:48:33,28.0,120.03 M
2019-06-05 02:48:35,26.0,118.77 M
2019-06-05 02:48:37,31.0,121.53 M
2019-06-05 02:48:39,33.0,119.88 M
2019-06-05 02:48:41,29.0,120.73 M
2019-06-05 02:48:43,21.0,119.48 M
2019-06-05 02:48:45,28.0,118.20 M
2019-06-05 02:48:47,25.0,119.88 M
2019-06-05 02:48:49,29.0,118.19 M
2019-06-05 02:48:51,33.0,118.77 M
2019-06-05 02:48:53,22.0,120.94 M
2019-06-05 02:48:55,26.0,120.46 M
2019-06-05 02:48:57,34.0,119.87 M
2019-06-05 02:48:59,26.0,121.40 M
2019-06-05 02:49:01,32.0,117.81 M
2019-06-05 02:49:03,21.0,118.90 M
2019-06-05 02:49:05,19.0,121.89 M
2019-06-05 02:49:07,19.0,123.43 M
2019-06-05 02:49:09,21.0,121.09 M
2019-06-05 02:49:11,33.0,121.70 M
2019-06-05 02:49:13,19.0,122.81 M
2019-06-05 02:49:15,34.0,122.88 M
2019-06-05 02:49:17,23.0,122.88 M
2019-06-05 02:49:19,32.0,121.23 M
2019-06-05 02:49:21,21.0,122.99 M
2019-06-05 02:49:23,18.0,123.70 M
2019-06-05 02:49:25,23.0,123.70 M
2019-06-05 02:49:27,25.0,126.98 M
2019-06-05 02:49:29,27.0,126.98 M
2019-06-05 02:49:31,28.0,126.29 M
2019-06-05 02:49:33,27.0,127.51 M
2019-06-05 02:49:35,27.0,127.51 M
2019-06-05 02:49:37,26.0,129.75 M
2019-06-05 02:49:39,30.0,129.75 M
2019-06-05 02:49:43,58.0,58.94 M
2019-06-05 02:49:45,44.9,68.76 M
2019-06-05 02:49:47,35.0,87.48 M
2019-06-05 02:49:49,38.0,91.00 M
2019-06-05 02:49:51,34.0,91.75 M
2019-06-05 02:49:53,29.0,94.73 M
2019-06-05 02:49:55,36.0,94.06 M
2019-06-05 02:49:57,32.0,94.96 M
2019-06-05 02:49:59,37.0,95.16 M
2019-06-05 02:50:01,29.0,97.09 M
2019-06-05 02:50:03,43.0,96.57 M
2019-06-05 02:50:05,34.0,97.02 M
2019-06-05 02:50:07,36.0,97.17 M
2019-06-05 02:50:09,31.0,99.46 M
2019-06-05 02:50:11,23.0,98.39 M
2019-06-05 02:50:13,33.0,98.62 M
2019-06-05 02:50:15,34.0,100.77 M
2019-06-05 02:50:17,29.0,98.57 M
2019-06-05 02:50:19,29.0,100.30 M
2019-06-05 02:50:21,37.0,99.05 M
2019-06-05 02:50:23,21.0,99.30 M
2019-06-05 02:50:25,25.0,99.20 M
2019-06-05 02:50:27,20.0,99.20 M
2019-06-05 02:50:29,29.0,100.34 M
2019-06-05 02:50:31,27.0,99.80 M
2019-06-05 02:50:33,32.0,101.79 M
2019-06-05 02:50:35,23.0,101.13 M
2019-06-05 02:50:37,35.0,100.95 M
2019-06-05 02:50:39,21.0,102.79 M
2019-06-05 02:50:41,37.0,101.75 M
2019-06-05 02:50:43,26.0,103.76 M
2019-06-05 02:50:45,17.0,104.29 M
2019-06-05 02:50:47,22.0,104.54 M
2019-06-05 02:50:49,27.0,104.00 M
2019-06-05 02:50:51,31.0,103.87 M
2019-06-05 02:50:53,28.0,106.14 M
2019-06-05 02:50:55,31.0,102.59 M
2019-06-05 02:50:57,37.0,98.90 M
2019-06-05 02:50:59,27.0,100.60 M
2019-06-05 02:51:01,38.0,99.46 M
2019-06-05 02:51:03,33.0,99.73 M
2019-06-05 02:51:05,23.0,100.74 M
2019-06-05 02:51:07,31.0,100.42 M
2019-06-05 02:51:09,24.0,102.64 M
2019-06-05 02:51:11,27.0,99.62 M
2019-06-05 02:51:13,19.0,102.12 M
2019-06-05 02:51:15,24.0,102.46 M
2019-06-05 02:51:17,21.0,102.46 M
2019-06-05 02:51:19,23.0,101.75 M
2019-06-05 02:51:21,26.0,101.86 M
2019-06-05 02:51:23,32.0,103.79 M
2019-06-05 02:51:25,23.0,102.70 M
2019-06-05 02:51:27,22.0,102.70 M
2019-06-05 02:51:29,30.0,104.09 M
2019-06-05 02:51:31,31.0,102.88 M
2019-06-05 02:51:33,28.0,104.07 M
2019-06-05 02:51:35,22.0,102.32 M
2019-06-05 02:51:37,14.0,102.57 M
2019-06-05 02:51:39,63.0,59.70 M
2019-06-05 02:51:41,50.0,77.84 M
2019-06-05 02:51:43,49.0,90.84 M
2019-06-05 02:51:45,36.0,93.05 M
2019-06-05 02:51:47,44.0,94.77 M
2019-06-05 02:51:49,42.0,95.02 M
2019-06-05 02:51:51,38.0,96.68 M
2019-06-05 02:51:53,38.0,95.38 M
2019-06-05 02:51:55,36.0,95.80 M
2019-06-05 02:51:57,39.0,98.21 M
2019-06-05 02:51:59,45.0,96.92 M
2019-06-05 02:52:01,37.0,98.54 M
2019-06-05 02:52:03,29.0,96.95 M
2019-06-05 02:52:05,38.0,96.95 M
2019-06-05 02:52:07,32.0,97.30 M
2019-06-05 02:52:09,43.9,99.43 M
2019-06-05 02:52:11,39.0,97.46 M
2019-06-05 02:52:13,25.0,98.06 M
2019-06-05 02:52:15,30.0,98.24 M
2019-06-05 02:52:17,29.0,99.20 M
2019-06-05 02:52:19,26.0,97.75 M
2019-06-05 02:52:21,37.0,97.95 M
2019-06-05 02:52:23,27.0,98.82 M
2019-06-05 02:52:25,28.0,99.89 M
2019-06-05 02:52:27,42.0,99.74 M
2019-06-05 02:52:29,31.0,100.39 M
2019-06-05 02:52:31,30.0,101.74 M
2019-06-05 02:52:33,36.0,100.01 M
2019-06-05 02:52:35,36.0,100.52 M
2019-06-05 02:52:37,33.0,99.73 M
2019-06-05 02:52:39,31.0,100.70 M
2019-06-05 02:52:41,33.0,101.95 M
2019-06-05 02:52:43,30.0,101.95 M
2019-06-05 02:52:45,41.0,101.20 M
2019-06-05 02:52:47,25.0,102.00 M
2019-06-05 02:52:49,39.0,101.58 M
2019-06-05 02:52:52,45.0,104.13 M
2019-06-05 02:52:54,26.0,104.64 M
2019-06-05 02:52:56,35.0,102.01 M
2019-06-05 02:52:58,42.0,103.29 M
2019-06-05 02:53:00,40.0,101.92 M
2019-06-05 02:53:02,35.0,102.63 M
2019-06-05 02:53:04,31.0,100.10 M
2019-06-05 02:53:08,64.0,66.12 M
2019-06-05 02:53:10,59.9,85.99 M
2019-06-05 02:53:12,50.0,91.05 M
2019-06-05 02:53:14,50.9,92.98 M
2019-06-05 02:53:16,51.9,95.46 M
2019-06-05 02:53:18,43.9,94.14 M
2019-06-05 02:53:20,46.9,97.09 M
2019-06-05 02:53:22,43.0,96.05 M
2019-06-05 02:53:24,45.9,97.36 M
2019-06-05 02:53:26,39.0,97.63 M
2019-06-05 02:53:28,50.0,96.78 M
2019-06-05 02:53:30,52.0,98.83 M
2019-06-05 02:53:32,50.0,99.30 M
2019-06-05 02:53:34,45.9,102.89 M
2019-06-05 02:53:36,50.9,100.38 M
2019-06-05 02:53:38,41.0,101.28 M
2019-06-05 02:53:40,46.9,104.52 M
2019-06-05 02:53:42,49.0,100.97 M
2019-06-05 02:53:44,48.9,99.34 M
2019-06-05 02:53:46,44.9,101.20 M
2019-06-05 02:53:48,49.0,99.71 M
2019-06-05 02:53:50,43.9,101.15 M
2019-06-05 02:53:52,37.0,104.38 M
2019-06-05 02:53:54,44.9,100.82 M
2019-06-05 02:53:56,47.9,102.82 M
2019-06-05 02:53:58,47.9,104.35 M
2019-06-05 02:54:00,54.0,104.59 M
2019-06-05 02:54:02,47.0,109.15 M
2019-06-05 02:54:04,43.9,104.55 M
2019-06-05 02:54:06,49.9,108.05 M
2019-06-05 02:54:08,26.0,111.04 M
2019-06-05 02:54:10,30.0,105.90 M
2019-06-05 02:54:12,26.0,108.09 M
2019-06-05 02:54:14,26.0,104.40 M
2019-06-05 02:54:16,25.0,104.66 M
2019-06-05 02:54:18,31.0,105.36 M
2019-06-05 02:54:20,28.0,105.77 M
2019-06-05 02:54:22,26.0,105.77 M
2019-06-05 02:54:24,25.0,107.40 M
2019-06-05 02:54:26,26.0,107.40 M
2019-06-05 02:54:28,28.0,107.64 M
2019-06-05 02:54:30,24.0,105.06 M
2019-06-05 02:54:32,26.0,105.06 M
2019-06-05 02:54:34,22.0,105.32 M
2019-06-05 02:54:36,30.0,104.00 M
2019-06-05 02:54:38,23.0,104.05 M
2019-06-05 02:54:40,35.0,104.75 M
2019-06-05 02:54:42,26.0,104.87 M
2019-06-05 02:54:44,24.0,106.55 M
2019-06-05 02:54:46,33.0,104.88 M
2019-06-05 02:54:48,24.0,104.88 M
2019-06-05 02:54:50,21.0,105.25 M
2019-06-05 02:54:52,19.0,105.25 M
2019-06-05 02:54:54,23.0,106.55 M
2019-06-05 02:54:56,19.0,107.06 M
2019-06-05 02:54:58,28.0,107.48 M
2019-06-05 02:55:00,32.0,106.42 M
2019-06-05 02:55:02,25.0,106.42 M
2019-06-05 02:55:04,33.0,105.59 M
2019-06-05 02:55:06,22.0,105.59 M
2019-06-05 02:55:08,22.0,105.93 M
2019-06-05 02:55:10,29.0,105.93 M
2019-06-05 02:55:12,22.0,106.24 M
2019-06-05 02:55:14,31.0,103.19 M
2019-06-05 02:55:16,23.0,104.26 M
2019-06-05 02:55:18,21.0,104.44 M
2019-06-05 02:55:20,35.0,102.73 M
2019-06-05 02:55:22,27.0,103.36 M
2019-06-05 02:55:24,23.0,105.82 M
2019-06-05 02:55:26,20.0,106.34 M
2019-06-05 02:55:28,25.0,105.18 M
2019-06-05 02:55:30,32.0,104.47 M
2019-06-05 02:55:32,27.0,107.16 M
2019-06-05 02:55:34,23.0,106.62 M
2019-06-05 02:55:36,33.0,101.56 M
2019-06-05 02:55:38,26.0,102.18 M
2019-06-05 02:55:40,33.0,103.60 M
2019-06-05 02:55:42,23.0,103.60 M
2019-06-05 02:55:44,28.0,104.18 M
2019-06-05 02:55:46,29.0,102.35 M
2019-06-05 02:55:48,29.0,103.74 M
2019-06-05 02:55:50,25.0,103.50 M
2019-06-05 02:55:52,29.0,102.01 M
2019-06-05 02:55:55,20.0,103.51 M
2019-06-05 02:55:57,27.0,104.12 M
2019-06-05 02:55:59,32.0,101.52 M
2019-06-05 02:56:01,23.0,103.27 M
2019-06-05 02:56:03,26.0,101.15 M
2019-06-05 02:56:05,26.0,102.91 M
2019-06-05 02:56:07,28.0,104.61 M
2019-06-05 02:56:09,32.0,105.08 M
2019-06-05 02:56:11,29.0,107.33 M
2019-06-05 02:56:13,24.0,107.26 M
2019-06-05 02:56:15,29.0,107.50 M
2019-06-05 02:56:17,24.0,105.02 M
2019-06-05 02:56:19,23.0,101.71 M
2019-06-05 02:56:21,23.0,101.71 M
2019-06-05 02:56:23,21.0,102.15 M
2019-06-05 02:56:25,30.0,100.77 M
2019-06-05 02:56:27,26.0,102.29 M
2019-06-05 02:56:29,27.0,102.93 M
2019-06-05 02:56:31,27.0,100.22 M
2019-06-05 02:56:33,21.0,101.80 M
2019-06-05 02:56:35,19.0,100.08 M
2019-06-05 02:56:37,26.0,102.60 M
2019-06-05 02:56:39,49.9,98.79 M
2019-06-05 02:56:41,51.9,96.50 M
2019-06-05 02:56:43,50.9,98.12 M
2019-06-05 02:56:45,52.0,100.30 M
2019-06-05 02:56:47,44.9,99.16 M
2019-06-05 02:56:49,45.9,96.41 M
2019-06-05 02:56:51,42.0,98.28 M
2019-06-05 02:56:53,40.0,101.06 M
2019-06-05 02:56:55,51.9,100.40 M
2019-06-05 02:56:57,49.9,102.27 M
2019-06-05 02:56:59,46.0,105.54 M
2019-06-05 02:57:01,48.0,103.78 M
2019-06-05 02:57:03,42.0,101.33 M
2019-06-05 02:57:05,51.0,102.92 M
2019-06-05 02:57:07,49.0,104.73 M
2019-06-05 02:57:09,45.0,106.23 M
2019-06-05 02:57:11,40.0,108.63 M
2019-06-05 02:57:13,51.9,110.02 M
2019-06-05 02:57:15,41.0,107.81 M
2019-06-05 02:57:17,36.0,110.86 M
2019-06-05 02:57:19,45.0,110.16 M
2019-06-05 02:57:21,51.0,107.51 M
2019-06-05 02:57:23,47.0,108.47 M
2019-06-05 02:57:25,45.9,111.90 M
2019-06-05 02:57:27,43.0,112.83 M
2019-06-05 02:57:29,51.0,109.50 M
2019-06-05 02:57:31,50.9,112.40 M
2019-06-05 02:57:33,45.9,111.71 M
2019-06-05 02:57:35,44.9,114.80 M
2019-06-05 02:57:37,40.0,116.00 M
2019-06-05 02:57:39,41.0,119.26 M
2019-06-05 02:57:41,41.0,118.13 M
2019-06-05 02:57:43,45.0,110.75 M
2019-06-05 02:57:45,47.0,111.73 M
2019-06-05 02:57:47,44.9,112.86 M
2019-06-05 02:57:49,47.0,116.79 M
2019-06-05 02:57:51,40.0,111.59 M
2019-06-05 02:57:53,48.9,111.25 M
2019-06-05 02:57:55,49.0,113.27 M
2019-06-05 02:57:57,43.9,111.59 M
2019-06-05 02:57:59,46.0,115.01 M
2019-06-05 02:58:01,46.9,118.16 M
2019-06-05 02:58:03,44.0,119.54 M
2019-06-05 02:58:05,42.0,119.49 M
2019-06-05 02:58:08,52.9,55.69 M
2019-06-05 02:58:10,52.9,69.36 M
2019-06-05 02:58:12,39.0,87.80 M
2019-06-05 02:58:14,32.0,93.37 M
2019-06-05 02:58:16,31.0,93.83 M
2019-06-05 02:58:18,29.0,94.98 M
2019-06-05 02:58:20,41.9,96.71 M
2019-06-05 02:58:22,37.0,97.43 M
2019-06-05 02:58:24,39.0,97.92 M
2019-06-05 02:58:26,40.0,95.14 M
2019-06-05 02:58:28,38.0,97.38 M
2019-06-05 02:58:30,47.9,98.30 M
2019-06-05 02:58:32,43.9,99.28 M
2019-06-05 02:58:34,33.0,99.51 M
2019-06-05 02:58:36,31.0,100.32 M
2019-06-05 02:58:38,30.0,99.09 M
2019-06-05 02:58:40,39.0,101.02 M
2019-06-05 02:58:42,31.0,102.17 M
2019-06-05 02:58:44,27.0,100.69 M
2019-06-05 02:58:46,32.0,102.16 M
2019-06-05 02:58:48,27.0,99.98 M
2019-06-05 02:58:50,40.0,99.40 M
2019-06-05 02:58:52,26.0,101.29 M
2019-06-05 02:58:54,24.0,102.20 M
2019-06-05 02:58:56,35.0,100.20 M
2019-06-05 02:58:58,36.0,102.35 M
2019-06-05 02:59:00,26.0,103.85 M
2019-06-05 02:59:02,31.0,103.98 M
2019-06-05 02:59:04,29.0,104.91 M
2019-06-05 02:59:06,28.0,105.41 M
2019-06-05 02:59:08,31.0,103.44 M
2019-06-05 02:59:10,28.0,104.93 M
2019-06-05 02:59:12,33.0,103.79 M
2019-06-05 02:59:14,31.0,103.54 M
2019-06-05 02:59:16,31.0,101.09 M
2019-06-05 02:59:18,25.0,103.02 M
2019-06-05 02:59:21,35.0,103.14 M
2019-06-05 02:59:23,26.0,103.14 M
2019-06-05 02:59:25,28.0,104.71 M
2019-06-05 02:59:27,31.0,104.80 M
2019-06-05 02:59:29,24.0,105.86 M
2019-06-05 02:59:31,26.0,103.49 M
2019-06-05 02:59:33,27.0,104.52 M
2019-06-05 02:59:35,25.0,106.28 M
2019-06-05 02:59:37,23.0,106.56 M
2019-06-05 02:59:39,25.0,106.56 M
2019-06-05 02:59:41,28.0,108.09 M
2019-06-05 02:59:43,28.0,108.85 M
2019-06-05 02:59:45,26.0,111.64 M
2019-06-05 02:59:47,25.0,108.39 M
2019-06-05 02:59:49,24.0,108.65 M
2019-06-05 02:59:51,28.0,111.20 M
2019-06-05 02:59:53,31.0,108.52 M
2019-06-05 02:59:55,29.0,110.45 M
2019-06-05 02:59:57,26.0,110.89 M
2019-06-05 02:59:59,29.0,110.42 M
2019-06-05 03:00:01,24.0,111.93 M
2019-06-05 03:00:03,20.0,112.48 M
2019-06-05 03:00:05,30.0,109.45 M
2019-06-05 03:00:07,25.0,111.81 M
2019-06-05 03:00:09,21.0,109.52 M
2019-06-05 03:00:11,28.0,109.78 M
2019-06-05 03:00:13,27.0,109.12 M
2019-06-05 03:00:15,26.0,108.18 M
2019-06-05 03:00:17,38.0,109.36 M
2019-06-05 03:00:19,37.0,109.62 M
2019-06-05 03:00:21,27.0,109.17 M
2019-06-05 03:00:23,32.0,108.39 M
2019-06-05 03:00:25,32.0,109.67 M
2019-06-05 03:00:27,28.0,109.56 M
2019-06-05 03:00:29,39.0,110.32 M
2019-06-05 03:00:31,29.0,112.59 M
2019-06-05 03:00:33,26.0,113.50 M
2019-06-05 03:00:35,35.0,112.39 M
2019-06-05 03:00:37,30.0,115.16 M
2019-06-05 03:00:39,28.0,115.12 M
2019-06-05 03:00:41,36.0,115.26 M
2019-06-05 03:00:43,31.0,116.73 M
2019-06-05 03:00:45,25.0,116.23 M
2019-06-05 03:00:47,38.0,114.71 M
2019-06-05 03:00:49,22.0,116.48 M
2019-06-05 03:00:51,19.0,115.95 M
2019-06-05 03:00:53,29.0,114.25 M
2019-06-05 03:00:55,37.0,116.46 M
2019-06-05 03:00:57,25.0,117.68 M
2019-06-05 03:00:59,25.0,117.68 M
2019-06-05 03:01:01,26.0,116.10 M
2019-06-05 03:01:03,35.0,117.13 M
2019-06-05 03:01:05,27.0,115.39 M
2019-06-05 03:01:07,26.0,116.56 M
2019-06-05 03:01:09,22.0,115.62 M
2019-06-05 03:01:11,20.0,116.13 M
2019-06-05 03:01:13,34.0,115.98 M
2019-06-05 03:01:15,28.0,114.70 M
2019-06-05 03:01:17,36.0,115.53 M
2019-06-05 03:01:19,28.0,117.33 M
2019-06-05 03:01:21,27.0,118.04 M
2019-06-05 03:01:23,38.0,115.46 M
2019-06-05 03:01:25,27.0,117.24 M
2019-06-05 03:01:27,25.0,116.75 M
2019-06-05 03:01:29,42.0,119.25 M
2019-06-05 03:01:31,25.0,119.25 M
2019-06-05 03:01:33,25.0,121.22 M
2019-06-05 03:01:35,34.0,122.25 M
2019-06-05 03:01:37,29.0,122.25 M
2019-06-05 03:01:39,31.0,123.32 M
2019-06-05 03:01:41,29.0,119.51 M
2019-06-05 03:01:43,32.0,116.30 M
2019-06-05 03:01:45,25.0,116.30 M
2019-06-05 03:01:47,31.0,119.31 M
2019-06-05 03:01:49,33.0,118.73 M
2019-06-05 03:01:51,25.0,119.72 M
2019-06-05 03:01:53,29.0,120.47 M
2019-06-05 03:01:55,26.0,121.96 M
2019-06-05 03:01:57,34.0,125.23 M
2019-06-05 03:01:59,25.0,125.75 M
2019-06-05 03:02:01,17.0,122.77 M
2019-06-05 03:02:03,25.0,124.92 M
2019-06-05 03:02:05,28.0,122.42 M
2019-06-05 03:02:07,28.0,122.71 M
2019-06-05 03:02:09,25.0,125.16 M
2019-06-05 03:02:11,28.0,124.60 M
2019-06-05 03:02:13,28.0,120.84 M
2019-06-05 03:02:15,28.0,122.85 M
2019-06-05 03:02:17,25.0,123.40 M
2019-06-05 03:02:19,27.0,120.39 M
2019-06-05 03:02:21,19.0,122.19 M
2019-06-05 03:02:23,30.0,124.29 M
2019-06-05 03:02:25,38.0,122.02 M
2019-06-05 03:02:27,35.0,123.73 M
2019-06-05 03:02:29,31.0,125.90 M
2019-06-05 03:02:31,39.0,124.84 M
2019-06-05 03:02:33,30.0,127.25 M
2019-06-05 03:02:35,26.0,126.80 M
2019-06-05 03:02:37,27.0,128.23 M
2019-06-05 03:02:39,31.0,127.34 M
2019-06-05 03:02:42,22.0,128.80 M
2019-06-05 03:02:44,24.0,128.53 M
2019-06-05 03:02:46,33.0,126.80 M
2019-06-05 03:02:48,30.0,128.52 M
2019-06-05 03:02:50,40.0,128.60 M
2019-06-05 03:02:52,25.0,129.12 M
2019-06-05 03:02:54,25.0,127.35 M
2019-06-05 03:02:56,36.0,127.56 M
2019-06-05 03:02:58,26.0,129.04 M
2019-06-05 03:03:00,28.0,128.96 M
2019-06-05 03:03:02,26.0,129.21 M
2019-06-05 03:03:04,25.0,129.29 M
2019-06-05 03:03:06,37.0,129.48 M
2019-06-05 03:03:10,59.0,54.68 M
2019-06-05 03:03:12,45.9,65.45 M
2019-06-05 03:03:14,33.0,73.47 M
2019-06-05 03:03:16,36.0,85.80 M
2019-06-05 03:03:18,24.0,87.25 M
2019-06-05 03:03:20,25.0,90.56 M
2019-06-05 03:03:22,26.0,92.04 M
2019-06-05 03:03:24,25.0,92.29 M
2019-06-05 03:03:26,23.0,92.48 M
2019-06-05 03:03:28,25.0,93.89 M
2019-06-05 03:03:30,32.0,94.90 M
2019-06-05 03:03:32,24.0,94.90 M
2019-06-05 03:03:34,28.0,95.41 M
2019-06-05 03:03:36,16.0,95.88 M
2019-06-05 03:03:38,28.0,95.88 M
2019-06-05 03:03:40,26.0,95.46 M
2019-06-05 03:03:42,24.0,95.46 M
2019-06-05 03:03:44,22.0,95.71 M
2019-06-05 03:03:46,26.0,97.82 M
2019-06-05 03:03:48,24.0,98.07 M
2019-06-05 03:03:50,30.0,98.07 M
2019-06-05 03:03:52,22.0,99.45 M
2019-06-05 03:03:54,28.0,100.71 M
2019-06-05 03:03:56,24.0,100.71 M
2019-06-05 03:03:58,21.0,101.62 M
2019-06-05 03:04:00,23.0,101.83 M
2019-06-05 03:04:02,23.0,102.04 M
2019-06-05 03:04:04,24.0,102.22 M
2019-06-05 03:04:06,25.0,103.89 M
2019-06-05 03:04:08,23.0,104.15 M
2019-06-05 03:04:10,21.0,104.98 M
2019-06-05 03:04:12,28.0,106.50 M
2019-06-05 03:04:14,25.0,106.73 M
2019-06-05 03:04:16,27.0,107.21 M
2019-06-05 03:04:18,23.0,108.07 M
2019-06-05 03:04:20,25.0,108.57 M
2019-06-05 03:04:22,34.0,100.28 M
2019-06-05 03:04:24,25.0,101.38 M
2019-06-05 03:04:26,26.0,101.80 M
2019-06-05 03:04:28,16.0,102.55 M
2019-06-05 03:04:30,24.0,103.63 M
2019-06-05 03:04:32,26.0,104.13 M
2019-06-05 03:04:34,29.0,105.64 M
2019-06-05 03:04:36,25.0,106.46 M
2019-06-05 03:04:38,20.0,106.72 M
2019-06-05 03:04:40,28.0,107.02 M
2019-06-05 03:04:42,21.0,107.75 M
2019-06-05 03:04:44,21.0,107.75 M
2019-06-05 03:04:46,22.0,108.24 M
2019-06-05 03:04:48,16.0,110.06 M
2019-06-05 03:04:50,17.0,110.06 M
2019-06-05 03:04:52,20.0,110.32 M
2019-06-05 03:04:54,16.0,111.03 M
2019-06-05 03:04:56,20.0,112.59 M
2019-06-05 03:04:58,20.0,112.59 M
2019-06-05 03:05:00,17.0,112.59 M
2019-06-05 03:05:02,27.0,111.57 M
2019-06-05 03:05:04,24.0,112.82 M
2019-06-05 03:05:06,20.0,112.82 M
2019-06-05 03:05:08,31.0,101.91 M
2019-06-05 03:05:10,16.0,102.16 M
2019-06-05 03:05:12,25.0,102.40 M
2019-06-05 03:05:14,28.0,104.40 M
2019-06-05 03:05:16,19.0,105.33 M
2019-06-05 03:05:18,17.0,106.10 M
2019-06-05 03:05:20,19.0,106.87 M
2019-06-05 03:05:22,24.0,108.15 M
2019-06-05 03:05:24,21.0,108.41 M
2019-06-05 03:05:26,17.0,109.16 M
2019-06-05 03:05:28,24.0,109.29 M
2019-06-05 03:05:30,21.0,110.46 M
2019-06-05 03:05:32,15.0,110.96 M
2019-06-05 03:05:34,25.0,111.80 M
2019-06-05 03:05:36,21.0,112.48 M
2019-06-05 03:05:39,21.0,112.48 M
2019-06-05 03:05:41,22.0,113.45 M
2019-06-05 03:05:43,20.0,115.25 M
2019-06-05 03:05:45,21.0,115.25 M
2019-06-05 03:05:47,21.0,115.77 M
2019-06-05 03:05:49,20.0,117.24 M
2019-06-05 03:05:51,22.0,117.75 M
2019-06-05 03:05:53,21.0,118.00 M
2019-06-05 03:05:55,29.0,118.22 M
2019-06-05 03:05:57,24.0,118.80 M
2019-06-05 03:05:59,20.0,119.06 M
2019-06-05 03:06:01,28.0,118.57 M
2019-06-05 03:06:03,18.0,119.29 M
2019-06-05 03:06:05,21.0,119.80 M
2019-06-05 03:06:07,25.0,120.06 M
2019-06-05 03:06:09,25.0,121.01 M
2019-06-05 03:06:11,17.0,121.01 M
2019-06-05 03:06:13,19.0,121.52 M
2019-06-05 03:06:15,20.0,123.26 M
2019-06-05 03:06:17,15.0,123.26 M
2019-06-05 03:06:19,17.0,123.26 M
2019-06-05 03:06:21,28.0,120.85 M
2019-06-05 03:06:23,21.0,122.08 M
2019-06-05 03:06:25,23.0,123.35 M
2019-06-05 03:06:27,26.0,121.07 M
2019-06-05 03:06:29,20.0,121.41 M
2019-06-05 03:06:31,17.0,121.41 M
2019-06-05 03:06:33,22.0,121.92 M
2019-06-05 03:06:35,17.0,123.38 M
2019-06-05 03:06:37,17.0,123.38 M
2019-06-05 03:06:39,17.0,123.87 M
2019-06-05 03:06:41,27.0,124.11 M
2019-06-05 03:06:43,21.0,124.99 M
2019-06-05 03:06:45,19.0,125.25 M
2019-06-05 03:06:47,25.0,126.02 M
2019-06-05 03:06:49,26.0,124.29 M
2019-06-05 03:06:51,19.0,125.33 M
2019-06-05 03:06:53,23.0,126.09 M
2019-06-05 03:06:55,19.0,126.87 M
2019-06-05 03:06:57,21.0,127.05 M
2019-06-05 03:06:59,22.0,127.61 M
2019-06-05 03:07:01,16.0,127.86 M
2019-06-05 03:07:03,17.0,128.63 M
2019-06-05 03:07:05,31.0,129.18 M
2019-06-05 03:07:07,18.0,130.65 M
2019-06-05 03:07:09,20.0,131.15 M
2019-06-05 03:07:11,19.0,131.66 M
2019-06-05 03:07:13,18.0,127.09 M
2019-06-05 03:07:15,18.0,128.28 M
2019-06-05 03:07:17,17.0,128.78 M
2019-06-05 03:07:19,22.0,128.81 M
2019-06-05 03:07:21,20.0,129.69 M
2019-06-05 03:07:23,21.0,129.69 M
2019-06-05 03:07:25,22.0,129.69 M
2019-06-05 03:07:27,19.0,130.17 M
2019-06-05 03:07:29,19.0,131.37 M
2019-06-05 03:07:31,19.0,131.37 M
2019-06-05 03:07:33,26.0,131.96 M
2019-06-05 03:07:35,22.0,132.84 M
2019-06-05 03:07:37,18.0,133.09 M
2019-06-05 03:07:39,15.0,133.61 M
2019-06-05 03:07:41,19.0,133.15 M
2019-06-05 03:07:43,17.0,134.03 M
2019-06-05 03:07:45,21.0,134.54 M
2019-06-05 03:07:47,21.0,135.56 M
2019-06-05 03:07:49,19.0,135.83 M
2019-06-05 03:07:51,18.0,137.05 M
2019-06-05 03:07:53,15.0,137.31 M
2019-06-05 03:07:55,20.0,133.64 M
2019-06-05 03:07:57,19.0,134.12 M
2019-06-05 03:07:59,16.0,134.62 M
2019-06-05 03:08:01,19.0,135.13 M
2019-06-05 03:08:03,22.0,134.44 M
2019-06-05 03:08:05,17.0,135.62 M
2019-06-05 03:08:07,18.0,136.14 M
2019-06-05 03:08:10,54.0,57.47 M
2019-06-05 03:08:12,53.0,70.37 M
2019-06-05 03:08:14,47.0,88.69 M
2019-06-05 03:08:16,30.0,91.48 M
2019-06-05 03:08:18,32.0,93.35 M
2019-06-05 03:08:20,27.0,95.11 M
2019-06-05 03:08:22,39.0,96.82 M
2019-06-05 03:08:24,40.0,95.77 M
2019-06-05 03:08:26,41.0,96.83 M
2019-06-05 03:08:28,20.0,96.88 M
2019-06-05 03:08:30,26.0,99.44 M
2019-06-05 03:08:32,36.0,97.06 M
2019-06-05 03:08:34,16.0,97.45 M
2019-06-05 03:08:36,10.0,99.33 M
2019-06-05 03:08:38,10.0,97.59 M
2019-06-05 03:08:40,27.0,98.05 M
2019-06-05 03:08:42,27.0,98.30 M
2019-06-05 03:08:44,29.0,97.89 M
2019-06-05 03:08:46,16.0,99.37 M
2019-06-05 03:08:48,27.0,100.81 M
2019-06-05 03:08:50,29.0,99.28 M
2019-06-05 03:08:52,31.0,97.57 M
2019-06-05 03:08:54,30.0,98.22 M
2019-06-05 03:08:57,26.0,99.55 M
2019-06-05 03:08:59,35.0,99.93 M
2019-06-05 03:09:01,30.0,102.18 M
2019-06-05 03:09:03,32.0,101.73 M
2019-06-05 03:09:05,37.0,100.38 M
2019-06-05 03:09:07,27.0,100.89 M
2019-06-05 03:09:09,31.0,102.18 M
2019-06-05 03:09:11,24.0,102.66 M
2019-06-05 03:09:13,30.0,102.60 M
2019-06-05 03:09:15,28.0,104.48 M
2019-06-05 03:09:17,33.0,105.78 M
2019-06-05 03:09:19,33.0,104.43 M
2019-06-05 03:09:21,24.0,104.43 M
2019-06-05 03:09:23,37.0,104.15 M
2019-06-05 03:09:25,29.0,105.78 M
2019-06-05 03:09:27,33.0,104.62 M
2019-06-05 03:09:29,28.0,105.78 M
2019-06-05 03:09:31,19.0,106.72 M
2019-06-05 03:09:33,28.0,106.03 M
2019-06-05 03:09:35,34.0,107.27 M
2019-06-05 03:09:37,28.0,106.27 M
2019-06-05 03:09:39,35.0,103.62 M
2019-06-05 03:09:41,27.0,104.59 M
2019-06-05 03:09:43,27.0,106.62 M
2019-06-05 03:09:45,36.0,107.77 M
2019-06-05 03:09:47,36.0,106.13 M
2019-06-05 03:09:49,27.0,107.66 M
2019-06-05 03:09:51,31.0,106.11 M
2019-06-05 03:09:53,32.0,103.04 M
2019-06-05 03:09:55,24.0,103.98 M
2019-06-05 03:09:57,25.0,105.29 M
2019-06-05 03:09:59,36.0,107.09 M
2019-06-05 03:10:01,34.0,105.70 M
2019-06-05 03:10:03,29.0,106.70 M
2019-06-05 03:10:05,30.0,109.01 M
2019-06-05 03:10:07,30.0,106.76 M
2019-06-05 03:10:09,33.0,107.03 M
2019-06-05 03:10:11,32.0,108.78 M
2019-06-05 03:10:13,28.0,110.30 M
2019-06-05 03:10:15,32.0,110.66 M
2019-06-05 03:10:17,36.0,109.10 M
2019-06-05 03:10:19,30.0,110.28 M
2019-06-05 03:10:21,28.0,109.53 M
2019-06-05 03:10:23,36.0,109.73 M
2019-06-05 03:10:25,33.0,109.73 M
2019-06-05 03:10:27,22.0,109.80 M
2019-06-05 03:10:29,26.0,110.98 M
2019-06-05 03:10:31,36.0,111.27 M
2019-06-05 03:10:33,28.0,113.50 M
2019-06-05 03:10:35,27.0,113.93 M
2019-06-05 03:10:37,38.0,110.71 M
2019-06-05 03:10:39,33.0,112.18 M
2019-06-05 03:10:41,27.0,113.95 M
2019-06-05 03:10:43,25.0,114.19 M
2019-06-05 03:10:45,24.0,114.77 M
2019-06-05 03:10:47,24.0,115.29 M
2019-06-05 03:10:49,23.0,114.68 M
2019-06-05 03:10:51,30.0,111.79 M
2019-06-05 03:10:53,30.0,112.89 M
2019-06-05 03:10:55,22.0,112.60 M
2019-06-05 03:10:57,29.0,112.23 M
2019-06-05 03:10:59,30.0,113.49 M
2019-06-05 03:11:01,31.0,113.04 M
2019-06-05 03:11:03,32.0,114.40 M
2019-06-05 03:11:05,37.0,114.34 M
2019-06-05 03:11:07,18.0,115.44 M
2019-06-05 03:11:09,24.0,117.46 M
2019-06-05 03:11:11,25.0,114.90 M
2019-06-05 03:11:13,26.0,116.16 M
2019-06-05 03:11:15,27.0,114.64 M
2019-06-05 03:11:17,33.0,115.31 M
2019-06-05 03:11:19,27.0,115.35 M
2019-06-05 03:11:21,28.0,116.63 M
2019-06-05 03:11:23,31.0,118.03 M
2019-06-05 03:11:25,35.0,118.29 M
2019-06-05 03:11:27,26.0,119.01 M
2019-06-05 03:11:29,30.0,120.71 M
2019-06-05 03:11:31,36.0,121.75 M
2019-06-05 03:11:33,25.0,122.45 M
2019-06-05 03:11:35,31.0,122.61 M
2019-06-05 03:11:37,32.0,123.93 M
2019-06-05 03:11:39,30.0,118.95 M
2019-06-05 03:11:41,29.0,120.69 M
2019-06-05 03:11:43,30.0,119.12 M
2019-06-05 03:11:45,26.0,121.19 M
2019-06-05 03:11:47,28.0,121.70 M
2019-06-05 03:11:49,30.0,122.34 M
2019-06-05 03:11:51,32.0,121.38 M
2019-06-05 03:11:53,28.0,121.38 M
2019-06-05 03:11:55,24.0,124.15 M
2019-06-05 03:11:57,29.0,121.85 M
2019-06-05 03:11:59,32.0,124.06 M
2019-06-05 03:12:01,26.0,125.29 M
2019-06-05 03:12:03,32.0,125.19 M
2019-06-05 03:12:05,41.0,121.52 M
2019-06-05 03:12:07,30.0,123.72 M
2019-06-05 03:12:09,25.0,122.58 M
2019-06-05 03:12:11,34.0,121.98 M
2019-06-05 03:12:13,30.0,123.73 M
2019-06-05 03:12:16,21.0,123.85 M
2019-06-05 03:12:18,38.0,122.91 M
2019-06-05 03:12:21,53.9,57.66 M
2019-06-05 03:12:23,48.9,68.11 M
2019-06-05 03:12:25,59.9,62.36 M
2019-06-05 03:12:27,50.9,83.46 M
2019-06-05 03:12:29,46.9,88.54 M
2019-06-05 03:12:31,39.9,89.75 M
2019-06-05 03:12:33,34.0,91.68 M
2019-06-05 03:12:35,32.0,92.79 M
2019-06-05 03:12:37,37.0,94.27 M
2019-06-05 03:12:39,36.0,96.24 M
2019-06-05 03:12:41,41.0,96.69 M
2019-06-05 03:12:43,45.0,97.53 M
2019-06-05 03:12:45,41.0,95.28 M
2019-06-05 03:12:47,37.0,97.00 M
2019-06-05 03:12:49,39.0,97.28 M
2019-06-05 03:12:51,41.9,98.43 M
2019-06-05 03:12:53,30.0,96.50 M
2019-06-05 03:12:55,30.0,98.39 M
2019-06-05 03:12:57,35.0,98.12 M
2019-06-05 03:12:59,34.0,98.37 M
2019-06-05 03:13:01,42.0,97.13 M
2019-06-05 03:13:03,39.0,98.19 M
2019-06-05 03:13:05,33.0,99.25 M
2019-06-05 03:13:07,29.0,99.12 M
2019-06-05 03:13:09,29.0,98.91 M
2019-06-05 03:13:11,40.0,99.64 M
2019-06-05 03:13:13,31.0,101.00 M
2019-06-05 03:13:15,31.0,101.66 M
2019-06-05 03:13:17,26.0,98.44 M
2019-06-05 03:13:19,35.0,99.48 M
2019-06-05 03:13:21,41.0,99.80 M
2019-06-05 03:13:23,34.0,100.74 M
2019-06-05 03:13:25,34.0,99.33 M
2019-06-05 03:13:27,38.0,100.60 M
2019-06-05 03:13:29,26.0,99.68 M
2019-06-05 03:13:31,32.0,101.30 M
2019-06-05 03:13:33,35.0,97.00 M
2019-06-05 03:13:35,62.9,65.19 M
2019-06-05 03:13:37,47.9,85.73 M
2019-06-05 03:13:39,33.0,87.95 M
2019-06-05 03:13:41,42.9,89.96 M
2019-06-05 03:13:43,30.0,92.21 M
2019-06-05 03:13:45,37.0,93.59 M
2019-06-05 03:13:47,48.0,94.86 M
2019-06-05 03:13:49,30.0,96.02 M
2019-06-05 03:13:51,42.9,95.86 M
2019-06-05 03:13:53,40.0,97.11 M
2019-06-05 03:13:55,39.0,97.77 M
2019-06-05 03:13:57,34.0,97.09 M
2019-06-05 03:13:59,43.9,96.86 M
2019-06-05 03:14:01,34.0,96.97 M
2019-06-05 03:14:03,40.0,96.39 M
2019-06-05 03:14:05,31.0,98.15 M
2019-06-05 03:14:07,38.0,97.69 M
2019-06-05 03:14:09,30.0,99.11 M
2019-06-05 03:14:11,43.9,98.22 M
2019-06-05 03:14:13,31.0,99.27 M
2019-06-05 03:14:15,32.0,100.55 M
2019-06-05 03:14:17,42.0,102.40 M
2019-06-05 03:14:19,34.0,98.21 M
2019-06-05 03:14:21,36.0,100.29 M
2019-06-05 03:14:23,37.0,99.52 M
2019-06-05 03:14:25,41.0,98.88 M
2019-06-05 03:14:27,42.0,98.88 M
2019-06-05 03:14:29,37.0,99.54 M
2019-06-05 03:14:31,37.0,100.81 M
2019-06-05 03:14:33,38.0,99.68 M
2019-06-05 03:14:35,38.0,98.36 M
2019-06-05 03:14:37,34.0,98.62 M
2019-06-05 03:14:40,29.0,99.36 M
2019-06-05 03:14:42,34.0,98.42 M
2019-06-05 03:14:44,35.0,99.05 M
2019-06-05 03:14:46,36.0,99.09 M
2019-06-05 03:14:48,34.0,98.05 M
2019-06-05 03:14:50,26.0,98.49 M
2019-06-05 03:14:52,32.0,98.98 M
2019-06-05 03:14:54,35.0,101.49 M
2019-06-05 03:14:56,37.0,100.56 M
2019-06-05 03:14:58,36.0,100.67 M
2019-06-05 03:15:00,36.0,99.16 M
2019-06-05 03:15:02,28.0,101.02 M
2019-06-05 03:15:04,35.0,102.51 M
2019-06-05 03:15:06,30.0,103.85 M
2019-06-05 03:15:08,28.0,103.25 M
2019-06-05 03:15:10,37.0,100.92 M
2019-06-05 03:15:12,29.0,99.96 M
2019-06-05 03:15:14,37.0,100.19 M
2019-06-05 03:15:16,36.0,99.68 M
2019-06-05 03:15:18,30.0,99.68 M
2019-06-05 03:15:20,27.0,100.57 M
2019-06-05 03:15:22,35.0,101.02 M
2019-06-05 03:15:24,39.0,103.52 M
2019-06-05 03:15:26,42.9,101.96 M
2019-06-05 03:15:30,68.9,67.55 M
2019-06-05 03:15:32,60.0,92.91 M
2019-06-05 03:15:34,59.0,95.23 M
2019-06-05 03:15:36,48.9,98.31 M
2019-06-05 03:15:38,57.9,96.58 M
2019-06-05 03:15:40,40.0,98.52 M
2019-06-05 03:15:42,40.0,98.04 M
2019-06-05 03:15:44,49.0,97.29 M
2019-06-05 03:15:46,56.0,99.32 M
2019-06-05 03:15:48,50.0,100.72 M
2019-06-05 03:15:50,50.9,102.09 M
2019-06-05 03:15:52,41.0,102.43 M
2019-06-05 03:15:54,40.0,100.21 M
2019-06-05 03:15:56,50.9,101.60 M
2019-06-05 03:15:58,44.9,102.36 M
2019-06-05 03:16:00,44.9,103.56 M
2019-06-05 03:16:02,48.0,102.95 M
2019-06-05 03:16:04,33.0,103.82 M
2019-06-05 03:16:06,40.0,106.11 M
2019-06-05 03:16:08,35.0,103.00 M
2019-06-05 03:16:10,42.0,104.78 M
2019-06-05 03:16:12,39.0,103.33 M
2019-06-05 03:16:14,31.0,105.46 M
2019-06-05 03:16:16,29.0,107.75 M
2019-06-05 03:16:18,30.0,106.71 M
2019-06-05 03:16:20,32.0,106.71 M
2019-06-05 03:16:22,27.0,102.80 M
2019-06-05 03:16:24,24.0,104.42 M
2019-06-05 03:16:26,33.0,104.64 M
2019-06-05 03:16:28,29.0,106.18 M
2019-06-05 03:16:30,29.0,102.15 M
2019-06-05 03:16:32,30.0,103.63 M
2019-06-05 03:16:34,38.0,104.49 M
2019-06-05 03:16:36,41.9,102.61 M
2019-06-05 03:16:38,31.0,104.29 M
2019-06-05 03:16:40,21.0,104.32 M
2019-06-05 03:16:42,39.0,106.33 M
2019-06-05 03:16:44,32.0,104.30 M
2019-06-05 03:16:46,37.0,103.36 M
2019-06-05 03:16:48,44.9,103.52 M
2019-06-05 03:16:50,44.9,104.09 M
2019-06-05 03:16:52,51.9,104.28 M
2019-06-05 03:16:54,46.0,102.55 M
2019-06-05 03:16:56,53.9,101.93 M
2019-06-05 03:16:58,51.9,104.32 M
2019-06-05 03:17:00,53.9,102.64 M
2019-06-05 03:17:02,54.9,105.50 M
2019-06-05 03:17:04,43.0,101.48 M
2019-06-05 03:17:06,53.0,101.18 M
2019-06-05 03:17:08,46.9,99.54 M
2019-06-05 03:17:10,44.0,101.81 M
2019-06-05 03:17:12,45.0,101.15 M
2019-06-05 03:17:14,49.9,103.60 M
2019-06-05 03:17:16,49.9,103.16 M
2019-06-05 03:17:18,49.9,103.86 M
2019-06-05 03:17:20,56.9,102.47 M
2019-06-05 03:17:22,44.0,103.82 M
2019-06-05 03:17:24,48.9,99.41 M
2019-06-05 03:17:26,52.0,101.35 M
2019-06-05 03:17:28,57.9,103.04 M
2019-06-05 03:17:30,51.0,101.71 M
2019-06-05 03:17:32,51.0,101.21 M
2019-06-05 03:17:34,50.0,104.20 M
2019-06-05 03:17:36,52.0,99.47 M
2019-06-05 03:17:38,49.9,101.17 M
2019-06-05 03:17:40,49.0,103.55 M
2019-06-05 03:17:42,47.0,104.71 M
2019-06-05 03:17:44,45.0,99.47 M
2019-06-05 03:17:46,40.0,101.50 M
2019-06-05 03:17:48,49.9,102.01 M
2019-06-05 03:17:50,45.9,103.97 M
2019-06-05 03:17:52,47.9,103.45 M
2019-06-05 03:17:55,48.9,100.36 M
2019-06-05 03:17:57,42.0,102.07 M
2019-06-05 03:17:59,49.9,102.31 M
2019-06-05 03:18:01,40.0,104.10 M
2019-06-05 03:18:03,51.9,105.04 M
2019-06-05 03:18:05,40.0,104.03 M
2019-06-05 03:18:07,40.0,106.83 M
2019-06-05 03:18:09,41.0,108.73 M
2019-06-05 03:18:11,44.0,103.83 M
2019-06-05 03:18:13,44.9,105.88 M
2019-06-05 03:18:15,46.9,100.94 M
2019-06-05 03:18:17,39.0,103.83 M
2019-06-05 03:18:19,52.9,108.16 M
2019-06-05 03:18:21,52.0,112.04 M
2019-06-05 03:18:23,47.9,113.34 M
2019-06-05 03:18:25,51.0,111.10 M
2019-06-05 03:18:27,43.0,107.54 M
2019-06-05 03:18:29,46.0,109.30 M
2019-06-05 03:18:31,55.9,109.29 M
2019-06-05 03:18:33,45.0,109.25 M
2019-06-05 03:18:35,50.9,108.64 M
2019-06-05 03:18:37,47.0,113.12 M
2019-06-05 03:18:39,48.9,111.63 M
2019-06-05 03:18:41,49.0,113.16 M
2019-06-05 03:18:43,46.9,113.00 M
2019-06-05 03:18:45,38.0,112.12 M
2019-06-05 03:18:47,50.9,114.97 M
2019-06-05 03:18:49,46.0,116.73 M
2019-06-05 03:18:51,33.0,113.06 M
2019-06-05 03:18:53,29.0,110.45 M
2019-06-05 03:18:55,32.0,109.60 M
2019-06-05 03:18:57,29.0,109.01 M
2019-06-05 03:18:59,37.0,109.20 M
2019-06-05 03:19:01,33.0,104.76 M
2019-06-05 03:19:03,30.0,105.66 M
2019-06-05 03:19:05,28.0,104.96 M
2019-06-05 03:19:07,35.0,105.55 M
2019-06-05 03:19:09,33.0,106.57 M
2019-06-05 03:19:11,48.0,106.99 M
2019-06-05 03:19:13,53.9,108.92 M
2019-06-05 03:19:15,43.9,111.47 M
2019-06-05 03:19:17,32.0,111.02 M
2019-06-05 03:19:19,38.0,112.59 M
2019-06-05 03:19:21,48.9,108.71 M
2019-06-05 03:19:23,45.0,111.03 M
2019-06-05 03:19:25,37.0,109.95 M
2019-06-05 03:19:27,38.0,107.92 M
2019-06-05 03:19:29,37.0,108.99 M
2019-06-05 03:19:31,35.0,107.64 M
2019-06-05 03:19:33,34.0,106.22 M
2019-06-05 03:19:35,33.0,104.61 M
2019-06-05 03:19:37,36.0,103.71 M
2019-06-05 03:19:39,30.0,103.89 M
2019-06-05 03:19:41,29.0,103.65 M
2019-06-05 03:19:43,33.0,105.95 M
2019-06-05 03:19:45,33.0,103.68 M
2019-06-05 03:19:47,38.0,103.74 M
2019-06-05 03:19:49,34.0,103.90 M
2019-06-05 03:19:51,34.0,102.77 M
2019-06-05 03:19:53,27.0,103.57 M
2019-06-05 03:19:55,37.0,103.34 M
2019-06-05 03:19:57,34.0,102.14 M
2019-06-05 03:19:59,37.0,102.57 M
2019-06-05 03:20:01,28.0,102.36 M
2019-06-05 03:20:03,29.0,101.54 M
2019-06-05 03:20:05,40.0,101.73 M
2019-06-05 03:20:07,31.0,102.57 M
2019-06-05 03:20:09,38.0,102.85 M
2019-06-05 03:20:11,34.0,101.55 M
2019-06-05 03:20:13,43.9,101.67 M
2019-06-05 03:20:15,42.9,103.19 M
2019-06-05 03:20:17,29.0,104.21 M
2019-06-05 03:20:19,31.0,102.06 M
2019-06-05 03:20:21,32.0,100.36 M
2019-06-05 03:20:23,34.0,98.79 M
2019-06-05 03:20:25,35.0,98.85 M
2019-06-05 03:20:27,27.0,100.71 M
2019-06-05 03:20:30,59.9,62.16 M
2019-06-05 03:20:32,53.9,82.73 M
2019-06-05 03:20:34,50.0,92.60 M
2019-06-05 03:20:36,43.0,93.56 M
2019-06-05 03:20:38,44.0,94.87 M
2019-06-05 03:20:40,38.0,97.06 M
2019-06-05 03:20:42,35.0,95.85 M
2019-06-05 03:20:44,42.0,96.52 M
2019-06-05 03:20:46,35.0,99.41 M
2019-06-05 03:20:48,42.0,98.56 M
2019-06-05 03:20:50,59.9,64.54 M
2019-06-05 03:20:52,60.0,87.01 M
2019-06-05 03:20:54,48.0,90.47 M
2019-06-05 03:20:56,48.0,91.73 M
2019-06-05 03:20:58,42.0,93.96 M
2019-06-05 03:21:00,43.0,94.62 M
2019-06-05 03:21:02,44.9,96.02 M
2019-06-05 03:21:04,42.0,98.05 M
2019-06-05 03:21:06,52.0,98.25 M
2019-06-05 03:21:08,48.0,96.33 M
2019-06-05 03:21:10,46.9,97.87 M
2019-06-05 03:21:13,39.0,98.47 M
2019-06-05 03:21:15,45.9,97.65 M
2019-06-05 03:21:17,40.9,98.37 M
2019-06-05 03:21:19,40.0,97.32 M
2019-06-05 03:21:21,42.0,97.58 M
2019-06-05 03:21:23,40.0,98.89 M
2019-06-05 03:21:25,40.0,98.68 M
2019-06-05 03:21:27,28.0,98.12 M
2019-06-05 03:21:29,39.0,100.25 M
2019-06-05 03:21:31,33.0,98.81 M
2019-06-05 03:21:33,46.0,97.96 M
2019-06-05 03:21:35,46.0,97.75 M
2019-06-05 03:21:37,35.0,99.17 M
2019-06-05 03:21:39,38.0,96.25 M
2019-06-05 03:21:41,42.9,96.80 M
2019-06-05 03:21:43,42.9,97.01 M
2019-06-05 03:21:45,41.0,97.88 M
2019-06-05 03:21:47,42.9,98.84 M
2019-06-05 03:21:49,38.0,100.03 M
2019-06-05 03:21:51,38.0,98.49 M
2019-06-05 03:21:53,31.0,100.22 M
2019-06-05 03:21:55,41.0,99.66 M
2019-06-05 03:21:57,41.0,99.88 M
2019-06-05 03:21:59,43.9,102.48 M
2019-06-05 03:22:01,42.9,101.41 M
2019-06-05 03:22:03,48.0,99.48 M
2019-06-05 03:22:05,32.0,100.84 M
2019-06-05 03:22:07,39.0,101.82 M
2019-06-05 03:22:09,39.0,101.37 M
2019-06-05 03:22:11,43.9,101.15 M
2019-06-05 03:22:13,42.9,101.50 M
2019-06-05 03:22:15,35.0,102.11 M
2019-06-05 03:22:17,35.0,100.60 M
2019-06-05 03:22:19,44.9,100.48 M
2019-06-05 03:22:21,39.0,100.95 M
2019-06-05 03:22:23,40.0,100.25 M
2019-06-05 03:22:25,48.0,100.26 M
2019-06-05 03:22:27,35.0,101.21 M
2019-06-05 03:22:29,36.0,101.72 M
2019-06-05 03:22:31,39.0,102.75 M
2019-06-05 03:22:33,44.9,104.25 M
2019-06-05 03:22:35,32.0,107.32 M
2019-06-05 03:22:37,37.0,106.27 M
2019-06-05 03:22:39,40.9,102.34 M
2019-06-05 03:22:41,39.0,103.35 M
2019-06-05 03:22:43,40.9,104.24 M
2019-06-05 03:22:45,43.0,104.75 M
2019-06-05 03:22:47,41.0,105.02 M
2019-06-05 03:22:49,40.0,103.91 M
2019-06-05 03:22:51,38.0,101.28 M
2019-06-05 03:22:53,35.0,104.15 M
2019-06-05 03:22:55,41.0,104.07 M
2019-06-05 03:22:57,40.0,104.91 M
2019-06-05 03:22:59,40.0,103.88 M
2019-06-05 03:23:01,32.0,102.95 M
2019-06-05 03:23:03,32.0,105.39 M
2019-06-05 03:23:05,34.0,104.66 M
2019-06-05 03:23:07,45.0,104.70 M
2019-06-05 03:23:09,46.0,105.66 M
2019-06-05 03:23:11,36.0,106.82 M
2019-06-05 03:23:13,46.9,106.40 M
2019-06-05 03:23:15,33.0,108.36 M
2019-06-05 03:23:17,38.0,105.88 M
2019-06-05 03:23:19,42.9,105.89 M
2019-06-05 03:23:21,43.0,107.01 M
2019-06-05 03:23:23,39.0,108.16 M
2019-06-05 03:23:25,39.0,109.02 M
2019-06-05 03:23:27,42.0,110.03 M
2019-06-05 03:23:29,40.9,111.28 M
2019-06-05 03:23:31,43.9,112.05 M
2019-06-05 03:23:33,36.0,111.27 M
2019-06-05 03:23:35,39.0,110.89 M
2019-06-05 03:23:37,49.0,105.68 M
2019-06-05 03:23:39,42.0,106.41 M
2019-06-05 03:23:41,46.0,107.51 M
2019-06-05 03:23:43,39.0,109.72 M
2019-06-05 03:23:45,41.9,108.00 M
2019-06-05 03:23:47,43.0,106.40 M
2019-06-05 03:23:49,33.0,108.10 M
2019-06-05 03:23:51,40.0,109.11 M
2019-06-05 03:23:53,43.0,110.00 M
2019-06-05 03:23:55,40.0,110.71 M
2019-06-05 03:23:57,38.0,112.74 M
2019-06-05 03:23:59,36.0,109.55 M
2019-06-05 03:24:01,44.0,111.27 M
2019-06-05 03:24:03,40.0,111.82 M
2019-06-05 03:24:05,43.0,113.86 M
2019-06-05 03:24:07,38.0,108.41 M
2019-06-05 03:24:09,34.0,109.32 M
2019-06-05 03:24:11,42.0,108.70 M
2019-06-05 03:24:13,39.0,110.85 M
2019-06-05 03:24:15,44.0,109.30 M
2019-06-05 03:24:17,44.0,110.25 M
2019-06-05 03:24:19,42.0,109.18 M
2019-06-05 03:24:21,33.0,111.98 M
2019-06-05 03:24:23,35.0,113.96 M
2019-06-05 03:24:25,31.0,106.41 M
2019-06-05 03:24:27,38.0,108.30 M
2019-06-05 03:24:29,35.0,107.72 M
2019-06-05 03:24:31,38.0,108.45 M
2019-06-05 03:24:33,38.0,108.20 M
2019-06-05 03:24:35,43.0,110.73 M
2019-06-05 03:24:37,45.9,108.60 M
2019-06-05 03:24:40,43.0,110.09 M
2019-06-05 03:24:42,38.0,111.11 M
2019-06-05 03:24:44,36.0,112.89 M
2019-06-05 03:24:46,36.0,115.49 M
2019-06-05 03:24:48,36.0,115.49 M
2019-06-05 03:24:50,43.0,115.24 M
2019-06-05 03:24:52,38.0,111.99 M
2019-06-05 03:24:54,44.0,109.06 M
2019-06-05 03:24:56,38.0,109.81 M
2019-06-05 03:24:58,43.9,110.50 M
2019-06-05 03:25:00,42.9,109.80 M
2019-06-05 03:25:02,48.0,109.39 M
2019-06-05 03:25:04,43.0,109.14 M
2019-06-05 03:25:06,44.9,111.50 M
2019-06-05 03:25:08,37.0,110.51 M
2019-06-05 03:25:10,36.0,111.04 M
2019-06-05 03:25:12,34.0,112.07 M
2019-06-05 03:25:14,35.0,112.43 M
2019-06-05 03:25:16,39.0,112.60 M
2019-06-05 03:25:18,47.9,112.92 M
2019-06-05 03:25:20,35.0,115.62 M
2019-06-05 03:25:22,39.0,117.91 M
2019-06-05 03:25:24,39.0,118.68 M
2019-06-05 03:25:26,38.0,115.31 M
2019-06-05 03:25:28,40.0,115.38 M
2019-06-05 03:25:30,43.9,108.86 M
2019-06-05 03:25:32,39.0,110.31 M
2019-06-05 03:25:34,47.0,112.71 M
2019-06-05 03:25:36,34.0,113.62 M
2019-06-05 03:25:38,33.0,115.36 M
2019-06-05 03:25:40,52.9,114.02 M
2019-06-05 03:25:42,39.0,113.10 M
2019-06-05 03:25:44,48.0,112.24 M
2019-06-05 03:25:46,43.0,113.00 M
2019-06-05 03:25:48,41.0,114.77 M
2019-06-05 03:25:51,68.0,63.91 M
2019-06-05 03:25:53,44.0,84.36 M
2019-06-05 03:25:55,43.0,89.24 M
2019-06-05 03:25:57,50.9,90.89 M
2019-06-05 03:25:59,33.0,93.84 M
2019-06-05 03:26:01,42.0,96.00 M
2019-06-05 03:26:03,37.0,95.91 M
2019-06-05 03:26:05,41.0,95.27 M
2019-06-05 03:26:07,51.9,96.10 M
2019-06-05 03:26:09,47.9,96.50 M
2019-06-05 03:26:11,38.0,99.00 M
2019-06-05 03:26:13,44.9,99.52 M
2019-06-05 03:26:15,31.0,96.31 M
2019-06-05 03:26:17,39.0,98.34 M
2019-06-05 03:26:19,42.9,99.30 M
2019-06-05 03:26:21,31.0,100.65 M
2019-06-05 03:26:23,33.0,97.30 M
2019-06-05 03:26:25,34.0,98.85 M
2019-06-05 03:26:27,35.0,98.75 M
2019-06-05 03:26:29,29.0,99.79 M
2019-06-05 03:26:31,42.9,98.95 M
2019-06-05 03:26:33,32.0,98.88 M
2019-06-05 03:26:35,37.0,98.43 M
2019-06-05 03:26:37,30.0,100.61 M
2019-06-05 03:26:39,38.0,100.48 M
2019-06-05 03:26:41,37.0,103.53 M
2019-06-05 03:26:43,38.0,102.19 M
2019-06-05 03:26:45,38.0,101.02 M
2019-06-05 03:26:47,39.0,102.46 M
2019-06-05 03:26:49,41.0,101.23 M
2019-06-05 03:26:51,44.9,101.16 M
2019-06-05 03:26:53,33.0,102.90 M
2019-06-05 03:26:55,37.0,103.38 M
2019-06-05 03:26:57,32.0,102.76 M
2019-06-05 03:26:59,34.0,104.07 M
2019-06-05 03:27:01,42.0,103.62 M
2019-06-05 03:27:03,31.0,106.09 M
2019-06-05 03:27:05,34.0,106.18 M
2019-06-05 03:27:07,37.0,103.79 M
2019-06-05 03:27:09,34.0,101.13 M
2019-06-05 03:27:11,45.9,103.58 M
2019-06-05 03:27:13,36.0,106.15 M
2019-06-05 03:27:15,33.0,106.32 M
2019-06-05 03:27:17,36.0,108.02 M
2019-06-05 03:27:19,48.0,108.82 M
2019-06-05 03:27:21,29.0,109.31 M
2019-06-05 03:27:23,35.0,107.22 M
2019-06-05 03:27:25,33.0,107.56 M
2019-06-05 03:27:27,32.0,107.56 M
2019-06-05 03:27:29,32.0,106.81 M
2019-06-05 03:27:31,38.0,106.80 M
2019-06-05 03:27:33,33.0,106.95 M
2019-06-05 03:27:35,38.0,107.23 M
2019-06-05 03:27:37,41.9,108.74 M
2019-06-05 03:27:39,33.0,109.23 M
2019-06-05 03:27:41,35.0,107.35 M
2019-06-05 03:27:43,38.0,105.73 M
2019-06-05 03:27:47,65.0,63.40 M
2019-06-05 03:27:49,47.0,86.55 M
2019-06-05 03:27:51,49.9,91.91 M
2019-06-05 03:27:53,44.9,95.57 M
2019-06-05 03:27:55,44.0,94.62 M
2019-06-05 03:27:57,42.0,95.07 M
2019-06-05 03:27:59,50.0,95.45 M
2019-06-05 03:28:01,46.0,95.94 M
2019-06-05 03:28:03,41.0,99.46 M
2019-06-05 03:28:05,48.9,100.11 M
2019-06-05 03:28:07,43.0,96.43 M
2019-06-05 03:28:09,42.9,98.45 M
2019-06-05 03:28:11,31.0,101.07 M
2019-06-05 03:28:13,41.9,99.11 M
2019-06-05 03:28:15,43.0,97.29 M
2019-06-05 03:28:17,33.0,96.99 M
2019-06-05 03:28:19,42.0,98.05 M
2019-06-05 03:28:21,40.0,99.38 M
2019-06-05 03:28:23,37.0,101.18 M
2019-06-05 03:28:25,46.0,101.77 M
2019-06-05 03:28:27,39.0,104.52 M
2019-06-05 03:28:29,42.0,105.91 M
2019-06-05 03:28:31,37.0,107.26 M
2019-06-05 03:28:33,44.9,107.01 M
2019-06-05 03:28:35,38.0,105.21 M
2019-06-05 03:28:37,36.0,107.55 M
2019-06-05 03:28:39,42.0,107.57 M
2019-06-05 03:28:41,37.0,102.31 M
2019-06-05 03:28:43,37.0,103.45 M
2019-06-05 03:28:45,45.9,106.28 M
2019-06-05 03:28:47,42.9,105.75 M
2019-06-05 03:28:49,38.0,107.17 M
2019-06-05 03:28:51,38.0,106.27 M
2019-06-05 03:28:53,37.0,106.14 M
2019-06-05 03:28:55,35.0,107.55 M
2019-06-05 03:28:57,43.0,107.80 M
2019-06-05 03:28:59,37.0,110.35 M
2019-06-05 03:29:01,31.0,105.00 M
2019-06-05 03:29:03,33.0,107.04 M
2019-06-05 03:29:05,45.0,106.88 M
2019-06-05 03:29:07,37.0,108.30 M
2019-06-05 03:29:09,36.0,110.23 M
2019-06-05 03:29:11,45.9,111.55 M
2019-06-05 03:29:13,33.0,113.55 M
2019-06-05 03:29:15,33.0,113.29 M
2019-06-05 03:29:17,38.0,110.69 M
2019-06-05 03:29:19,40.0,112.38 M
2019-06-05 03:29:21,41.0,112.86 M
2019-06-05 03:29:23,42.0,108.22 M
2019-06-05 03:29:25,41.0,110.50 M
2019-06-05 03:29:27,46.9,110.09 M
2019-06-05 03:29:29,33.0,112.49 M
2019-06-05 03:29:31,38.0,109.26 M
2019-06-05 03:29:33,34.0,108.95 M
2019-06-05 03:29:35,35.0,109.29 M
2019-06-05 03:29:37,36.0,112.10 M
2019-06-05 03:29:39,30.0,112.87 M
2019-06-05 03:29:41,37.0,113.36 M
2019-06-05 03:29:43,41.0,115.47 M
2019-06-05 03:29:45,39.0,116.90 M
2019-06-05 03:29:47,41.9,113.87 M
2019-06-05 03:29:49,32.0,116.16 M
2019-06-05 03:29:51,29.0,117.44 M
2019-06-05 03:29:53,36.0,120.50 M
2019-06-05 03:29:55,32.0,112.76 M
2019-06-05 03:29:57,37.0,115.10 M
2019-06-05 03:29:59,41.0,118.14 M
2019-06-05 03:30:01,40.0,111.04 M
2019-06-05 03:30:03,38.0,113.05 M
2019-06-05 03:30:05,42.0,112.33 M
2019-06-05 03:30:07,36.0,114.58 M
2019-06-05 03:30:09,39.0,113.07 M
2019-06-05 03:30:11,43.0,114.00 M
2019-06-05 03:30:13,41.0,111.92 M
2019-06-05 03:30:15,46.9,114.70 M
2019-06-05 03:30:17,44.9,115.34 M
2019-06-05 03:30:19,41.0,116.43 M
2019-06-05 03:30:21,40.0,119.24 M
2019-06-05 03:30:23,38.0,118.43 M
2019-06-05 03:30:25,30.0,120.10 M
2019-06-05 03:30:27,37.0,121.32 M
2019-06-05 03:30:29,43.0,118.20 M
2019-06-05 03:30:31,39.0,111.34 M
2019-06-05 03:30:33,45.9,112.13 M
2019-06-05 03:30:35,45.0,115.16 M
2019-06-05 03:30:37,32.0,115.87 M
2019-06-05 03:30:39,35.0,118.10 M
2019-06-05 03:30:41,46.0,118.82 M
2019-06-05 03:30:43,43.0,119.36 M
2019-06-05 03:30:45,39.0,121.61 M
2019-06-05 03:30:47,50.0,117.14 M
2019-06-05 03:30:49,41.0,118.65 M
2019-06-05 03:30:51,38.0,119.52 M
2019-06-05 03:30:53,39.0,122.04 M
2019-06-05 03:30:55,40.0,120.16 M
2019-06-05 03:30:57,36.0,120.83 M
2019-06-05 03:30:59,36.0,120.07 M
2019-06-05 03:31:01,35.0,120.62 M
2019-06-05 03:31:03,28.0,123.14 M
2019-06-05 03:31:05,41.0,123.39 M
2019-06-05 03:31:07,36.0,124.31 M
2019-06-05 03:31:10,46.9,125.47 M
2019-06-05 03:31:12,35.0,127.08 M
2019-06-05 03:31:14,33.0,124.10 M
2019-06-05 03:31:17,64.9,65.09 M
2019-06-05 03:31:19,51.9,87.57 M
2019-06-05 03:31:21,42.0,92.76 M
2019-06-05 03:31:23,50.0,96.23 M
2019-06-05 03:31:25,43.0,97.57 M
2019-06-05 03:31:27,49.9,93.66 M
2019-06-05 03:31:29,49.9,95.58 M
2019-06-05 03:31:31,47.9,97.47 M
2019-06-05 03:31:33,46.9,96.24 M
2019-06-05 03:31:35,45.0,98.04 M
2019-06-05 03:31:37,43.0,98.64 M
2019-06-05 03:31:39,49.9,97.20 M
2019-06-05 03:31:41,39.0,98.15 M
2019-06-05 03:31:43,42.0,99.41 M
2019-06-05 03:31:45,43.0,102.05 M
2019-06-05 03:31:47,41.0,96.73 M
2019-06-05 03:31:49,49.9,97.14 M
2019-06-05 03:31:51,42.0,99.94 M
2019-06-05 03:31:53,45.0,102.49 M
2019-06-05 03:31:55,44.0,103.27 M
2019-06-05 03:31:57,42.9,104.29 M
2019-06-05 03:31:59,50.0,101.07 M
2019-06-05 03:32:01,43.0,100.95 M
2019-06-05 03:32:03,44.0,100.71 M
2019-06-05 03:32:05,43.0,103.34 M
2019-06-05 03:32:07,40.0,103.79 M
2019-06-05 03:32:09,42.9,105.79 M
2019-06-05 03:32:11,43.9,104.11 M
2019-06-05 03:32:13,66.9,65.62 M
2019-06-05 03:32:15,51.9,88.04 M
2019-06-05 03:32:17,43.0,91.79 M
2019-06-05 03:32:19,44.9,94.51 M
2019-06-05 03:32:21,70.0,65.89 M
2019-06-05 03:32:23,51.9,89.06 M
2019-06-05 03:32:25,41.0,88.69 M
2019-06-05 03:32:27,50.9,91.70 M
2019-06-05 03:32:29,52.0,94.24 M
2019-06-05 03:32:31,40.0,96.11 M
2019-06-05 03:32:33,47.0,93.40 M
2019-06-05 03:32:35,59.0,95.60 M
2019-06-05 03:32:37,46.0,96.96 M
2019-06-05 03:32:39,45.0,95.09 M
2019-06-05 03:32:41,49.0,95.36 M
2019-06-05 03:32:43,39.0,98.59 M
2019-06-05 03:32:45,46.0,96.54 M
2019-06-05 03:32:47,32.0,98.08 M
2019-06-05 03:32:49,40.0,100.44 M
2019-06-05 03:32:51,47.9,100.32 M
2019-06-05 03:32:53,46.9,101.86 M
2019-06-05 03:32:55,50.0,104.92 M
2019-06-05 03:32:57,50.0,96.64 M
2019-06-05 03:32:59,48.0,97.63 M
2019-06-05 03:33:01,43.9,99.62 M
2019-06-05 03:33:03,44.9,97.57 M
2019-06-05 03:33:05,43.0,99.19 M
2019-06-05 03:33:07,40.0,102.27 M
2019-06-05 03:33:09,49.9,101.26 M
2019-06-05 03:33:11,45.9,100.86 M
2019-06-05 03:33:13,40.0,101.45 M
2019-06-05 03:33:15,44.0,102.55 M
2019-06-05 03:33:17,40.0,100.98 M
2019-06-05 03:33:19,48.0,100.93 M
2019-06-05 03:33:21,46.0,104.21 M
2019-06-05 03:33:23,50.9,97.54 M
2019-06-05 03:33:25,44.0,98.91 M
2019-06-05 03:33:27,49.0,100.14 M
2019-06-05 03:33:29,45.0,102.34 M
2019-06-05 03:33:31,44.0,101.35 M
2019-06-05 03:33:33,44.9,102.67 M
2019-06-05 03:33:35,42.0,103.07 M
2019-06-05 03:33:37,42.0,103.74 M
2019-06-05 03:33:39,52.0,106.73 M
2019-06-05 03:33:41,46.9,105.96 M
2019-06-05 03:33:43,45.0,106.39 M
2019-06-05 03:33:45,49.0,107.45 M
2019-06-05 03:33:47,50.0,109.08 M
2019-06-05 03:33:49,39.0,109.65 M
2019-06-05 03:33:51,49.9,105.29 M
2019-06-05 03:33:53,40.0,106.31 M
2019-06-05 03:33:55,39.0,104.74 M
2019-06-05 03:33:57,39.0,106.64 M
2019-06-05 03:33:59,40.0,107.02 M
2019-06-05 03:34:02,46.0,106.41 M
2019-06-05 03:34:04,69.9,66.10 M
2019-06-05 03:34:06,48.9,87.14 M
2019-06-05 03:34:08,52.9,91.83 M
2019-06-05 03:34:10,45.0,92.78 M
2019-06-05 03:34:12,52.0,95.11 M
2019-06-05 03:34:14,46.9,97.16 M
2019-06-05 03:34:16,52.9,94.51 M
2019-06-05 03:34:18,50.0,97.40 M
2019-06-05 03:34:20,46.0,97.59 M
2019-06-05 03:34:22,41.0,100.11 M
2019-06-05 03:34:24,44.0,98.66 M
2019-06-05 03:34:26,52.9,98.29 M
2019-06-05 03:34:28,57.0,96.70 M
2019-06-05 03:34:30,43.9,97.98 M
2019-06-05 03:34:32,51.9,99.97 M
2019-06-05 03:34:34,41.0,97.36 M
2019-06-05 03:34:36,45.9,97.82 M
2019-06-05 03:34:38,43.9,98.42 M
2019-06-05 03:34:40,50.9,100.95 M
2019-06-05 03:34:42,44.0,102.34 M
2019-06-05 03:34:44,54.9,103.64 M
2019-06-05 03:34:46,46.0,102.95 M
2019-06-05 03:34:48,46.9,103.00 M
2019-06-05 03:34:50,47.0,103.48 M
2019-06-05 03:34:52,44.9,102.96 M
2019-06-05 03:34:54,50.9,105.19 M
2019-06-05 03:34:56,45.0,105.31 M
2019-06-05 03:34:58,45.0,103.38 M
2019-06-05 03:35:00,46.9,101.17 M
2019-06-05 03:35:02,43.0,101.78 M
2019-06-05 03:35:04,43.0,105.06 M
2019-06-05 03:35:06,47.9,105.02 M
2019-06-05 03:35:08,43.0,105.95 M
2019-06-05 03:35:10,38.0,105.82 M
2019-06-05 03:35:12,44.0,103.87 M
2019-06-05 03:35:14,38.0,100.75 M
2019-06-05 03:35:16,45.0,101.09 M
2019-06-05 03:35:18,45.0,98.90 M
2019-06-05 03:35:20,50.0,102.06 M
2019-06-05 03:35:22,35.0,103.40 M
2019-06-05 03:35:24,43.0,104.61 M
2019-06-05 03:35:26,42.9,99.78 M
2019-06-05 03:35:28,49.0,102.97 M
2019-06-05 03:35:30,41.0,103.57 M
2019-06-05 03:35:32,51.0,103.85 M
2019-06-05 03:35:34,53.0,104.31 M
2019-06-05 03:35:36,47.9,105.50 M
2019-06-05 03:35:38,41.0,107.41 M
2019-06-05 03:35:40,44.0,109.34 M
2019-06-05 03:35:42,51.0,107.44 M
2019-06-05 03:35:44,50.0,105.50 M
2019-06-05 03:35:46,52.0,105.67 M
2019-06-05 03:35:48,51.0,104.34 M
2019-06-05 03:35:50,44.9,105.38 M
2019-06-05 03:35:52,45.9,107.56 M
2019-06-05 03:35:54,43.0,105.93 M
2019-06-05 03:35:56,40.0,107.54 M
2019-06-05 03:35:58,46.9,109.21 M
2019-06-05 03:36:00,50.0,109.72 M
2019-06-05 03:36:02,55.0,110.42 M
2019-06-05 03:36:04,46.0,107.59 M
2019-06-05 03:36:06,47.9,108.48 M
2019-06-05 03:36:08,46.0,110.61 M
2019-06-05 03:36:10,42.0,108.46 M
2019-06-05 03:36:12,51.0,109.00 M
2019-06-05 03:36:14,48.0,110.18 M
2019-06-05 03:36:16,44.0,106.97 M
2019-06-05 03:36:18,41.0,111.47 M
2019-06-05 03:36:20,54.9,111.81 M
2019-06-05 03:36:22,46.0,112.51 M
2019-06-05 03:36:24,48.9,115.46 M
2019-06-05 03:36:26,52.0,117.95 M
2019-06-05 03:36:28,46.0,118.01 M
2019-06-05 03:36:30,50.0,116.61 M
2019-06-05 03:36:32,52.0,111.65 M
2019-06-05 03:36:34,48.0,113.19 M
2019-06-05 03:36:36,49.0,116.14 M
2019-06-05 03:36:38,50.0,118.43 M
2019-06-05 03:36:40,39.0,116.81 M
2019-06-05 03:36:42,43.0,117.37 M
2019-06-05 03:36:44,50.0,112.51 M
2019-06-05 03:36:46,44.0,114.75 M
2019-06-05 03:36:48,43.0,115.82 M
2019-06-05 03:36:50,48.0,112.77 M
2019-06-05 03:36:52,50.0,113.82 M
2019-06-05 03:36:54,41.0,113.82 M
2019-06-05 03:36:56,50.9,112.38 M
2019-06-05 03:36:58,50.9,113.56 M
2019-06-05 03:37:00,51.9,116.58 M
2019-06-05 03:37:02,52.0,120.12 M
2019-06-05 03:37:04,47.9,120.38 M
2019-06-05 03:37:06,50.9,120.19 M
2019-06-05 03:37:08,48.9,115.86 M
2019-06-05 03:37:10,55.0,117.61 M
2019-06-05 03:37:12,54.0,119.04 M
2019-06-05 03:37:14,49.0,119.85 M
2019-06-05 03:37:16,49.0,119.76 M
2019-06-05 03:37:18,47.0,120.40 M
2019-06-05 03:37:20,46.9,122.15 M
2019-06-05 03:37:22,58.9,121.67 M
2019-06-05 03:37:24,56.0,123.84 M
2019-06-05 03:37:26,51.9,124.58 M
2019-06-05 03:37:28,52.9,125.66 M
2019-06-05 03:37:30,45.9,121.16 M
2019-06-05 03:37:32,53.0,122.76 M
2019-06-05 03:37:34,42.0,127.18 M
2019-06-05 03:37:36,50.0,123.31 M
2019-06-05 03:37:38,49.9,124.08 M
2019-06-05 03:37:40,44.0,126.24 M
2019-06-05 03:37:42,47.9,128.11 M
2019-06-05 03:37:44,45.9,125.24 M
2019-06-05 03:37:46,56.9,122.52 M
2019-06-05 03:37:48,44.0,122.17 M
2019-06-05 03:37:50,45.0,124.08 M
2019-06-05 03:37:52,48.0,121.65 M
2019-06-05 03:37:54,48.9,123.98 M
2019-06-05 03:37:56,44.9,126.62 M
2019-06-05 03:37:58,48.9,128.54 M
2019-06-05 03:38:00,52.9,122.74 M
2019-06-05 03:38:02,44.0,124.14 M
2019-06-05 03:38:04,50.9,127.81 M
2019-06-05 03:38:06,51.0,123.74 M
2019-06-05 03:38:08,47.0,126.97 M
2019-06-05 03:38:10,48.0,126.60 M
2019-06-05 03:38:13,50.9,122.56 M
2019-06-05 03:38:15,49.9,121.87 M
2019-06-05 03:38:17,49.9,126.34 M
2019-06-05 03:38:19,46.0,128.33 M
2019-06-05 03:38:21,48.9,128.12 M
2019-06-05 03:38:23,54.0,124.93 M
2019-06-05 03:38:25,47.9,126.70 M
2019-06-05 03:38:27,52.9,128.08 M
2019-06-05 03:38:29,48.0,130.00 M
2019-06-05 03:38:31,46.0,133.44 M
2019-06-05 03:38:33,47.9,132.20 M
2019-06-05 03:38:35,52.9,133.57 M
2019-06-05 03:38:37,48.9,131.34 M
2019-06-05 03:38:39,56.0,133.00 M
2019-06-05 03:38:41,55.9,131.34 M
2019-06-05 03:38:43,53.9,133.05 M
2019-06-05 03:38:45,47.9,133.66 M
2019-06-05 03:38:47,44.0,135.05 M
2019-06-05 03:38:49,50.9,134.46 M
2019-06-05 03:38:51,44.9,136.13 M
2019-06-05 03:38:53,52.9,127.09 M
2019-06-05 03:38:55,46.9,128.00 M
2019-06-05 03:38:57,48.9,129.87 M
2019-06-05 03:38:59,46.9,133.09 M
2019-06-05 03:39:01,49.0,134.74 M
2019-06-05 03:39:04,73.9,69.21 M
2019-06-05 03:39:06,49.9,91.37 M
2019-06-05 03:39:08,59.9,96.48 M
2019-06-05 03:39:10,53.9,98.47 M
2019-06-05 03:39:12,51.9,97.09 M
2019-06-05 03:39:14,50.9,99.92 M
2019-06-05 03:39:16,47.0,100.73 M
2019-06-05 03:39:18,52.0,98.99 M
2019-06-05 03:39:20,51.9,102.89 M
2019-06-05 03:39:22,43.0,100.40 M
2019-06-05 03:39:24,45.0,100.85 M
2019-06-05 03:39:26,50.9,104.30 M
2019-06-05 03:39:28,43.0,106.15 M
2019-06-05 03:39:30,53.9,108.21 M
2019-06-05 03:39:32,45.9,108.72 M
2019-06-05 03:39:37,93.9,85.15 M
2019-06-05 03:39:39,63.0,93.89 M
2019-06-05 03:39:41,60.0,96.12 M
2019-06-05 03:39:43,59.0,93.77 M
2019-06-05 03:39:45,55.0,98.61 M
2019-06-05 03:39:47,53.9,98.98 M
2019-06-05 03:39:49,58.0,101.11 M
2019-06-05 03:39:51,50.9,100.64 M
2019-06-05 03:39:53,51.9,101.86 M
2019-06-05 03:39:55,54.0,101.44 M
2019-06-05 03:39:57,58.0,102.41 M
2019-06-05 03:39:59,51.9,102.19 M
2019-06-05 03:40:01,56.9,103.43 M
2019-06-05 03:40:03,53.0,102.21 M
2019-06-05 03:40:05,57.9,103.93 M
2019-06-05 03:40:07,55.9,103.38 M
2019-06-05 03:40:09,54.9,102.86 M
2019-06-05 03:40:11,59.0,104.22 M
2019-06-05 03:40:13,55.9,103.72 M
2019-06-05 03:40:15,56.9,102.73 M
2019-06-05 03:40:17,50.0,101.35 M
2019-06-05 03:40:19,56.9,103.59 M
2019-06-05 03:40:21,55.9,106.66 M
2019-06-05 03:40:23,61.0,102.13 M
2019-06-05 03:40:25,55.0,105.12 M
2019-06-05 03:40:27,52.0,104.95 M
2019-06-05 03:40:29,81.9,77.62 M
2019-06-05 03:40:31,53.9,96.37 M
2019-06-05 03:40:34,90.0,87.46 M
2019-06-05 03:40:36,63.9,94.54 M
2019-06-05 03:40:38,56.9,95.82 M
2019-06-05 03:40:40,58.9,99.58 M
2019-06-05 03:40:42,49.9,103.73 M
2019-06-05 03:40:44,52.9,101.99 M
2019-06-05 03:40:46,54.0,102.05 M
2019-06-05 03:40:48,49.0,103.26 M
2019-06-05 03:40:50,50.9,103.63 M
2019-06-05 03:40:52,49.0,103.02 M
2019-06-05 03:40:54,49.0,105.44 M
2019-06-05 03:40:56,51.9,105.14 M
2019-06-05 03:40:58,52.0,104.86 M
2019-06-05 03:41:00,58.0,109.33 M
2019-06-05 03:41:02,53.0,109.68 M
2019-06-05 03:41:04,47.9,111.73 M
2019-06-05 03:41:06,51.0,111.98 M
2019-06-05 03:41:08,57.9,110.70 M
2019-06-05 03:41:10,49.9,110.64 M
2019-06-05 03:41:12,53.9,114.78 M
2019-06-05 03:41:14,48.9,114.32 M
2019-06-05 03:41:16,48.0,113.18 M
2019-06-05 03:41:18,51.9,113.30 M
2019-06-05 03:41:20,51.0,118.46 M
2019-06-05 03:41:22,49.9,118.35 M
2019-06-05 03:41:25,55.0,120.31 M
2019-06-05 03:41:27,52.9,119.48 M
2019-06-05 03:41:29,52.9,121.12 M
2019-06-05 03:41:31,51.0,121.37 M
2019-06-05 03:41:33,50.0,121.96 M
2019-06-05 03:41:35,52.9,122.81 M
2019-06-05 03:41:37,54.9,122.93 M
2019-06-05 03:41:39,53.9,124.48 M
2019-06-05 03:41:41,51.0,119.99 M
2019-06-05 03:41:43,57.9,122.45 M
2019-06-05 03:41:45,58.9,125.22 M
2019-06-05 03:41:47,52.9,127.87 M
2019-06-05 03:41:49,54.0,128.02 M
2019-06-05 03:41:51,53.0,128.54 M
2019-06-05 03:41:53,49.9,130.18 M
2019-06-05 03:41:55,48.9,126.57 M
2019-06-05 03:41:57,53.0,130.93 M
2019-06-05 03:41:59,53.0,132.79 M
2019-06-05 03:42:01,53.0,130.63 M
2019-06-05 03:42:03,56.9,131.87 M
2019-06-05 03:42:05,52.9,136.64 M
2019-06-05 03:42:07,53.9,130.62 M
2019-06-05 03:42:09,51.0,134.18 M
2019-06-05 03:42:11,51.9,137.03 M
2019-06-05 03:42:13,55.9,137.52 M
2019-06-05 03:42:15,48.9,139.03 M
2019-06-05 03:42:17,51.0,137.23 M
2019-06-05 03:42:19,46.0,140.98 M
2019-06-05 03:42:21,60.9,138.81 M
2019-06-05 03:42:23,56.9,140.45 M
2019-06-05 03:42:25,50.9,145.76 M
2019-06-05 03:42:27,51.9,145.84 M
2019-06-05 03:42:29,52.9,142.27 M
2019-06-05 03:42:31,44.0,145.55 M
2019-06-05 03:42:33,54.0,144.54 M
2019-06-05 03:42:35,57.9,146.41 M
2019-06-05 03:42:37,54.9,147.78 M
2019-06-05 03:42:39,51.9,149.50 M
2019-06-05 03:42:41,56.0,149.07 M
2019-06-05 03:42:43,56.0,143.87 M
2019-06-05 03:42:45,55.9,148.67 M
2019-06-05 03:42:47,52.0,151.18 M
2019-06-05 03:42:49,49.9,149.82 M
2019-06-05 03:42:51,51.0,152.59 M
2019-06-05 03:42:53,59.9,152.64 M
2019-06-05 03:42:55,49.9,153.02 M
2019-06-05 03:42:57,51.0,155.22 M
2019-06-05 03:42:59,51.9,156.19 M
2019-06-05 03:43:01,56.9,156.66 M
2019-06-05 03:43:03,53.9,156.33 M
2019-06-05 03:43:05,60.9,157.59 M
2019-06-05 03:43:07,56.9,159.13 M
2019-06-05 03:43:09,53.9,156.74 M
2019-06-05 03:43:11,55.9,158.89 M
2019-06-05 03:43:13,51.0,159.14 M
2019-06-05 03:43:15,51.9,157.59 M
2019-06-05 03:43:17,51.0,160.87 M
2019-06-05 03:43:19,58.0,163.89 M
2019-06-05 03:43:21,52.9,165.14 M
2019-06-05 03:43:23,55.9,162.57 M
2019-06-05 03:43:25,54.9,167.04 M
2019-06-05 03:43:27,52.0,168.01 M
2019-06-05 03:43:29,50.9,168.99 M
2019-06-05 03:43:31,56.9,166.71 M
2019-06-05 03:43:33,58.9,168.15 M
2019-06-05 03:43:35,53.9,172.38 M
2019-06-05 03:43:37,61.0,169.10 M
2019-06-05 03:43:39,55.0,163.83 M
2019-06-05 03:43:41,60.9,168.62 M
2019-06-05 03:43:43,54.9,172.68 M
2019-06-05 03:43:45,51.9,174.11 M
2019-06-05 03:43:47,49.0,174.82 M
2019-06-05 03:43:49,63.9,178.84 M
2019-06-05 03:43:51,56.9,175.67 M
2019-06-05 03:43:53,60.0,179.55 M
2019-06-05 03:43:55,59.0,180.28 M
2019-06-05 03:43:57,55.9,182.02 M
2019-06-05 03:43:59,50.9,181.52 M
2019-06-05 03:44:01,47.0,181.36 M
2019-06-05 03:44:04,92.9,86.42 M
2019-06-05 03:44:06,58.0,97.75 M
2019-06-05 03:44:08,62.9,99.82 M
2019-06-05 03:44:10,53.9,100.79 M
2019-06-05 03:44:12,50.9,100.93 M
2019-06-05 03:44:14,58.9,103.45 M
2019-06-05 03:44:16,53.0,101.72 M
2019-06-05 03:44:18,51.0,101.74 M
2019-06-05 03:44:20,52.9,100.52 M
2019-06-05 03:44:22,49.9,103.75 M
2019-06-05 03:44:24,53.9,102.75 M
2019-06-05 03:44:26,54.9,105.03 M
2019-06-05 03:44:28,53.9,108.79 M
2019-06-05 03:44:32,92.9,85.53 M
2019-06-05 03:44:34,59.9,97.00 M
2019-06-05 03:44:36,63.0,99.51 M
2019-06-05 03:44:38,62.0,100.89 M
2019-06-05 03:44:40,56.9,101.41 M
2019-06-05 03:44:42,61.0,105.55 M
2019-06-05 03:44:44,53.9,108.26 M
2019-06-05 03:44:47,93.9,66.91 M
2019-06-05 03:44:49,66.9,91.84 M
2019-06-05 03:44:51,73.9,96.26 M
2019-06-05 03:44:53,66.9,97.11 M
2019-06-05 03:44:55,61.9,96.50 M
2019-06-05 03:44:57,62.9,97.94 M
2019-06-05 03:44:59,58.0,99.20 M
2019-06-05 03:45:01,57.9,100.66 M
2019-06-05 03:45:03,59.0,102.02 M
2019-06-05 03:45:05,54.0,106.02 M
2019-06-05 03:45:07,53.9,107.23 M
2019-06-05 03:45:09,56.9,102.33 M
2019-06-05 03:45:11,58.0,107.19 M
2019-06-05 03:45:13,59.0,108.21 M
2019-06-05 03:45:15,56.0,108.82 M
2019-06-05 03:45:17,58.0,107.40 M
2019-06-05 03:45:19,55.0,109.66 M
2019-06-05 03:45:21,54.9,110.72 M
2019-06-05 03:45:23,54.0,110.62 M
2019-06-05 03:45:25,57.0,110.43 M
2019-06-05 03:45:27,56.9,113.49 M
2019-06-05 03:45:29,58.0,110.73 M
2019-06-05 03:45:31,57.0,115.01 M
2019-06-05 03:45:33,56.9,117.35 M
2019-06-05 03:45:35,54.9,116.84 M
2019-06-05 03:45:37,59.9,116.32 M
2019-06-05 03:45:39,97.9,87.60 M
2019-06-05 03:45:41,65.9,94.09 M
2019-06-05 03:45:43,60.9,97.48 M
2019-06-05 03:45:45,53.0,99.80 M
2019-06-05 03:45:48,58.9,99.57 M
2019-06-05 03:45:50,57.0,101.66 M
2019-06-05 03:45:52,57.9,102.38 M
2019-06-05 03:45:54,54.9,98.31 M
2019-06-05 03:45:56,55.9,100.10 M
2019-06-05 03:45:58,54.9,102.26 M
2019-06-05 03:46:00,55.9,105.04 M
2019-06-05 03:46:02,59.0,106.29 M
2019-06-05 03:46:04,53.9,105.07 M
2019-06-05 03:46:07,98.9,88.34 M
2019-06-05 03:46:09,68.0,95.25 M
2019-06-05 03:46:11,69.9,97.08 M
2019-06-05 03:46:13,59.9,100.68 M
2019-06-05 03:46:15,54.9,103.20 M
2019-06-05 03:46:17,58.9,103.36 M
2019-06-05 03:46:19,54.9,102.20 M
2019-06-05 03:46:21,57.9,103.92 M
2019-06-05 03:46:23,56.9,103.25 M
2019-06-05 03:46:25,59.9,104.34 M
2019-06-05 03:46:27,55.9,106.25 M
2019-06-05 03:46:29,55.9,107.86 M
2019-06-05 03:46:31,57.9,108.04 M
2019-06-05 03:46:33,54.0,109.74 M
