2019-05-31 18:25:00,12.0,44.43 M
2019-05-31 18:25:02,6.0,45.35 M
2019-05-31 18:25:04,3.0,46.89 M
2019-05-31 18:25:06,0.0,46.89 M
2019-05-31 18:25:08,1.0,47.14 M
2019-05-31 18:25:10,14.0,53.84 M
2019-05-31 18:25:12,12.0,55.20 M
2019-05-31 18:25:14,13.0,56.95 M
2019-05-31 18:25:16,30.0,66.81 M
2019-05-31 18:25:18,22.0,69.79 M
2019-05-31 18:25:20,35.0,83.27 M
2019-05-31 18:25:22,32.0,89.59 M
2019-05-31 18:25:24,28.0,93.82 M
2019-05-31 18:25:26,27.0,93.82 M
2019-05-31 18:25:28,33.0,94.28 M
2019-05-31 18:25:30,23.0,94.39 M
2019-05-31 18:25:32,24.0,94.39 M
2019-05-31 18:25:34,28.0,96.03 M
2019-05-31 18:25:36,34.0,96.68 M
2019-05-31 18:25:38,28.0,97.89 M
2019-05-31 18:25:40,33.0,97.86 M
2019-05-31 18:25:42,27.0,99.20 M
2019-05-31 18:25:44,35.0,99.20 M
2019-05-31 18:25:46,36.0,98.41 M
2019-05-31 18:25:48,26.0,98.62 M
2019-05-31 18:25:50,29.0,97.81 M
2019-05-31 18:25:52,32.0,98.00 M
2019-05-31 18:25:54,27.0,99.09 M
2019-05-31 18:25:56,34.0,98.57 M
2019-05-31 18:25:58,43.0,99.93 M
2019-05-31 18:26:00,34.0,98.39 M
2019-05-31 18:26:02,43.0,98.55 M
2019-05-31 18:26:05,34.0,99.14 M
2019-05-31 18:26:07,37.0,101.18 M
2019-05-31 18:26:09,33.0,97.43 M
2019-05-31 18:26:11,29.0,98.74 M
2019-05-31 18:26:13,28.0,98.39 M
2019-05-31 18:26:15,28.0,99.05 M
2019-05-31 18:26:17,28.0,101.09 M
2019-05-31 18:26:19,39.0,101.64 M
2019-05-31 18:26:21,35.0,101.67 M
2019-05-31 18:26:23,29.0,99.58 M
2019-05-31 18:26:25,28.0,100.81 M
2019-05-31 18:26:27,34.0,100.81 M
2019-05-31 18:26:29,40.0,102.43 M
2019-05-31 18:26:31,35.0,100.75 M
2019-05-31 18:26:33,31.0,101.67 M
2019-05-31 18:26:35,41.9,102.41 M
2019-05-31 18:26:37,40.0,102.02 M
2019-05-31 18:26:39,33.0,103.25 M
2019-05-31 18:26:41,33.0,102.52 M
2019-05-31 18:26:43,35.0,102.77 M
2019-05-31 18:26:45,34.0,103.11 M
2019-05-31 18:26:47,36.0,103.28 M
2019-05-31 18:26:49,28.0,103.28 M
2019-05-31 18:26:51,32.0,104.38 M
2019-05-31 18:26:53,39.0,103.30 M
2019-05-31 18:26:55,37.0,103.64 M
2019-05-31 18:26:57,27.0,106.15 M
2019-05-31 18:26:59,38.0,104.79 M
2019-05-31 18:27:01,33.0,106.25 M
2019-05-31 18:27:03,39.0,103.97 M
2019-05-31 18:27:05,39.0,105.91 M
2019-05-31 18:27:07,31.0,106.16 M
2019-05-31 18:27:09,37.0,104.46 M
2019-05-31 18:27:11,37.0,104.46 M
2019-05-31 18:27:13,24.0,106.02 M
2019-05-31 18:27:15,41.0,105.55 M
2019-05-31 18:27:17,31.0,106.03 M
2019-05-31 18:27:19,28.0,106.61 M
2019-05-31 18:27:21,32.0,107.95 M
2019-05-31 18:27:23,25.0,109.91 M
2019-05-31 18:27:25,27.0,110.16 M
2019-05-31 18:27:27,28.0,107.86 M
2019-05-31 18:27:29,34.0,105.81 M
2019-05-31 18:27:31,31.0,108.36 M
2019-05-31 18:27:33,28.0,106.46 M
2019-05-31 18:27:35,31.0,106.98 M
2019-05-31 18:27:37,41.0,108.64 M
2019-05-31 18:27:39,31.0,108.05 M
2019-05-31 18:27:41,35.0,108.89 M
2019-05-31 18:27:43,30.0,107.86 M
2019-05-31 18:27:45,41.0,108.02 M
2019-05-31 18:27:47,30.0,110.02 M
2019-05-31 18:27:49,36.0,110.06 M
2019-05-31 18:27:51,27.0,110.06 M
2019-05-31 18:27:53,33.0,108.64 M
2019-05-31 18:27:55,36.0,109.05 M
2019-05-31 18:27:57,32.0,110.84 M
2019-05-31 18:27:59,35.0,109.57 M
2019-05-31 18:28:01,38.0,110.01 M
2019-05-31 18:28:03,25.0,111.02 M
2019-05-31 18:28:05,33.0,111.46 M
2019-05-31 18:28:07,29.0,111.72 M
2019-05-31 18:28:09,26.0,108.49 M
2019-05-31 18:28:11,30.0,109.16 M
2019-05-31 18:28:13,33.0,109.91 M
2019-05-31 18:28:15,27.0,111.81 M
2019-05-31 18:28:17,32.0,111.81 M
2019-05-31 18:28:19,34.0,112.11 M
2019-05-31 18:28:21,29.0,113.78 M
2019-05-31 18:28:23,32.0,113.78 M
2019-05-31 18:28:25,35.0,111.56 M
2019-05-31 18:28:27,30.0,109.69 M
2019-05-31 18:28:29,32.0,111.13 M
2019-05-31 18:28:31,41.0,112.12 M
2019-05-31 18:28:33,34.0,112.64 M
2019-05-31 18:28:35,33.0,114.33 M
2019-05-31 18:28:37,37.0,114.14 M
2019-05-31 18:28:39,35.0,114.90 M
2019-05-31 18:28:41,34.0,114.50 M
2019-05-31 18:28:43,36.0,114.72 M
2019-05-31 18:28:45,28.0,117.15 M
2019-05-31 18:28:47,33.0,117.37 M
2019-05-31 18:28:49,28.0,117.61 M
2019-05-31 18:28:51,31.0,115.54 M
2019-05-31 18:28:53,31.0,113.41 M
2019-05-31 18:28:55,24.0,113.41 M
2019-05-31 18:28:57,35.0,113.29 M
2019-05-31 18:28:59,31.0,113.81 M
2019-05-31 18:29:01,35.0,112.78 M
2019-05-31 18:29:03,28.0,113.37 M
2019-05-31 18:29:05,30.0,115.77 M
2019-05-31 18:29:07,27.0,116.03 M
2019-05-31 18:29:09,25.0,115.18 M
2019-05-31 18:29:11,29.0,116.17 M
2019-05-31 18:29:13,38.0,118.34 M
2019-05-31 18:29:15,31.0,114.30 M
2019-05-31 18:29:17,28.0,114.62 M
2019-05-31 18:29:19,31.0,115.32 M
2019-05-31 18:29:22,27.0,116.07 M
2019-05-31 18:29:24,36.0,116.95 M
2019-05-31 18:29:26,32.0,117.73 M
2019-05-31 18:29:28,29.0,117.63 M
2019-05-31 18:29:30,43.9,116.93 M
2019-05-31 18:29:32,30.0,118.07 M
2019-05-31 18:29:34,30.0,118.52 M
2019-05-31 18:29:36,34.0,120.30 M
2019-05-31 18:29:38,32.0,117.62 M
2019-05-31 18:29:40,33.0,117.96 M
2019-05-31 18:29:42,36.0,120.81 M
2019-05-31 18:29:44,29.0,119.39 M
2019-05-31 18:29:46,34.0,118.28 M
2019-05-31 18:29:48,27.0,119.82 M
2019-05-31 18:29:50,31.0,121.00 M
2019-05-31 18:29:52,42.0,119.44 M
2019-05-31 18:29:54,27.0,120.26 M
2019-05-31 18:29:56,36.0,119.96 M
2019-05-31 18:29:58,31.0,120.70 M
2019-05-31 18:30:01,59.9,64.09 M
2019-05-31 18:30:03,38.0,72.95 M
2019-05-31 18:30:05,45.9,89.04 M
2019-05-31 18:30:07,42.9,94.07 M
2019-05-31 18:30:09,39.0,94.80 M
2019-05-31 18:30:11,50.9,96.00 M
2019-05-31 18:30:13,29.0,95.68 M
2019-05-31 18:30:15,10.0,96.07 M
2019-05-31 18:30:17,44.9,96.30 M
2019-05-31 18:30:19,40.9,97.14 M
2019-05-31 18:30:21,45.0,97.05 M
2019-05-31 18:30:23,54.9,97.46 M
2019-05-31 18:30:26,61.0,64.57 M
2019-05-31 18:30:28,39.0,85.66 M
2019-05-31 18:30:30,34.0,90.28 M
2019-05-31 18:30:32,39.0,92.18 M
2019-05-31 18:30:34,32.0,94.34 M
2019-05-31 18:30:36,40.0,96.30 M
2019-05-31 18:30:38,36.0,94.04 M
2019-05-31 18:30:40,45.9,94.50 M
2019-05-31 18:30:42,34.0,96.36 M
2019-05-31 18:30:44,37.0,94.78 M
2019-05-31 18:30:46,42.0,96.40 M
2019-05-31 18:30:48,36.0,98.29 M
2019-05-31 18:30:50,38.0,95.44 M
2019-05-31 18:30:52,38.0,95.80 M
2019-05-31 18:30:54,39.0,95.91 M
2019-05-31 18:30:56,63.9,61.57 M
2019-05-31 18:30:58,65.9,77.77 M
2019-05-31 18:31:00,50.0,89.23 M
2019-05-31 18:31:02,46.9,91.37 M
2019-05-31 18:31:04,38.0,93.33 M
2019-05-31 18:31:06,43.9,94.06 M
2019-05-31 18:31:08,42.0,95.55 M
2019-05-31 18:31:10,31.0,95.19 M
2019-05-31 18:31:12,41.0,96.18 M
2019-05-31 18:31:14,39.0,95.19 M
2019-05-31 18:31:16,32.0,95.80 M
2019-05-31 18:31:18,39.0,97.71 M
2019-05-31 18:31:20,39.0,96.64 M
2019-05-31 18:31:22,34.0,97.89 M
2019-05-31 18:31:24,35.0,95.38 M
2019-05-31 18:31:26,58.0,58.16 M
2019-05-31 18:31:28,43.0,78.00 M
2019-05-31 18:31:30,43.9,91.20 M
2019-05-31 18:31:32,38.0,92.91 M
2019-05-31 18:31:34,35.0,94.79 M
2019-05-31 18:31:36,46.9,94.90 M
2019-05-31 18:31:38,38.0,94.86 M
2019-05-31 18:31:40,41.0,95.76 M
2019-05-31 18:31:42,33.0,97.14 M
2019-05-31 18:31:44,34.0,96.70 M
2019-05-31 18:31:46,41.0,99.12 M
2019-05-31 18:31:48,35.0,96.90 M
2019-05-31 18:31:50,31.0,96.75 M
2019-05-31 18:31:52,36.0,97.71 M
2019-05-31 18:31:54,34.0,97.25 M
2019-05-31 18:31:56,29.0,97.50 M
2019-05-31 18:31:59,37.0,97.09 M
2019-05-31 18:32:01,33.0,97.96 M
2019-05-31 18:32:03,38.0,97.21 M
2019-05-31 18:32:05,29.0,98.46 M
2019-05-31 18:32:07,26.0,97.89 M
2019-05-31 18:32:09,36.0,97.65 M
2019-05-31 18:32:11,26.0,97.88 M
2019-05-31 18:32:13,26.0,97.24 M
2019-05-31 18:32:15,30.0,97.24 M
2019-05-31 18:32:17,26.0,100.11 M
2019-05-31 18:32:19,31.0,98.93 M
2019-05-31 18:32:21,35.0,98.50 M
2019-05-31 18:32:23,28.0,99.08 M
2019-05-31 18:32:25,32.0,99.66 M
2019-05-31 18:32:27,27.0,99.66 M
2019-05-31 18:32:29,33.0,99.38 M
2019-05-31 18:32:31,28.0,98.10 M
2019-05-31 18:32:33,31.0,99.52 M
2019-05-31 18:32:35,25.0,100.74 M
2019-05-31 18:32:37,38.0,99.10 M
2019-05-31 18:32:39,30.0,99.86 M
2019-05-31 18:32:41,30.0,102.15 M
2019-05-31 18:32:43,33.0,100.12 M
2019-05-31 18:32:45,31.0,100.93 M
2019-05-31 18:32:47,30.0,102.29 M
2019-05-31 18:32:49,35.0,100.51 M
2019-05-31 18:32:51,33.0,100.75 M
2019-05-31 18:32:53,29.0,101.99 M
2019-05-31 18:32:55,34.0,99.84 M
2019-05-31 18:32:57,34.0,100.33 M
2019-05-31 18:32:59,27.0,102.60 M
2019-05-31 18:33:01,52.9,59.15 M
2019-05-31 18:33:03,60.0,78.50 M
2019-05-31 18:33:05,38.0,89.16 M
2019-05-31 18:33:07,32.0,91.21 M
2019-05-31 18:33:09,42.0,93.07 M
2019-05-31 18:33:11,46.0,93.75 M
2019-05-31 18:33:13,30.0,95.83 M
2019-05-31 18:33:15,38.0,96.79 M
2019-05-31 18:33:17,36.0,96.84 M
2019-05-31 18:33:19,40.0,98.74 M
2019-05-31 18:33:21,36.0,95.09 M
2019-05-31 18:33:24,52.9,59.74 M
2019-05-31 18:33:27,58.0,58.54 M
2019-05-31 18:33:29,45.0,66.77 M
2019-05-31 18:33:31,35.0,87.44 M
2019-05-31 18:33:33,48.9,92.43 M
2019-05-31 18:33:35,40.0,93.43 M
2019-05-31 18:33:37,41.0,95.34 M
2019-05-31 18:33:40,58.9,59.45 M
2019-05-31 18:33:42,42.0,74.73 M
2019-05-31 18:33:44,57.9,58.46 M
2019-05-31 18:33:46,58.9,64.47 M
2019-05-31 18:33:48,49.9,85.09 M
2019-05-31 18:33:50,47.0,92.11 M
2019-05-31 18:33:52,40.0,93.36 M
2019-05-31 18:33:54,39.0,94.21 M
2019-05-31 18:33:56,39.0,97.44 M
2019-05-31 18:33:58,33.0,95.01 M
2019-05-31 18:34:00,39.0,94.75 M
2019-05-31 18:34:02,45.9,94.58 M
2019-05-31 18:34:05,51.0,96.74 M
2019-05-31 18:34:07,38.0,93.82 M
2019-05-31 18:34:09,35.0,95.58 M
2019-05-31 18:34:11,34.0,96.45 M
2019-05-31 18:34:13,42.9,97.98 M
2019-05-31 18:34:15,43.0,97.27 M
2019-05-31 18:34:17,31.0,99.04 M
2019-05-31 18:34:19,31.0,99.53 M
2019-05-31 18:34:21,33.0,97.87 M
2019-05-31 18:34:23,42.0,99.38 M
2019-05-31 18:34:25,31.0,98.88 M
2019-05-31 18:34:27,33.0,98.88 M
2019-05-31 18:34:29,32.0,99.21 M
2019-05-31 18:34:31,40.0,99.92 M
2019-05-31 18:34:33,27.0,100.49 M
2019-05-31 18:34:35,29.0,102.58 M
2019-05-31 18:34:37,33.0,97.16 M
2019-05-31 18:34:39,36.0,97.16 M
2019-05-31 18:34:41,32.0,98.52 M
2019-05-31 18:34:43,38.0,98.63 M
2019-05-31 18:34:45,31.0,98.78 M
2019-05-31 18:34:47,36.0,101.05 M
2019-05-31 18:34:49,38.0,100.43 M
2019-05-31 18:34:51,33.0,100.12 M
2019-05-31 18:34:53,34.0,100.38 M
2019-05-31 18:34:55,31.0,100.88 M
2019-05-31 18:34:57,36.0,100.16 M
2019-05-31 18:34:59,44.0,97.67 M
2019-05-31 18:35:01,35.0,99.50 M
2019-05-31 18:35:03,41.9,100.24 M
2019-05-31 18:35:05,28.0,100.75 M
2019-05-31 18:35:07,38.0,102.55 M
2019-05-31 18:35:09,32.0,103.46 M
2019-05-31 18:35:11,31.0,104.20 M
2019-05-31 18:35:13,28.0,102.91 M
2019-05-31 18:35:15,39.0,103.31 M
2019-05-31 18:35:17,37.0,103.94 M
2019-05-31 18:35:20,67.9,64.38 M
2019-05-31 18:35:22,54.9,77.53 M
2019-05-31 18:35:24,43.9,87.14 M
2019-05-31 18:35:26,26.0,92.08 M
2019-05-31 18:35:28,34.0,94.26 M
2019-05-31 18:35:30,32.0,94.26 M
2019-05-31 18:35:32,39.0,95.11 M
2019-05-31 18:35:34,47.9,95.83 M
2019-05-31 18:35:36,43.9,96.68 M
2019-05-31 18:35:38,40.0,98.44 M
2019-05-31 18:35:40,39.0,96.88 M
2019-05-31 18:35:42,36.0,94.98 M
2019-05-31 18:35:44,36.0,96.83 M
2019-05-31 18:35:46,24.0,96.91 M
2019-05-31 18:35:48,33.0,98.15 M
2019-05-31 18:35:50,32.0,98.99 M
2019-05-31 18:35:52,29.0,95.35 M
2019-05-31 18:35:54,40.0,96.57 M
2019-05-31 18:35:56,35.0,97.26 M
2019-05-31 18:35:58,33.0,99.07 M
2019-05-31 18:36:00,32.0,97.30 M
2019-05-31 18:36:02,41.0,96.57 M
2019-05-31 18:36:04,29.0,98.12 M
2019-05-31 18:36:06,27.0,97.75 M
2019-05-31 18:36:08,28.0,97.84 M
2019-05-31 18:36:10,35.0,99.47 M
2019-05-31 18:36:12,31.0,99.65 M
2019-05-31 18:36:14,33.0,97.51 M
2019-05-31 18:36:16,48.0,96.07 M
2019-05-31 18:36:18,39.0,96.07 M
2019-05-31 18:36:20,31.0,98.21 M
2019-05-31 18:36:22,33.0,99.48 M
2019-05-31 18:36:24,31.0,99.19 M
2019-05-31 18:36:26,36.0,100.46 M
2019-05-31 18:36:28,42.0,100.36 M
2019-05-31 18:36:30,36.0,100.62 M
2019-05-31 18:36:32,33.0,102.60 M
2019-05-31 18:36:34,40.0,99.59 M
2019-05-31 18:36:36,22.0,101.45 M
2019-05-31 18:36:38,37.0,101.98 M
2019-05-31 18:36:40,30.0,101.49 M
2019-05-31 18:36:42,29.0,102.00 M
2019-05-31 18:36:44,29.0,100.22 M
2019-05-31 18:36:46,29.0,100.25 M
2019-05-31 18:36:48,36.0,101.32 M
2019-05-31 18:36:50,40.0,103.11 M
2019-05-31 18:36:52,25.0,103.37 M
2019-05-31 18:36:54,31.0,105.13 M
2019-05-31 18:36:56,56.9,63.91 M
2019-05-31 18:36:58,54.0,85.99 M
2019-05-31 18:37:00,40.0,89.39 M
2019-05-31 18:37:02,38.0,89.90 M
2019-05-31 18:37:04,43.9,90.21 M
2019-05-31 18:37:06,39.0,92.39 M
2019-05-31 18:37:08,28.0,93.10 M
2019-05-31 18:37:11,35.0,94.06 M
2019-05-31 18:37:13,30.0,94.24 M
2019-05-31 18:37:15,28.0,95.11 M
2019-05-31 18:37:17,39.0,94.80 M
2019-05-31 18:37:19,43.9,94.90 M
2019-05-31 18:37:21,42.0,95.37 M
2019-05-31 18:37:23,32.0,94.79 M
2019-05-31 18:37:25,42.0,95.38 M
2019-05-31 18:37:27,29.0,97.27 M
2019-05-31 18:37:29,33.0,98.93 M
2019-05-31 18:37:31,41.0,96.61 M
2019-05-31 18:37:33,31.0,96.97 M
2019-05-31 18:37:35,32.0,98.63 M
2019-05-31 18:37:37,32.0,97.38 M
2019-05-31 18:37:39,41.9,98.05 M
2019-05-31 18:37:41,39.9,98.36 M
2019-05-31 18:37:43,34.0,99.87 M
2019-05-31 18:37:45,32.0,97.87 M
2019-05-31 18:37:47,40.0,97.76 M
2019-05-31 18:37:49,33.0,98.68 M
2019-05-31 18:37:51,29.0,97.55 M
2019-05-31 18:37:53,37.0,98.20 M
2019-05-31 18:37:55,26.0,99.93 M
2019-05-31 18:37:57,30.0,98.84 M
2019-05-31 18:37:59,31.0,99.96 M
2019-05-31 18:38:01,32.0,98.48 M
2019-05-31 18:38:03,39.0,99.66 M
2019-05-31 18:38:05,34.0,100.52 M
2019-05-31 18:38:07,35.0,98.57 M
2019-05-31 18:38:09,33.0,98.57 M
2019-05-31 18:38:11,33.0,98.38 M
2019-05-31 18:38:13,24.0,100.21 M
2019-05-31 18:38:15,39.0,100.46 M
2019-05-31 18:38:17,36.0,103.52 M
2019-05-31 18:38:19,37.0,103.28 M
2019-05-31 18:38:21,34.0,100.41 M
2019-05-31 18:38:23,32.0,102.07 M
2019-05-31 18:38:25,35.0,96.90 M
2019-05-31 18:38:27,33.0,96.94 M
2019-05-31 18:38:29,41.0,98.04 M
2019-05-31 18:38:31,54.9,58.25 M
2019-05-31 18:38:33,45.9,66.76 M
2019-05-31 18:38:35,60.9,58.39 M
2019-05-31 18:38:37,52.0,58.85 M
2019-05-31 18:38:43,58.9,57.07 M
2019-05-31 18:38:45,59.9,77.09 M
2019-05-31 18:38:47,42.9,90.59 M
2019-05-31 18:38:49,41.0,92.57 M
2019-05-31 18:38:51,39.0,96.07 M
2019-05-31 18:38:53,38.0,96.45 M
2019-05-31 18:38:55,52.9,96.37 M
2019-05-31 18:38:57,48.0,98.11 M
2019-05-31 18:39:00,39.0,99.72 M
2019-05-31 18:39:02,40.0,100.32 M
2019-05-31 18:39:04,28.0,100.58 M
2019-05-31 18:39:06,34.0,100.71 M
2019-05-31 18:39:08,32.0,101.88 M
2019-05-31 18:39:10,30.0,102.13 M
2019-05-31 18:39:12,31.0,101.18 M
2019-05-31 18:39:14,42.9,99.96 M
2019-05-31 18:39:16,32.0,100.21 M
2019-05-31 18:39:18,29.0,99.95 M
2019-05-31 18:39:20,32.0,100.00 M
2019-05-31 18:39:22,26.0,100.00 M
2019-05-31 18:39:24,33.0,102.45 M
2019-05-31 18:39:26,36.0,99.76 M
2019-05-31 18:39:28,33.0,99.76 M
2019-05-31 18:39:30,32.0,101.70 M
2019-05-31 18:39:32,31.0,104.04 M
2019-05-31 18:39:34,29.0,104.30 M
2019-05-31 18:39:36,30.0,102.51 M
2019-05-31 18:39:38,35.0,101.37 M
2019-05-31 18:39:40,30.0,102.35 M
2019-05-31 18:39:42,24.0,104.77 M
2019-05-31 18:39:44,33.0,102.90 M
2019-05-31 18:39:46,30.0,104.14 M
2019-05-31 18:39:48,22.0,103.35 M
2019-05-31 18:39:50,26.0,105.23 M
2019-05-31 18:39:52,32.0,104.93 M
2019-05-31 18:39:54,31.0,103.39 M
2019-05-31 18:39:56,25.0,105.30 M
2019-05-31 18:39:58,31.0,103.24 M
2019-05-31 18:40:00,28.0,104.89 M
2019-05-31 18:40:02,22.0,105.04 M
2019-05-31 18:40:04,29.0,105.30 M
2019-05-31 18:40:06,39.0,107.00 M
2019-05-31 18:40:08,36.0,106.02 M
2019-05-31 18:40:10,39.0,105.46 M
2019-05-31 18:40:12,42.9,106.83 M
2019-05-31 18:40:14,27.0,109.25 M
2019-05-31 18:40:16,30.0,108.17 M
2019-05-31 18:40:18,26.0,105.41 M
2019-05-31 18:40:20,27.0,107.90 M
2019-05-31 18:40:22,37.0,106.37 M
2019-05-31 18:40:24,18.0,107.16 M
2019-05-31 18:40:26,20.0,108.41 M
2019-05-31 18:40:28,34.0,108.58 M
2019-05-31 18:40:30,34.0,110.56 M
2019-05-31 18:40:32,20.0,108.37 M
2019-05-31 18:40:34,26.0,109.77 M
2019-05-31 18:40:36,27.0,110.56 M
2019-05-31 18:40:38,36.0,108.44 M
2019-05-31 18:40:40,24.0,110.22 M
2019-05-31 18:40:42,28.0,107.89 M
2019-05-31 18:40:44,30.0,109.14 M
2019-05-31 18:40:46,28.0,111.80 M
2019-05-31 18:40:48,30.0,109.31 M
2019-05-31 18:40:50,24.0,110.83 M
2019-05-31 18:40:52,31.0,111.02 M
2019-05-31 18:40:54,29.0,111.28 M
2019-05-31 18:40:56,28.0,111.68 M
2019-05-31 18:40:58,29.0,108.63 M
2019-05-31 18:41:00,21.0,110.05 M
2019-05-31 18:41:02,31.0,109.19 M
2019-05-31 18:41:04,31.0,110.73 M
2019-05-31 18:41:06,28.0,112.60 M
2019-05-31 18:41:08,35.0,109.95 M
2019-05-31 18:41:10,25.0,111.07 M
2019-05-31 18:41:12,27.0,111.48 M
2019-05-31 18:41:14,28.0,113.45 M
2019-05-31 18:41:16,22.0,112.88 M
2019-05-31 18:41:18,25.0,113.14 M
2019-05-31 18:41:20,22.0,112.48 M
2019-05-31 18:41:22,26.0,112.48 M
2019-05-31 18:41:24,24.0,113.82 M
2019-05-31 18:41:26,26.0,112.77 M
2019-05-31 18:41:28,25.0,113.88 M
2019-05-31 18:41:30,28.0,113.59 M
2019-05-31 18:41:32,22.0,115.63 M
2019-05-31 18:41:34,27.0,114.56 M
2019-05-31 18:41:36,25.0,114.82 M
2019-05-31 18:41:38,24.0,114.23 M
2019-05-31 18:41:40,34.0,113.77 M
2019-05-31 18:41:42,28.0,115.56 M
2019-05-31 18:41:44,29.0,117.95 M
2019-05-31 18:41:46,28.0,115.07 M
2019-05-31 18:41:48,31.0,117.12 M
2019-05-31 18:41:50,23.0,115.94 M
2019-05-31 18:41:52,21.0,115.94 M
2019-05-31 18:41:54,19.0,113.55 M
2019-05-31 18:41:56,25.0,115.08 M
2019-05-31 18:41:58,27.0,116.39 M
2019-05-31 18:42:00,31.0,116.89 M
2019-05-31 18:42:02,28.0,118.09 M
2019-05-31 18:42:04,31.0,117.38 M
2019-05-31 18:42:07,25.0,118.04 M
2019-05-31 18:42:09,23.0,119.91 M
2019-05-31 18:42:11,27.0,120.16 M
2019-05-31 18:42:13,30.0,119.82 M
2019-05-31 18:42:15,32.0,118.04 M
2019-05-31 18:42:17,27.0,119.92 M
2019-05-31 18:42:19,23.0,121.14 M
2019-05-31 18:42:21,24.0,121.39 M
2019-05-31 18:42:23,28.0,119.30 M
2019-05-31 18:42:25,31.0,119.61 M
2019-05-31 18:42:27,25.0,121.92 M
2019-05-31 18:42:29,32.0,116.08 M
2019-05-31 18:42:31,26.0,116.54 M
2019-05-31 18:42:33,23.0,117.61 M
2019-05-31 18:42:35,24.0,118.89 M
2019-05-31 18:42:37,24.0,121.02 M
2019-05-31 18:42:39,38.0,120.52 M
2019-05-31 18:42:41,23.0,121.43 M
2019-05-31 18:42:43,35.0,119.73 M
2019-05-31 18:42:45,29.0,121.33 M
2019-05-31 18:42:47,29.0,123.96 M
2019-05-31 18:42:49,27.0,125.23 M
2019-05-31 18:42:51,23.0,122.21 M
2019-05-31 18:42:53,26.0,122.21 M
2019-05-31 18:42:55,26.0,123.30 M
2019-05-31 18:42:58,59.9,57.71 M
2019-05-31 18:43:00,46.9,68.23 M
2019-05-31 18:43:02,38.0,85.48 M
2019-05-31 18:43:04,36.0,92.05 M
2019-05-31 18:43:06,35.0,93.04 M
2019-05-31 18:43:08,32.0,96.80 M
2019-05-31 18:43:10,32.0,95.03 M
2019-05-31 18:43:12,32.0,97.40 M
2019-05-31 18:43:14,32.0,96.99 M
2019-05-31 18:43:16,35.0,98.21 M
2019-05-31 18:43:18,34.0,98.84 M
2019-05-31 18:43:20,61.0,56.68 M
2019-05-31 18:43:22,44.9,72.67 M
2019-05-31 18:43:24,38.0,87.46 M
2019-05-31 18:43:26,36.0,90.55 M
2019-05-31 18:43:28,30.0,91.35 M
2019-05-31 18:43:30,29.0,93.80 M
2019-05-31 18:43:32,28.0,93.52 M
2019-05-31 18:43:34,36.0,96.50 M
2019-05-31 18:43:36,36.0,96.79 M
2019-05-31 18:43:38,42.9,97.43 M
2019-05-31 18:43:40,35.0,99.46 M
2019-05-31 18:43:42,30.0,96.51 M
2019-05-31 18:43:44,29.0,98.44 M
2019-05-31 18:43:46,33.0,99.86 M
2019-05-31 18:43:48,33.0,98.37 M
2019-05-31 18:43:50,29.0,100.56 M
2019-05-31 18:43:52,34.0,99.29 M
2019-05-31 18:43:54,26.0,101.27 M
2019-05-31 18:43:56,24.0,101.66 M
2019-05-31 18:43:58,32.0,97.87 M
2019-05-31 18:44:00,23.0,99.57 M
2019-05-31 18:44:02,31.0,98.95 M
2019-05-31 18:44:04,30.0,100.71 M
2019-05-31 18:44:06,38.0,103.43 M
2019-05-31 18:44:08,33.0,100.71 M
2019-05-31 18:44:10,30.0,103.12 M
2019-05-31 18:44:12,35.0,100.33 M
2019-05-31 18:44:14,22.0,100.33 M
2019-05-31 18:44:16,31.0,101.96 M
2019-05-31 18:44:18,27.0,100.28 M
2019-05-31 18:44:20,26.0,102.18 M
2019-05-31 18:44:22,26.0,99.58 M
2019-05-31 18:44:24,30.0,101.77 M
2019-05-31 18:44:26,25.0,102.16 M
2019-05-31 18:44:28,25.0,102.41 M
2019-05-31 18:44:30,29.0,102.18 M
2019-05-31 18:44:32,29.0,102.68 M
2019-05-31 18:44:34,31.0,104.60 M
2019-05-31 18:44:36,28.0,103.64 M
2019-05-31 18:44:38,32.0,103.64 M
2019-05-31 18:44:40,28.0,102.27 M
2019-05-31 18:44:42,30.0,102.51 M
2019-05-31 18:44:44,28.0,105.16 M
2019-05-31 18:44:46,25.0,104.59 M
2019-05-31 18:44:48,22.0,105.85 M
2019-05-31 18:44:50,26.0,105.73 M
2019-05-31 18:44:52,24.0,105.73 M
2019-05-31 18:44:54,25.0,107.55 M
2019-05-31 18:44:57,20.0,108.07 M
2019-05-31 18:44:59,30.0,109.29 M
2019-05-31 18:45:01,27.0,106.14 M
2019-05-31 18:45:03,20.0,106.75 M
2019-05-31 18:45:05,27.0,104.63 M
2019-05-31 18:45:07,25.0,106.32 M
2019-05-31 18:45:09,30.0,107.05 M
2019-05-31 18:45:11,27.0,107.96 M
2019-05-31 18:45:13,25.0,109.87 M
2019-05-31 18:45:15,36.0,106.23 M
2019-05-31 18:45:17,29.0,108.53 M
2019-05-31 18:45:19,23.0,109.15 M
2019-05-31 18:45:21,25.0,109.15 M
2019-05-31 18:45:23,27.0,110.42 M
2019-05-31 18:45:25,31.0,107.16 M
2019-05-31 18:45:27,26.0,108.60 M
2019-05-31 18:45:29,32.0,108.57 M
2019-05-31 18:45:31,25.0,108.81 M
2019-05-31 18:45:33,25.0,109.54 M
2019-05-31 18:45:35,32.0,110.05 M
2019-05-31 18:45:37,31.0,112.68 M
2019-05-31 18:45:39,30.0,108.62 M
2019-05-31 18:45:41,26.0,109.73 M
2019-05-31 18:45:43,29.0,112.36 M
2019-05-31 18:45:45,33.0,110.71 M
2019-05-31 18:45:47,26.0,111.87 M
2019-05-31 18:45:49,25.0,110.05 M
2019-05-31 18:45:51,28.0,111.59 M
2019-05-31 18:45:53,25.0,110.15 M
2019-05-31 18:45:55,25.0,111.03 M
2019-05-31 18:45:57,18.0,112.50 M
2019-05-31 18:45:59,30.0,114.66 M
2019-05-31 18:46:01,26.0,112.73 M
2019-05-31 18:46:03,19.0,112.73 M
2019-05-31 18:46:05,26.0,112.76 M
2019-05-31 18:46:07,20.0,113.02 M
2019-05-31 18:46:09,23.0,114.47 M
2019-05-31 18:46:11,19.0,114.47 M
2019-05-31 18:46:13,23.0,114.06 M
2019-05-31 18:46:15,36.0,113.19 M
2019-05-31 18:46:17,22.0,114.84 M
2019-05-31 18:46:19,31.0,113.33 M
2019-05-31 18:46:21,27.0,114.29 M
2019-05-31 18:46:23,25.0,115.25 M
2019-05-31 18:46:25,28.0,115.50 M
2019-05-31 18:46:27,26.0,116.27 M
2019-05-31 18:46:29,20.0,116.27 M
2019-05-31 18:46:31,29.0,116.45 M
2019-05-31 18:46:33,33.0,115.08 M
2019-05-31 18:46:35,25.0,116.47 M
2019-05-31 18:46:37,27.0,115.23 M
2019-05-31 18:46:39,25.0,116.48 M
2019-05-31 18:46:41,19.0,118.85 M
2019-05-31 18:46:43,27.0,118.85 M
2019-05-31 18:46:45,22.0,116.28 M
2019-05-31 18:46:47,28.0,116.59 M
2019-05-31 18:46:49,27.0,119.14 M
2019-05-31 18:46:51,38.0,117.08 M
2019-05-31 18:46:53,26.0,118.62 M
2019-05-31 18:46:55,20.0,120.00 M
2019-05-31 18:46:57,27.0,120.00 M
2019-05-31 18:46:59,24.0,119.82 M
2019-05-31 18:47:01,33.0,118.98 M
2019-05-31 18:47:03,31.0,120.78 M
2019-05-31 18:47:05,35.0,119.20 M
2019-05-31 18:47:07,25.0,120.96 M
2019-05-31 18:47:09,26.0,121.43 M
2019-05-31 18:47:11,34.0,118.20 M
2019-05-31 18:47:13,24.0,119.59 M
2019-05-31 18:47:15,40.0,120.75 M
2019-05-31 18:47:17,25.0,120.75 M
2019-05-31 18:47:19,26.0,122.85 M
2019-05-31 18:47:21,30.0,119.59 M
2019-05-31 18:47:23,25.0,121.47 M
2019-05-31 18:47:25,37.0,120.02 M
2019-05-31 18:47:27,21.0,121.81 M
2019-05-31 18:47:29,31.0,120.45 M
2019-05-31 18:47:31,28.0,122.67 M
2019-05-31 18:47:33,24.0,123.53 M
2019-05-31 18:47:35,26.0,123.53 M
2019-05-31 18:47:37,26.0,120.68 M
2019-05-31 18:47:39,30.0,121.47 M
2019-05-31 18:47:41,26.0,123.53 M
2019-05-31 18:47:43,29.0,118.46 M
2019-05-31 18:47:45,25.0,118.98 M
2019-05-31 18:47:47,27.0,120.82 M
2019-05-31 18:47:49,29.0,122.62 M
2019-05-31 18:47:55,54.9,54.82 M
2019-05-31 18:47:57,34.0,69.28 M
2019-05-31 18:47:59,40.9,85.45 M
2019-05-31 18:48:01,46.9,92.23 M
2019-05-31 18:48:03,38.0,93.22 M
2019-05-31 18:48:05,38.0,95.18 M
2019-05-31 18:48:07,43.9,94.86 M
2019-05-31 18:48:09,37.0,96.86 M
2019-05-31 18:48:11,36.0,98.47 M
2019-05-31 18:48:13,31.0,98.47 M
2019-05-31 18:48:15,37.0,99.06 M
2019-05-31 18:48:17,41.0,98.58 M
2019-05-31 18:48:19,39.0,99.29 M
2019-05-31 18:48:21,28.0,100.53 M
2019-05-31 18:48:23,24.0,100.53 M
2019-05-31 18:48:25,32.0,99.94 M
2019-05-31 18:48:27,26.0,97.32 M
2019-05-31 18:48:29,27.0,98.07 M
2019-05-31 18:48:31,27.0,101.02 M
2019-05-31 18:48:33,35.0,97.82 M
2019-05-31 18:48:35,26.0,99.33 M
2019-05-31 18:48:38,62.9,59.70 M
2019-05-31 18:48:40,50.9,73.42 M
2019-05-31 18:48:42,38.0,88.53 M
2019-05-31 18:48:44,36.0,93.34 M
2019-05-31 18:48:46,41.0,93.15 M
2019-05-31 18:48:48,30.0,95.35 M
2019-05-31 18:48:50,35.0,94.61 M
2019-05-31 18:48:52,34.0,96.52 M
2019-05-31 18:48:54,30.0,96.61 M
2019-05-31 18:48:56,40.0,97.31 M
2019-05-31 18:48:58,39.0,100.01 M
2019-05-31 18:49:00,32.0,98.22 M
2019-05-31 18:49:02,43.9,96.83 M
2019-05-31 18:49:04,36.0,99.02 M
2019-05-31 18:49:06,27.0,97.97 M
2019-05-31 18:49:08,31.0,99.46 M
2019-05-31 18:49:10,29.0,100.75 M
2019-05-31 18:49:12,31.0,97.79 M
2019-05-31 18:49:14,31.0,98.46 M
2019-05-31 18:49:16,31.0,100.34 M
2019-05-31 18:49:19,53.9,58.28 M
2019-05-31 18:49:21,51.0,71.23 M
2019-05-31 18:49:23,37.0,87.40 M
2019-05-31 18:49:25,36.0,92.98 M
2019-05-31 18:49:27,41.9,94.21 M
2019-05-31 18:49:29,39.0,96.95 M
2019-05-31 18:49:31,38.0,97.49 M
2019-05-31 18:49:33,39.0,97.19 M
2019-05-31 18:49:35,36.0,99.38 M
2019-05-31 18:49:37,29.0,97.24 M
2019-05-31 18:49:39,42.9,98.21 M
2019-05-31 18:49:41,37.0,100.42 M
2019-05-31 18:49:43,25.0,99.99 M
2019-05-31 18:49:45,36.0,98.52 M
2019-05-31 18:49:47,29.0,100.20 M
2019-05-31 18:49:49,28.0,100.55 M
2019-05-31 18:49:51,28.0,100.55 M
2019-05-31 18:49:53,37.0,100.20 M
2019-05-31 18:49:55,37.0,101.68 M
2019-05-31 18:49:59,51.9,57.22 M
2019-05-31 18:50:01,39.0,72.00 M
2019-05-31 18:50:03,34.0,88.01 M
2019-05-31 18:50:05,37.0,93.58 M
2019-05-31 18:50:07,49.9,97.33 M
2019-05-31 18:50:09,40.0,96.20 M
2019-05-31 18:50:11,47.0,98.59 M
2019-05-31 18:50:13,47.0,98.57 M
2019-05-31 18:50:15,9.0,97.05 M
2019-05-31 18:50:17,30.0,99.79 M
2019-05-31 18:50:19,44.9,98.29 M
2019-05-31 18:50:21,31.0,100.07 M
2019-05-31 18:50:23,46.9,102.28 M
2019-05-31 18:50:25,13.0,99.98 M
2019-05-31 18:50:27,34.0,100.21 M
2019-05-31 18:50:29,33.0,102.14 M
2019-05-31 18:50:31,41.0,99.27 M
2019-05-31 18:50:33,27.0,100.88 M
2019-05-31 18:50:35,23.0,102.81 M
2019-05-31 18:50:37,31.0,101.61 M
2019-05-31 18:50:39,28.0,103.55 M
2019-05-31 18:50:41,30.0,98.54 M
2019-05-31 18:50:43,29.0,100.01 M
2019-05-31 18:50:45,29.0,102.41 M
2019-05-31 18:50:47,30.0,102.41 M
2019-05-31 18:50:49,23.0,101.46 M
2019-05-31 18:50:51,33.0,101.59 M
2019-05-31 18:50:53,28.0,103.04 M
2019-05-31 18:50:55,30.0,100.51 M
2019-05-31 18:50:57,28.0,102.39 M
2019-05-31 18:50:59,30.0,102.54 M
2019-05-31 18:51:01,32.0,102.43 M
2019-05-31 18:51:03,25.0,104.13 M
2019-05-31 18:51:05,26.0,100.67 M
2019-05-31 18:51:07,30.0,102.68 M
2019-05-31 18:51:09,24.0,106.11 M
2019-05-31 18:51:11,25.0,106.61 M
2019-05-31 18:51:13,31.0,103.25 M
2019-05-31 18:51:15,37.0,103.42 M
2019-05-31 18:51:17,30.0,104.84 M
2019-05-31 18:51:19,23.0,105.74 M
2019-05-31 18:51:21,23.0,105.98 M
2019-05-31 18:51:23,30.0,107.85 M
2019-05-31 18:51:25,32.0,107.31 M
2019-05-31 18:51:27,29.0,108.05 M
2019-05-31 18:51:29,28.0,105.72 M
2019-05-31 18:51:31,25.0,105.97 M
2019-05-31 18:51:33,21.0,107.49 M
2019-05-31 18:51:35,30.0,108.01 M
2019-05-31 18:51:37,26.0,107.02 M
2019-05-31 18:51:39,26.0,106.11 M
2019-05-31 18:51:41,23.0,108.07 M
2019-05-31 18:51:43,28.0,109.68 M
2019-05-31 18:51:45,27.0,109.68 M
2019-05-31 18:51:47,29.0,107.08 M
2019-05-31 18:51:49,30.0,106.76 M
2019-05-31 18:51:51,27.0,107.66 M
2019-05-31 18:51:53,25.0,109.25 M
2019-05-31 18:51:55,24.0,109.77 M
2019-05-31 18:51:57,22.0,110.61 M
2019-05-31 18:51:59,27.0,110.61 M
2019-05-31 18:52:01,20.0,110.01 M
2019-05-31 18:52:03,32.0,108.86 M
2019-05-31 18:52:05,28.0,111.08 M
2019-05-31 18:52:07,33.0,109.95 M
2019-05-31 18:52:09,29.0,112.50 M
2019-05-31 18:52:11,32.0,110.65 M
2019-05-31 18:52:13,33.0,110.09 M
2019-05-31 18:52:15,26.0,111.76 M
2019-05-31 18:52:17,28.0,112.59 M
2019-05-31 18:52:19,32.0,110.33 M
2019-05-31 18:52:21,28.0,111.32 M
2019-05-31 18:52:23,27.0,113.41 M
2019-05-31 18:52:25,27.0,113.41 M
2019-05-31 18:52:27,28.0,111.88 M
2019-05-31 18:52:29,34.0,112.17 M
2019-05-31 18:52:31,30.0,113.20 M
2019-05-31 18:52:33,28.0,114.41 M
2019-05-31 18:52:35,31.0,114.92 M
2019-05-31 18:52:37,31.0,114.85 M
2019-05-31 18:52:39,34.0,112.61 M
2019-05-31 18:52:41,27.0,114.41 M
2019-05-31 18:52:43,26.0,113.95 M
2019-05-31 18:52:45,26.0,113.95 M
2019-05-31 18:52:47,30.0,114.16 M
2019-05-31 18:52:49,28.0,114.18 M
2019-05-31 18:52:51,32.0,116.89 M
2019-05-31 18:52:53,29.0,116.74 M
2019-05-31 18:52:55,30.0,113.07 M
2019-05-31 18:52:57,26.0,114.80 M
2019-05-31 18:52:59,30.0,117.40 M
2019-05-31 18:53:03,44.9,53.74 M
2019-05-31 18:53:05,56.0,77.57 M
2019-05-31 18:53:07,33.0,89.57 M
2019-05-31 18:53:09,40.0,94.98 M
2019-05-31 18:53:11,33.0,96.16 M
2019-05-31 18:53:13,31.0,97.79 M
2019-05-31 18:53:15,36.0,96.46 M
2019-05-31 18:53:17,40.0,98.17 M
2019-05-31 18:53:19,38.9,98.96 M
2019-05-31 18:53:21,40.9,100.17 M
2019-05-31 18:53:23,32.0,102.92 M
2019-05-31 18:53:25,31.0,99.90 M
2019-05-31 18:53:27,37.0,100.65 M
2019-05-31 18:53:29,33.0,102.35 M
2019-05-31 18:53:31,32.0,99.12 M
2019-05-31 18:53:33,28.0,101.01 M
2019-05-31 18:53:35,32.0,102.45 M
2019-05-31 18:53:37,37.0,99.79 M
2019-05-31 18:53:39,32.0,101.58 M
2019-05-31 18:53:41,28.0,102.08 M
2019-05-31 18:53:44,52.9,57.10 M
2019-05-31 18:53:46,39.0,68.04 M
2019-05-31 18:53:48,34.0,86.42 M
2019-05-31 18:53:50,40.0,91.79 M
2019-05-31 18:53:52,32.0,92.74 M
2019-05-31 18:53:54,34.0,95.19 M
2019-05-31 18:53:56,34.0,94.86 M
2019-05-31 18:53:58,30.0,96.06 M
2019-05-31 18:54:00,35.0,95.75 M
2019-05-31 18:54:02,29.0,97.97 M
2019-05-31 18:54:04,37.0,95.96 M
2019-05-31 18:54:06,30.0,96.98 M
2019-05-31 18:54:08,36.0,99.65 M
2019-05-31 18:54:10,39.0,96.88 M
2019-05-31 18:54:12,31.0,98.55 M
2019-05-31 18:54:14,30.0,97.75 M
2019-05-31 18:54:16,27.0,99.72 M
2019-05-31 18:54:18,28.0,100.59 M
2019-05-31 18:54:20,30.0,101.34 M
2019-05-31 18:54:22,31.0,101.43 M
2019-05-31 18:54:24,34.0,98.85 M
2019-05-31 18:54:26,27.0,100.38 M
2019-05-31 18:54:28,24.0,99.07 M
2019-05-31 18:54:30,27.0,101.10 M
2019-05-31 18:54:32,28.0,104.04 M
2019-05-31 18:54:34,34.0,100.95 M
2019-05-31 18:54:36,30.0,101.81 M
2019-05-31 18:54:38,29.0,100.05 M
2019-05-31 18:54:40,24.0,101.55 M
2019-05-31 18:54:42,26.0,101.46 M
2019-05-31 18:54:44,29.0,101.71 M
2019-05-31 18:54:46,22.0,102.30 M
2019-05-31 18:54:48,36.0,101.87 M
2019-05-31 18:54:50,26.0,103.50 M
2019-05-31 18:54:52,30.0,102.23 M
2019-05-31 18:54:54,24.0,103.67 M
2019-05-31 18:54:56,27.0,104.62 M
2019-05-31 18:54:58,23.0,107.10 M
2019-05-31 18:55:00,25.0,104.02 M
2019-05-31 18:55:02,25.0,104.02 M
2019-05-31 18:55:04,30.0,103.70 M
2019-05-31 18:55:06,32.0,102.11 M
2019-05-31 18:55:08,30.0,103.65 M
2019-05-31 18:55:10,28.0,102.68 M
2019-05-31 18:55:12,26.0,104.46 M
2019-05-31 18:55:14,28.0,105.00 M
2019-05-31 18:55:16,24.0,105.00 M
2019-05-31 18:55:18,31.0,104.92 M
2019-05-31 18:55:20,27.0,104.62 M
2019-05-31 18:55:22,27.0,104.72 M
2019-05-31 18:55:24,28.0,104.93 M
2019-05-31 18:55:26,23.0,107.84 M
2019-05-31 18:55:28,27.0,106.68 M
2019-05-31 18:55:30,37.0,105.67 M
2019-05-31 18:55:32,23.0,107.79 M
2019-05-31 18:55:34,27.0,108.02 M
2019-05-31 18:55:36,26.0,108.75 M
2019-05-31 18:55:38,30.0,107.10 M
2019-05-31 18:55:40,26.0,109.30 M
2019-05-31 18:55:42,24.0,107.74 M
2019-05-31 18:55:44,25.0,108.00 M
2019-05-31 18:55:46,25.0,109.58 M
2019-05-31 18:55:48,22.0,110.09 M
2019-05-31 18:55:51,22.0,105.78 M
2019-05-31 18:55:53,31.0,106.49 M
2019-05-31 18:55:55,25.0,107.61 M
2019-05-31 18:55:57,30.0,108.07 M
2019-05-31 18:55:59,23.0,109.35 M
2019-05-31 18:56:01,26.0,107.00 M
2019-05-31 18:56:03,24.0,107.75 M
2019-05-31 18:56:05,31.0,107.84 M
2019-05-31 18:56:07,27.0,110.30 M
2019-05-31 18:56:09,23.0,110.97 M
2019-05-31 18:56:11,23.0,110.97 M
2019-05-31 18:56:13,22.0,111.77 M
2019-05-31 18:56:15,19.0,112.03 M
2019-05-31 18:56:17,24.0,111.44 M
2019-05-31 18:56:19,28.0,110.40 M
2019-05-31 18:56:21,29.0,112.69 M
2019-05-31 18:56:23,33.0,110.90 M
2019-05-31 18:56:25,23.0,110.90 M
2019-05-31 18:56:27,24.0,110.52 M
2019-05-31 18:56:29,20.0,111.04 M
2019-05-31 18:56:31,27.0,112.99 M
2019-05-31 18:56:33,30.0,109.88 M
2019-05-31 18:56:35,25.0,110.89 M
2019-05-31 18:56:37,29.0,112.01 M
2019-05-31 18:56:39,33.0,112.01 M
2019-05-31 18:56:41,34.0,114.61 M
2019-05-31 18:56:43,32.0,111.52 M
2019-05-31 18:56:45,26.0,112.66 M
2019-05-31 18:56:47,30.0,113.36 M
2019-05-31 18:56:49,20.0,114.48 M
2019-05-31 18:56:51,28.0,114.61 M
2019-05-31 18:56:53,23.0,114.87 M
2019-05-31 18:56:55,25.0,115.40 M
2019-05-31 18:56:57,33.0,113.16 M
2019-05-31 18:56:59,23.0,115.06 M
2019-05-31 18:57:02,53.9,58.37 M
2019-05-31 18:57:05,50.0,58.07 M
2019-05-31 18:57:07,54.0,60.58 M
2019-05-31 18:57:09,51.0,73.22 M
2019-05-31 18:57:11,42.0,88.06 M
2019-05-31 18:57:13,40.0,91.95 M
2019-05-31 18:57:15,41.0,94.61 M
2019-05-31 18:57:17,39.0,95.36 M
2019-05-31 18:57:19,33.0,95.96 M
2019-05-31 18:57:21,39.0,94.15 M
2019-05-31 18:57:23,36.0,94.86 M
2019-05-31 18:57:25,37.0,95.56 M
2019-05-31 18:57:27,38.0,95.48 M
2019-05-31 18:57:29,41.9,96.20 M
2019-05-31 18:57:31,34.0,97.21 M
2019-05-31 18:57:33,35.0,97.46 M
2019-05-31 18:57:35,27.0,98.63 M
2019-05-31 18:57:37,32.0,96.80 M
2019-05-31 18:57:39,56.0,59.02 M
2019-05-31 18:57:41,48.0,74.35 M
2019-05-31 18:57:43,45.0,88.43 M
2019-05-31 18:57:45,37.0,91.63 M
2019-05-31 18:57:47,48.0,92.33 M
2019-05-31 18:57:49,38.0,94.05 M
2019-05-31 18:57:51,36.0,95.74 M
2019-05-31 18:57:53,41.0,95.16 M
2019-05-31 18:57:55,37.0,96.03 M
2019-05-31 18:57:57,29.0,96.92 M
2019-05-31 18:57:59,39.0,96.82 M
2019-05-31 18:58:01,32.0,98.99 M
2019-05-31 18:58:03,35.0,98.33 M
2019-05-31 18:58:05,32.0,96.91 M
2019-05-31 18:58:07,34.0,98.50 M
2019-05-31 18:58:09,27.0,98.42 M
2019-05-31 18:58:12,40.0,98.51 M
2019-05-31 18:58:14,61.0,57.21 M
2019-05-31 18:58:16,50.9,77.01 M
2019-05-31 18:58:18,44.9,87.81 M
2019-05-31 18:58:20,44.9,92.36 M
2019-05-31 18:58:22,49.9,93.85 M
2019-05-31 18:58:24,27.0,94.82 M
2019-05-31 18:58:26,37.0,96.73 M
2019-05-31 18:58:28,36.0,95.49 M
2019-05-31 18:58:30,39.0,95.91 M
2019-05-31 18:58:32,38.0,95.89 M
2019-05-31 18:58:34,37.0,98.54 M
2019-05-31 18:58:36,54.9,57.80 M
2019-05-31 18:58:38,50.9,73.32 M
2019-05-31 18:58:40,38.0,88.23 M
2019-05-31 18:58:42,36.0,92.11 M
2019-05-31 18:58:44,35.0,93.80 M
2019-05-31 18:58:46,30.0,95.57 M
2019-05-31 18:58:48,36.0,98.03 M
2019-05-31 18:58:50,31.0,98.26 M
2019-05-31 18:58:52,33.0,98.47 M
2019-05-31 18:58:54,35.0,97.65 M
2019-05-31 18:58:56,33.0,97.65 M
2019-05-31 18:58:58,27.0,99.25 M
2019-05-31 18:59:00,34.0,98.12 M
2019-05-31 18:59:02,31.0,100.31 M
2019-05-31 18:59:04,28.0,99.02 M
2019-05-31 18:59:06,34.0,97.12 M
2019-05-31 18:59:08,27.0,98.13 M
2019-05-31 18:59:10,30.0,100.03 M
2019-05-31 18:59:12,29.0,100.03 M
2019-05-31 18:59:14,32.0,99.57 M
2019-05-31 18:59:16,30.0,98.67 M
2019-05-31 18:59:18,32.0,100.71 M
2019-05-31 18:59:20,31.0,100.91 M
2019-05-31 18:59:22,27.0,100.25 M
2019-05-31 18:59:24,31.0,100.25 M
2019-05-31 18:59:26,30.0,101.07 M
2019-05-31 18:59:28,26.0,101.07 M
2019-05-31 18:59:30,25.0,100.52 M
2019-05-31 18:59:32,30.0,101.52 M
2019-05-31 18:59:34,23.0,103.35 M
2019-05-31 18:59:36,30.0,101.82 M
2019-05-31 18:59:38,27.0,103.73 M
2019-05-31 18:59:40,27.0,102.32 M
2019-05-31 18:59:42,34.0,102.47 M
2019-05-31 18:59:44,27.0,103.91 M
2019-05-31 18:59:46,34.0,105.31 M
2019-05-31 18:59:48,36.0,103.38 M
2019-05-31 18:59:50,28.0,104.96 M
2019-05-31 18:59:52,24.0,106.11 M
2019-05-31 18:59:54,30.0,107.40 M
2019-05-31 18:59:56,27.0,107.88 M
2019-05-31 18:59:58,29.0,105.34 M
2019-05-31 19:00:00,26.0,106.15 M
2019-05-31 19:00:02,26.0,106.39 M
2019-05-31 19:00:04,39.0,102.96 M
2019-05-31 19:00:06,34.0,104.98 M
2019-05-31 19:00:08,34.0,108.08 M
2019-05-31 19:00:10,32.0,106.57 M
2019-05-31 19:00:12,32.0,104.78 M
2019-05-31 19:00:14,12.0,104.78 M
2019-05-31 19:00:16,32.0,106.75 M
2019-05-31 19:00:18,28.0,105.96 M
2019-05-31 19:00:20,55.0,59.38 M
2019-05-31 19:00:22,13.0,65.57 M
2019-05-31 19:00:24,42.0,75.44 M
2019-05-31 19:00:26,60.9,91.68 M
2019-05-31 19:00:28,41.0,95.10 M
2019-05-31 19:00:30,47.0,95.23 M
2019-05-31 19:00:32,32.0,95.23 M
2019-05-31 19:00:34,34.0,98.11 M
2019-05-31 19:00:36,36.0,97.25 M
2019-05-31 19:00:38,27.0,99.19 M
2019-05-31 19:00:40,32.0,96.68 M
2019-05-31 19:00:42,38.0,98.59 M
2019-05-31 19:00:44,33.0,97.66 M
2019-05-31 19:00:46,25.0,97.88 M
2019-05-31 19:00:48,31.0,100.57 M
2019-05-31 19:00:50,30.0,100.91 M
2019-05-31 19:00:52,33.0,101.43 M
2019-05-31 19:00:55,28.0,101.97 M
2019-05-31 19:00:57,23.0,101.97 M
2019-05-31 19:00:59,30.0,102.14 M
2019-05-31 19:01:01,32.0,100.87 M
2019-05-31 19:01:03,24.0,102.80 M
2019-05-31 19:01:05,28.0,101.82 M
2019-05-31 19:01:07,18.0,103.02 M
2019-05-31 19:01:09,29.0,100.13 M
2019-05-31 19:01:11,29.0,101.75 M
2019-05-31 19:01:13,22.0,100.82 M
2019-05-31 19:01:15,21.0,103.24 M
2019-05-31 19:01:17,27.0,105.86 M
2019-05-31 19:01:19,34.0,104.96 M
2019-05-31 19:01:21,27.0,107.07 M
2019-05-31 19:01:23,31.0,102.47 M
2019-05-31 19:01:25,30.0,103.86 M
2019-05-31 19:01:27,24.0,105.40 M
2019-05-31 19:01:29,42.9,103.59 M
2019-05-31 19:01:31,26.0,104.80 M
2019-05-31 19:01:33,37.0,103.49 M
2019-05-31 19:01:35,28.0,104.99 M
2019-05-31 19:01:37,24.0,105.46 M
2019-05-31 19:01:39,29.0,105.46 M
2019-05-31 19:01:41,25.0,104.04 M
2019-05-31 19:01:43,32.0,103.60 M
2019-05-31 19:01:45,26.0,105.44 M
2019-05-31 19:01:47,38.0,105.72 M
2019-05-31 19:01:49,27.0,105.72 M
2019-05-31 19:01:51,23.0,106.27 M
2019-05-31 19:01:53,29.0,106.27 M
2019-05-31 19:01:55,26.0,108.41 M
2019-05-31 19:01:57,36.0,106.49 M
2019-05-31 19:01:59,23.0,108.93 M
2019-05-31 19:02:01,25.0,109.57 M
2019-05-31 19:02:03,25.0,109.82 M
2019-05-31 19:02:05,24.0,108.93 M
2019-05-31 19:02:07,36.0,107.52 M
2019-05-31 19:02:10,55.9,57.28 M
2019-05-31 19:02:12,38.0,68.54 M
2019-05-31 19:02:14,43.9,85.51 M
2019-05-31 19:02:16,40.0,90.94 M
2019-05-31 19:02:18,34.0,92.93 M
2019-05-31 19:02:20,47.9,94.37 M
2019-05-31 19:02:22,27.0,96.38 M
2019-05-31 19:02:24,30.0,97.82 M
2019-05-31 19:02:26,34.0,98.04 M
2019-05-31 19:02:28,34.0,98.27 M
2019-05-31 19:02:30,31.0,97.07 M
2019-05-31 19:02:32,31.0,98.46 M
2019-05-31 19:02:34,38.0,98.65 M
2019-05-31 19:02:36,30.0,101.63 M
2019-05-31 19:02:38,25.0,101.72 M
2019-05-31 19:02:40,26.0,101.72 M
2019-05-31 19:02:42,29.0,102.02 M
2019-05-31 19:02:44,28.0,99.94 M
2019-05-31 19:02:46,26.0,101.52 M
2019-05-31 19:02:48,35.0,99.95 M
2019-05-31 19:02:50,26.0,100.29 M
2019-05-31 19:02:52,25.0,102.91 M
2019-05-31 19:02:54,27.0,102.91 M
2019-05-31 19:02:56,26.0,103.28 M
2019-05-31 19:02:58,35.0,101.52 M
2019-05-31 19:03:00,33.0,103.24 M
2019-05-31 19:03:02,26.0,104.85 M
2019-05-31 19:03:04,27.0,105.09 M
2019-05-31 19:03:06,23.0,105.30 M
2019-05-31 19:03:08,27.0,101.97 M
2019-05-31 19:03:10,25.0,103.49 M
2019-05-31 19:03:12,39.9,102.61 M
2019-05-31 19:03:14,28.0,103.86 M
2019-05-31 19:03:16,24.0,104.28 M
2019-05-31 19:03:18,33.0,102.59 M
2019-05-31 19:03:20,24.0,104.23 M
2019-05-31 19:03:22,29.0,104.15 M
2019-05-31 19:03:24,27.0,106.04 M
2019-05-31 19:03:26,26.0,107.37 M
2019-05-31 19:03:28,30.0,105.59 M
2019-05-31 19:03:30,24.0,107.36 M
2019-05-31 19:03:32,22.0,106.67 M
2019-05-31 19:03:34,20.0,108.41 M
2019-05-31 19:03:36,25.0,109.18 M
2019-05-31 19:03:38,33.0,108.17 M
2019-05-31 19:03:40,27.0,110.02 M
2019-05-31 19:03:42,32.0,108.59 M
2019-05-31 19:03:44,27.0,110.63 M
2019-05-31 19:03:46,24.0,108.77 M
2019-05-31 19:03:49,27.0,106.71 M
2019-05-31 19:03:51,28.0,108.23 M
2019-05-31 19:03:53,27.0,107.78 M
2019-05-31 19:03:55,26.0,108.03 M
2019-05-31 19:03:57,25.0,106.82 M
2019-05-31 19:03:59,31.0,106.72 M
2019-05-31 19:04:02,52.0,57.65 M
2019-05-31 19:04:04,48.9,68.22 M
2019-05-31 19:04:06,37.0,86.85 M
2019-05-31 19:04:08,38.0,91.17 M
2019-05-31 19:04:10,37.0,93.35 M
2019-05-31 19:04:12,33.0,96.03 M
2019-05-31 19:04:14,37.0,97.04 M
2019-05-31 19:04:16,28.0,94.93 M
2019-05-31 19:04:18,37.0,95.12 M
2019-05-31 19:04:20,29.0,98.05 M
2019-05-31 19:04:22,34.0,96.74 M
2019-05-31 19:04:24,31.0,98.12 M
2019-05-31 19:04:26,30.0,98.48 M
2019-05-31 19:04:28,37.0,100.76 M
2019-05-31 19:04:30,44.9,96.21 M
2019-05-31 19:04:32,26.0,97.18 M
2019-05-31 19:04:34,37.0,99.56 M
2019-05-31 19:04:36,24.0,99.56 M
2019-05-31 19:04:38,28.0,101.22 M
2019-05-31 19:04:40,31.0,101.35 M
2019-05-31 19:04:42,27.0,103.80 M
2019-05-31 19:04:44,39.0,98.28 M
2019-05-31 19:04:46,28.0,99.89 M
2019-05-31 19:04:48,26.0,102.80 M
2019-05-31 19:04:50,27.0,103.23 M
2019-05-31 19:04:52,19.0,100.85 M
2019-05-31 19:04:54,30.0,98.48 M
2019-05-31 19:04:56,26.0,101.13 M
2019-05-31 19:04:58,36.0,100.61 M
2019-05-31 19:05:00,31.0,100.61 M
2019-05-31 19:05:02,27.0,103.23 M
2019-05-31 19:05:04,30.0,102.49 M
2019-05-31 19:05:06,28.0,104.88 M
2019-05-31 19:05:08,26.0,102.04 M
2019-05-31 19:05:10,35.0,101.30 M
2019-05-31 19:05:12,38.0,102.88 M
2019-05-31 19:05:14,33.0,100.89 M
2019-05-31 19:05:16,25.0,101.68 M
2019-05-31 19:05:18,29.0,105.06 M
2019-05-31 19:05:20,33.0,103.54 M
2019-05-31 19:05:22,25.0,105.41 M
2019-05-31 19:05:24,33.0,102.51 M
2019-05-31 19:05:26,32.0,103.86 M
2019-05-31 19:05:28,28.0,106.70 M
2019-05-31 19:05:30,56.9,59.85 M
2019-05-31 19:05:32,56.0,72.15 M
2019-05-31 19:05:34,33.0,88.27 M
2019-05-31 19:05:36,40.0,91.73 M
2019-05-31 19:05:38,36.0,92.48 M
2019-05-31 19:05:40,35.0,94.65 M
2019-05-31 19:05:42,38.0,93.81 M
2019-05-31 19:05:44,30.0,96.31 M
2019-05-31 19:05:46,33.0,98.50 M
2019-05-31 19:05:48,35.0,98.50 M
2019-05-31 19:05:50,27.0,97.12 M
2019-05-31 19:05:52,34.0,97.83 M
2019-05-31 19:05:54,35.0,96.94 M
2019-05-31 19:05:56,42.0,96.89 M
2019-05-31 19:05:58,30.0,98.93 M
2019-05-31 19:06:00,24.0,99.05 M
2019-05-31 19:06:02,32.0,99.05 M
2019-05-31 19:06:04,32.0,97.79 M
2019-05-31 19:06:06,32.0,97.50 M
2019-05-31 19:06:08,28.0,99.38 M
2019-05-31 19:06:10,31.0,99.65 M
2019-05-31 19:06:12,26.0,99.65 M
2019-05-31 19:06:14,27.0,100.01 M
2019-05-31 19:06:16,31.0,100.94 M
2019-05-31 19:06:18,29.0,102.91 M
2019-05-31 19:06:20,28.0,102.66 M
2019-05-31 19:06:22,41.9,102.80 M
2019-05-31 19:06:24,28.0,105.27 M
2019-05-31 19:06:26,34.0,103.45 M
2019-05-31 19:06:28,26.0,105.20 M
2019-05-31 19:06:30,28.0,103.39 M
2019-05-31 19:06:32,22.0,103.39 M
2019-05-31 19:06:34,24.0,100.73 M
2019-05-31 19:06:36,32.0,101.12 M
2019-05-31 19:06:39,27.0,102.82 M
2019-05-31 19:06:41,31.0,100.73 M
2019-05-31 19:06:43,29.0,102.86 M
2019-05-31 19:06:45,24.0,103.27 M
2019-05-31 19:06:47,38.0,100.89 M
2019-05-31 19:06:49,20.0,103.07 M
2019-05-31 19:06:51,36.0,102.59 M
2019-05-31 19:06:53,17.0,104.03 M
2019-05-31 19:06:55,24.0,102.84 M
2019-05-31 19:06:57,56.9,58.33 M
2019-05-31 19:06:59,52.9,69.02 M
2019-05-31 19:07:01,41.0,85.71 M
2019-05-31 19:07:03,33.0,91.32 M
2019-05-31 19:07:05,41.0,92.60 M
2019-05-31 19:07:07,33.0,95.27 M
2019-05-31 19:07:09,40.9,95.75 M
2019-05-31 19:07:11,32.0,97.71 M
2019-05-31 19:07:13,34.0,98.64 M
2019-05-31 19:07:15,29.0,99.15 M
2019-05-31 19:07:17,35.0,96.75 M
2019-05-31 19:07:19,36.0,97.86 M
2019-05-31 19:07:21,30.0,100.13 M
2019-05-31 19:07:23,34.0,98.00 M
2019-05-31 19:07:25,28.0,99.66 M
2019-05-31 19:07:27,30.0,97.55 M
2019-05-31 19:07:29,28.0,99.50 M
2019-05-31 19:07:31,29.0,99.08 M
2019-05-31 19:07:33,50.9,98.32 M
2019-05-31 19:07:35,26.0,100.02 M
2019-05-31 19:07:37,32.0,99.56 M
2019-05-31 19:07:39,29.0,101.57 M
2019-05-31 19:07:41,27.0,102.73 M
2019-05-31 19:07:43,23.0,102.73 M
2019-05-31 19:07:45,28.0,101.90 M
2019-05-31 19:07:47,24.0,102.42 M
2019-05-31 19:07:49,25.0,103.37 M
2019-05-31 19:07:51,28.0,103.37 M
2019-05-31 19:07:53,25.0,102.91 M
2019-05-31 19:07:55,29.0,99.57 M
2019-05-31 19:07:57,27.0,100.67 M
2019-05-31 19:07:59,26.0,100.05 M
2019-05-31 19:08:01,22.0,100.05 M
2019-05-31 19:08:03,22.0,100.49 M
2019-05-31 19:08:05,29.0,99.75 M
2019-05-31 19:08:07,28.0,100.48 M
2019-05-31 19:08:09,33.0,101.18 M
2019-05-31 19:08:11,27.0,102.51 M
2019-05-31 19:08:13,27.0,101.68 M
2019-05-31 19:08:15,30.0,101.68 M
2019-05-31 19:08:18,67.0,63.99 M
2019-05-31 19:08:20,53.9,77.77 M
2019-05-31 19:08:22,51.9,91.39 M
2019-05-31 19:08:24,45.9,93.38 M
2019-05-31 19:08:26,39.0,95.27 M
2019-05-31 19:08:28,35.0,95.10 M
2019-05-31 19:08:30,32.0,95.83 M
2019-05-31 19:08:32,41.9,98.20 M
2019-05-31 19:08:34,37.0,97.25 M
2019-05-31 19:08:36,43.0,97.71 M
2019-05-31 19:08:38,43.0,99.15 M
2019-05-31 19:08:40,23.0,100.06 M
2019-05-31 19:08:42,32.0,97.51 M
2019-05-31 19:08:44,32.0,99.75 M
2019-05-31 19:08:46,31.0,99.17 M
2019-05-31 19:08:48,35.0,98.16 M
2019-05-31 19:08:50,34.0,99.82 M
2019-05-31 19:08:52,24.0,100.70 M
2019-05-31 19:08:54,39.0,101.36 M
2019-05-31 19:08:56,35.0,100.32 M
2019-05-31 19:08:58,31.0,101.98 M
2019-05-31 19:09:00,37.0,103.39 M
2019-05-31 19:09:02,38.0,101.89 M
2019-05-31 19:09:04,35.0,104.09 M
2019-05-31 19:09:06,30.0,105.34 M
2019-05-31 19:09:08,36.0,102.55 M
2019-05-31 19:09:10,38.0,104.05 M
2019-05-31 19:09:12,25.0,103.82 M
2019-05-31 19:09:14,37.0,102.50 M
2019-05-31 19:09:16,32.0,101.44 M
2019-05-31 19:09:18,31.0,103.32 M
2019-05-31 19:09:20,31.0,102.72 M
2019-05-31 19:09:22,31.0,100.64 M
2019-05-31 19:09:24,29.0,102.37 M
2019-05-31 19:09:26,33.0,101.41 M
2019-05-31 19:09:28,32.0,103.88 M
2019-05-31 19:09:30,40.0,102.77 M
2019-05-31 19:09:32,35.0,104.14 M
2019-05-31 19:09:34,31.0,105.48 M
2019-05-31 19:09:37,33.0,106.08 M
2019-05-31 19:09:39,34.0,105.11 M
2019-05-31 19:09:41,35.0,106.62 M
2019-05-31 19:09:43,23.0,106.66 M
2019-05-31 19:09:45,36.0,108.24 M
2019-05-31 19:09:47,27.0,108.48 M
2019-05-31 19:09:49,31.0,110.31 M
2019-05-31 19:09:51,22.0,109.02 M
2019-05-31 19:09:53,34.0,106.62 M
2019-05-31 19:09:55,27.0,107.11 M
2019-05-31 19:09:57,31.0,105.88 M
2019-05-31 19:09:59,54.9,59.88 M
2019-05-31 19:10:01,52.9,77.55 M
2019-05-31 19:10:03,37.0,91.02 M
2019-05-31 19:10:05,43.0,93.30 M
2019-05-31 19:10:07,40.0,93.93 M
2019-05-31 19:10:09,50.9,95.85 M
2019-05-31 19:10:11,40.0,94.85 M
2019-05-31 19:10:13,10.0,96.23 M
2019-05-31 19:10:15,20.0,95.70 M
2019-05-31 19:10:17,33.0,97.41 M
2019-05-31 19:10:19,33.0,96.92 M
2019-05-31 19:10:21,38.0,96.26 M
2019-05-31 19:10:23,34.0,96.70 M
2019-05-31 19:10:25,10.0,98.11 M
2019-05-31 19:10:27,34.0,98.11 M
2019-05-31 19:10:29,34.0,97.79 M
2019-05-31 19:10:31,42.0,97.29 M
2019-05-31 19:10:33,29.0,99.03 M
2019-05-31 19:10:35,37.0,97.91 M
2019-05-31 19:10:37,32.0,99.79 M
2019-05-31 19:10:39,38.0,98.53 M
2019-05-31 19:10:41,26.0,99.64 M
2019-05-31 19:10:43,31.0,98.32 M
2019-05-31 19:10:45,32.0,97.43 M
2019-05-31 19:10:47,43.9,99.94 M
2019-05-31 19:10:49,29.0,99.83 M
2019-05-31 19:10:51,35.0,101.22 M
2019-05-31 19:10:53,37.0,100.05 M
2019-05-31 19:10:55,41.0,100.10 M
2019-05-31 19:10:57,32.0,101.61 M
2019-05-31 19:10:59,32.0,102.33 M
2019-05-31 19:11:01,33.0,100.75 M
2019-05-31 19:11:03,27.0,102.97 M
2019-05-31 19:11:05,29.0,103.11 M
2019-05-31 19:11:07,31.0,102.34 M
2019-05-31 19:11:09,30.0,102.93 M
2019-05-31 19:11:11,27.0,104.18 M
2019-05-31 19:11:13,30.0,105.32 M
2019-05-31 19:11:15,34.0,104.27 M
2019-05-31 19:11:17,31.0,102.46 M
2019-05-31 19:11:19,36.0,104.48 M
2019-05-31 19:11:21,28.0,104.81 M
2019-05-31 19:11:23,35.0,103.51 M
2019-05-31 19:11:25,32.0,104.91 M
2019-05-31 19:11:27,30.0,103.78 M
2019-05-31 19:11:29,39.0,104.71 M
2019-05-31 19:11:31,34.0,105.29 M
2019-05-31 19:11:33,39.0,105.79 M
2019-05-31 19:11:35,30.0,107.82 M
2019-05-31 19:11:37,28.0,107.15 M
2019-05-31 19:11:39,52.0,57.46 M
2019-05-31 19:11:41,40.0,66.88 M
2019-05-31 19:11:43,44.9,83.93 M
2019-05-31 19:11:45,38.0,89.95 M
2019-05-31 19:11:47,31.0,92.69 M
2019-05-31 19:11:49,44.9,95.09 M
2019-05-31 19:11:51,26.0,95.83 M
2019-05-31 19:11:53,41.0,94.68 M
2019-05-31 19:11:55,31.0,95.57 M
2019-05-31 19:11:57,34.0,96.81 M
2019-05-31 19:11:59,41.0,96.85 M
2019-05-31 19:12:01,34.0,97.37 M
2019-05-31 19:12:03,33.0,97.47 M
2019-05-31 19:12:05,34.0,96.32 M
2019-05-31 19:12:07,30.0,98.25 M
2019-05-31 19:12:09,39.0,99.86 M
2019-05-31 19:12:11,26.0,99.86 M
2019-05-31 19:12:13,31.0,99.13 M
2019-05-31 19:12:15,41.0,97.61 M
2019-05-31 19:12:17,23.0,99.34 M
2019-05-31 19:12:19,32.0,99.19 M
2019-05-31 19:12:21,30.0,100.85 M
2019-05-31 19:12:23,24.0,100.81 M
2019-05-31 19:12:25,21.0,101.07 M
2019-05-31 19:12:28,31.0,98.69 M
2019-05-31 19:12:30,31.0,98.16 M
2019-05-31 19:12:32,27.0,99.88 M
2019-05-31 19:12:34,31.0,98.64 M
2019-05-31 19:12:36,21.0,100.62 M
2019-05-31 19:12:38,25.0,101.74 M
2019-05-31 19:12:40,27.0,102.25 M
2019-05-31 19:12:42,31.0,100.29 M
2019-05-31 19:12:44,31.0,99.89 M
2019-05-31 19:12:46,29.0,101.16 M
2019-05-31 19:12:48,21.0,101.00 M
2019-05-31 19:12:50,33.0,99.84 M
2019-05-31 19:12:52,24.0,100.85 M
2019-05-31 19:12:54,27.0,101.45 M
2019-05-31 19:12:56,26.0,101.45 M
2019-05-31 19:12:58,27.0,102.38 M
2019-05-31 19:13:00,29.0,100.61 M
2019-05-31 19:13:02,30.0,102.79 M
2019-05-31 19:13:04,22.0,101.01 M
2019-05-31 19:13:06,29.0,102.95 M
2019-05-31 19:13:08,20.0,102.03 M
2019-05-31 19:13:10,24.0,102.03 M
2019-05-31 19:13:12,22.0,103.40 M
2019-05-31 19:13:14,30.0,103.17 M
2019-05-31 19:13:16,28.0,104.43 M
2019-05-31 19:13:18,24.0,103.03 M
2019-05-31 19:13:20,27.0,103.03 M
2019-05-31 19:13:22,26.0,102.74 M
2019-05-31 19:13:24,26.0,102.28 M
2019-05-31 19:13:26,26.0,103.54 M
2019-05-31 19:13:28,33.0,101.99 M
2019-05-31 19:13:30,28.0,103.64 M
2019-05-31 19:13:32,27.0,104.39 M
2019-05-31 19:13:34,25.0,103.59 M
2019-05-31 19:13:36,23.0,104.62 M
2019-05-31 19:13:38,29.0,102.94 M
2019-05-31 19:13:41,61.0,59.14 M
2019-05-31 19:13:43,48.0,69.72 M
2019-05-31 19:13:45,48.0,88.19 M
2019-05-31 19:13:47,36.0,92.72 M
2019-05-31 19:13:49,45.9,93.94 M
2019-05-31 19:13:51,41.0,94.08 M
2019-05-31 19:13:53,36.0,96.00 M
2019-05-31 19:13:55,43.9,94.18 M
2019-05-31 19:13:57,32.0,94.79 M
2019-05-31 19:13:59,32.0,96.59 M
2019-05-31 19:14:01,38.0,97.36 M
2019-05-31 19:14:03,31.0,97.27 M
2019-05-31 19:14:05,37.0,96.99 M
2019-05-31 19:14:07,43.9,96.97 M
2019-05-31 19:14:09,42.0,97.11 M
2019-05-31 19:14:11,28.0,98.25 M
2019-05-31 19:14:13,31.0,98.25 M
2019-05-31 19:14:15,43.0,56.74 M
2019-05-31 19:14:17,47.9,71.24 M
2019-05-31 19:14:19,30.0,86.45 M
2019-05-31 19:14:21,41.9,91.49 M
2019-05-31 19:14:23,48.9,92.19 M
2019-05-31 19:14:25,40.9,94.14 M
2019-05-31 19:14:27,36.0,96.09 M
2019-05-31 19:14:29,44.0,97.28 M
2019-05-31 19:14:31,40.0,96.73 M
2019-05-31 19:14:33,36.0,98.70 M
2019-05-31 19:14:35,30.0,98.33 M
2019-05-31 19:14:37,43.9,100.49 M
2019-05-31 19:14:39,29.0,100.49 M
2019-05-31 19:14:41,34.0,100.98 M
2019-05-31 19:14:43,32.0,98.62 M
2019-05-31 19:14:45,55.9,58.23 M
2019-05-31 19:14:47,50.0,69.62 M
2019-05-31 19:14:49,39.0,87.03 M
2019-05-31 19:14:51,34.0,92.56 M
2019-05-31 19:14:53,34.0,94.00 M
2019-05-31 19:14:55,38.0,96.27 M
2019-05-31 19:14:57,39.0,98.46 M
2019-05-31 19:14:59,39.0,96.12 M
2019-05-31 19:15:01,35.0,98.51 M
2019-05-31 19:15:03,35.0,98.61 M
2019-05-31 19:15:06,30.0,99.12 M
2019-05-31 19:15:08,39.0,99.10 M
2019-05-31 19:15:10,44.9,98.16 M
2019-05-31 19:15:12,27.0,100.36 M
2019-05-31 19:15:14,29.0,102.19 M
2019-05-31 19:15:16,41.0,98.71 M
